#chan	code	gain	vt50	innse	comment
   0	   200	73.1	120.2	1868	high gain
   1	     0	71.3	126.6	1878	OK
   2	     0	70.8	124.2	1845	OK
   3	     0	70.1	129.8	1842	OK
   4	     0	67.9	114.7	1843	OK
   5	     0	69.5	127.6	1816	OK
   6	     0	67.5	114.9	1855	OK
   7	     0	69.5	124.1	1868	OK
   8	     0	68.3	114.6	1839	OK
   9	     0	68.3	120.2	1868	OK
  10	     0	68.8	119.4	1819	OK
  11	     0	67.5	118.4	1826	OK
  12	     0	67.9	117.9	1837	OK
  13	     0	69.9	119.0	1843	OK
  14	     0	69.1	126.3	1821	OK
  15	     0	68.3	114.5	1891	OK
  16	     0	67.0	121.8	1860	OK
  17	     0	67.3	120.4	1874	OK
  18	     0	67.9	118.3	1842	OK
  19	     0	66.5	119.6	1849	OK
  20	     0	67.0	122.7	1809	OK
  21	     0	68.5	122.7	1831	OK
  22	     0	67.2	120.4	1845	OK
  23	     0	67.3	117.5	1881	OK
  24	     0	69.0	123.5	1847	OK
  25	     0	66.5	114.8	1855	OK
  26	     0	68.7	121.9	1811	OK
  27	     0	68.3	120.6	1850	OK
  28	     0	67.2	116.5	1871	OK
  29	     0	69.2	122.1	1856	OK
  30	     0	68.5	116.6	1869	OK
  31	     0	67.4	119.9	1843	OK
  32	     0	66.4	122.8	1832	OK
  33	     0	68.2	119.1	1867	OK
  34	     0	67.8	117.4	1844	OK
  35	     0	68.9	121.7	1849	OK
  36	     0	67.1	115.9	1867	OK
  37	     0	67.5	117.8	1900	OK
  38	     0	68.8	125.1	1823	OK
  39	     0	69.3	116.8	1869	OK
  40	     0	67.0	115.4	1816	OK
  41	     0	69.7	118.8	1854	OK
  42	     0	66.5	114.6	1872	OK
  43	     0	69.3	120.3	1828	OK
  44	     0	68.6	117.9	1866	OK
  45	     0	69.9	126.6	1868	OK
  46	     0	67.9	117.4	1835	OK
  47	     0	67.5	123.7	1850	OK
  48	     0	66.7	112.9	1857	OK
  49	     0	67.1	119.3	1844	OK
  50	     0	67.3	119.2	1853	OK
  51	     0	68.7	119.8	1834	OK
  52	     0	68.0	116.7	1852	OK
  53	     0	68.8	123.9	1841	OK
  54	     0	69.6	119.5	1868	OK
  55	     0	67.7	123.8	1849	OK
  56	     0	67.9	118.7	1834	OK
  57	     0	68.6	123.4	1856	OK
  58	     0	67.0	117.3	1863	OK
  59	     0	68.2	124.2	1839	OK
  60	     0	70.1	117.2	1909	OK
  61	     0	69.3	119.2	1870	OK
  62	     0	71.3	128.7	1840	OK
  63	     0	70.7	126.5	1862	OK
  64	     0	67.9	116.4	1872	OK
  65	     0	67.3	118.2	1898	OK
  66	     0	67.4	117.9	1876	OK
  67	     0	68.1	125.8	1855	OK
  68	     0	67.8	115.2	1890	OK
  69	     0	68.0	117.1	1857	OK
  70	     0	66.2	122.2	1850	OK
  71	     0	69.6	121.2	1844	OK
  72	     0	67.0	125.3	1829	OK
  73	     0	65.9	115.2	1871	OK
  74	     0	67.9	106.4	1916	OK
  75	     0	66.1	118.0	1885	OK
  76	     0	68.5	130.8	1858	OK
  77	     0	69.0	118.1	1873	OK
  78	     0	67.1	113.2	1884	OK
  79	     0	66.0	113.9	1905	OK
  80	     0	69.1	107.1	1920	OK
  81	     0	65.3	116.1	1899	OK
  82	     0	68.7	119.8	1847	OK
  83	     0	67.8	113.3	1908	OK
  84	     0	65.7	115.1	1878	OK
  85	     0	67.2	116.3	1884	OK
  86	     0	66.1	135.6	1825	OK
  87	     0	68.0	123.2	1845	OK
  88	     0	67.1	112.8	1887	OK
  89	     0	67.9	120.4	1869	OK
  90	     0	66.8	114.2	1875	OK
  91	     0	68.5	116.4	1878	OK
  92	     0	65.1	118.5	1838	OK
  93	     0	67.3	115.8	1850	OK
  94	     0	68.3	154.6	1916	OK
  95	     0	67.5	112.8	1903	OK
  96	     0	67.8	116.9	1829	OK
  97	     0	69.1	91.9	1839	OK
  98	     0	67.7	117.9	1870	OK
  99	     0	67.8	112.8	1916	OK
 100	     0	68.5	114.9	1866	OK
 101	     0	68.2	114.1	1890	OK
 102	     0	67.7	122.5	1845	OK
 103	     0	68.2	118.1	1889	OK
 104	     0	67.5	115.9	1866	OK
 105	     0	66.6	114.6	1885	OK
 106	     0	66.6	114.2	1872	OK
 107	     0	67.3	115.4	1857	OK
 108	     0	68.1	118.7	1909	OK
 109	     0	67.4	118.0	1860	OK
 110	     0	66.2	119.4	1876	OK
 111	     0	68.5	117.5	1884	OK
 112	     0	67.5	115.7	1916	OK
 113	     0	66.7	115.7	1848	OK
 114	     0	65.5	114.1	1870	OK
 115	     0	68.3	114.7	1886	OK
 116	     0	67.2	117.0	1876	OK
 117	     0	66.0	119.0	1837	OK
 118	     0	66.3	117.9	1881	OK
 119	     0	66.5	117.9	1847	OK
 120	     0	66.7	114.9	1902	OK
 121	     0	67.9	114.6	1872	OK
 122	     0	68.0	122.4	1859	OK
 123	     0	66.7	111.1	1910	OK
 124	     0	67.1	110.1	1889	OK
 125	     0	67.6	116.5	1896	OK
 126	     0	69.8	125.8	1917	OK
 127	 80000	70.6	114.4	2006	very high noise
 128	     0	67.0	115.2	1992	OK
 129	     0	67.2	112.1	1997	OK
 130	     0	67.9	123.1	1932	OK
 131	     0	66.2	114.6	1972	OK
 132	     0	66.0	116.4	1905	OK
 133	     0	66.6	116.3	1895	OK
 134	     0	64.3	115.0	1908	OK
 135	     0	64.4	116.0	1971	OK
 136	     0	64.9	112.0	1937	OK
 137	     0	66.1	113.6	1936	OK
 138	     0	64.4	120.8	1896	OK
 139	     0	64.9	119.2	1903	OK
 140	     0	65.7	113.8	1897	OK
 141	     0	66.2	115.6	1936	OK
 142	     0	66.3	115.6	1919	OK
 143	     0	65.7	112.0	1925	OK
 144	     0	64.8	107.4	1917	OK
 145	     0	65.3	114.8	1904	OK
 146	     0	64.6	114.4	1940	OK
 147	     0	65.8	117.8	1891	OK
 148	     0	63.7	111.1	1907	OK
 149	     0	67.6	116.6	1903	OK
 150	     0	65.1	113.4	1907	OK
 151	     0	67.3	120.0	1927	OK
 152	     0	63.7	116.0	1901	OK
 153	     0	64.8	113.4	1927	OK
 154	     0	64.7	112.1	1928	OK
 155	     0	64.9	113.5	1924	OK
 156	     0	66.6	113.5	1918	OK
 157	     0	67.2	120.5	1923	OK
 158	     0	66.9	120.7	1915	OK
 159	     0	65.9	112.8	1927	OK
 160	     0	66.1	120.7	1896	OK
 161	     0	64.0	113.5	1924	OK
 162	     0	65.3	111.1	1920	OK
 163	     0	65.5	121.5	1906	OK
 164	     0	65.4	115.0	1937	OK
 165	     0	63.7	112.2	1905	OK
 166	     0	65.9	112.7	1941	OK
 167	     0	66.8	115.9	1922	OK
 168	     0	64.4	114.3	1941	OK
 169	     0	67.3	121.9	1899	OK
 170	     0	65.0	116.2	1900	OK
 171	     0	65.5	114.0	1899	OK
 172	     0	65.5	116.3	1879	OK
 173	     0	66.5	112.9	1961	OK
 174	     0	64.1	116.8	1902	OK
 175	     0	66.1	114.8	1944	OK
 176	     0	65.1	109.5	1955	OK
 177	     0	64.6	112.5	1943	OK
 178	     0	64.4	111.1	1978	OK
 179	     0	64.3	118.5	1922	OK
 180	     0	66.2	114.6	1894	OK
 181	     0	65.9	119.9	1893	OK
 182	     0	65.8	116.5	1910	OK
 183	     0	65.9	114.3	1931	OK
 184	     0	65.8	117.9	1910	OK
 185	     0	66.3	112.0	1932	OK
 186	     0	66.2	120.4	1887	OK
 187	     0	65.6	115.2	1917	OK
 188	     0	67.7	113.6	1944	OK
 189	     0	68.2	125.8	1885	OK
 190	     0	68.5	115.1	1921	OK
 191	     0	70.3	120.0	1905	OK
 192	     0	68.0	119.7	1844	OK
 193	     0	68.7	120.3	1907	OK
 194	     0	68.8	121.7	1874	OK
 195	     0	65.0	113.8	1916	OK
 196	     0	65.8	109.3	1923	OK
 197	     0	68.3	123.9	1895	OK
 198	     0	64.7	113.8	1892	OK
 199	     0	66.9	111.8	1943	OK
 200	     0	66.8	117.3	1928	OK
 201	     0	65.6	111.7	1908	OK
 202	     0	65.2	112.1	1921	OK
 203	     0	67.5	116.2	1925	OK
 204	     0	67.2	114.0	1888	OK
 205	     0	66.6	116.4	1916	OK
 206	     0	65.1	116.5	1899	OK
 207	     0	67.4	120.1	1910	OK
 208	     0	64.3	116.9	1877	OK
 209	     0	66.6	121.4	1910	OK
 210	     0	67.3	117.3	1905	OK
 211	     0	68.1	111.6	1921	OK
 212	     0	66.0	117.7	1898	OK
 213	     0	65.4	115.5	1897	OK
 214	     0	66.5	111.2	1953	OK
 215	     0	67.6	113.9	1936	OK
 216	     0	67.6	114.1	1929	OK
 217	     0	66.2	112.4	1949	OK
 218	     0	67.2	115.7	1903	OK
 219	     0	66.7	116.8	1887	OK
 220	     0	67.4	97.2	1892	OK
 221	     0	67.1	114.6	1917	OK
 222	     0	66.3	112.9	1916	OK
 223	     0	66.8	114.6	1915	OK
 224	     0	66.8	112.7	1920	OK
 225	     0	65.8	118.7	1922	OK
 226	     0	65.8	112.4	1932	OK
 227	     0	66.7	116.8	1894	OK
 228	     0	67.9	114.5	1926	OK
 229	     0	66.1	117.1	1938	OK
 230	     0	65.8	114.6	1873	OK
 231	     0	66.4	116.6	1910	OK
 232	     0	67.3	120.2	1899	OK
 233	     0	66.7	117.9	1932	OK
 234	     0	67.3	115.6	1890	OK
 235	     0	66.8	111.7	1928	OK
 236	     0	65.5	117.8	1885	OK
 237	     0	65.7	113.4	1894	OK
 238	     0	67.1	124.0	1896	OK
 239	     0	67.4	113.2	1896	OK
 240	     0	68.2	121.0	1907	OK
 241	     0	65.7	118.9	1920	OK
 242	     0	68.4	120.2	1883	OK
 243	     0	65.1	113.5	1949	OK
 244	     0	68.6	120.6	1880	OK
 245	     0	65.5	114.9	1908	OK
 246	     0	67.0	114.5	1915	OK
 247	     0	64.9	117.8	1911	OK
 248	     0	66.3	113.8	1894	OK
 249	     0	67.4	115.6	1938	OK
 250	     0	67.5	111.1	1893	OK
 251	     0	68.6	115.5	1901	OK
 252	     0	67.8	113.5	1956	OK
 253	     0	68.5	117.3	1943	OK
 254	     0	67.0	113.6	1961	OK
 255	     0	64.3	113.3	1922	OK
 256	     0	65.3	118.4	1895	OK
 257	     0	67.3	121.1	1847	OK
 258	     0	66.1	114.6	1872	OK
 259	     0	67.5	122.7	1872	OK
 260	     0	64.7	112.6	1858	OK
 261	     0	63.8	115.7	1857	OK
 262	     0	65.0	118.8	1838	OK
 263	     0	64.6	115.1	1852	OK
 264	     0	63.2	112.8	1859	OK
 265	     0	64.8	112.8	1869	OK
 266	     0	63.6	112.0	1867	OK
 267	     0	63.8	116.7	1868	OK
 268	     0	63.3	112.9	1880	OK
 269	     0	64.6	132.1	1812	OK
 270	     0	63.9	111.4	1880	OK
 271	     0	65.4	113.8	1873	OK
 272	     0	63.0	109.6	1857	OK
 273	     0	64.2	112.1	1897	OK
 274	     0	63.3	114.2	1845	OK
 275	     0	64.4	113.4	1861	OK
 276	     0	65.7	115.2	1846	OK
 277	     0	65.5	125.5	1829	OK
 278	     0	64.3	116.8	1836	OK
 279	     0	65.1	121.4	1845	OK
 280	     0	63.6	116.2	1831	OK
 281	     0	63.8	112.1	1831	OK
 282	     0	63.3	110.2	1866	OK
 283	     0	63.9	118.6	1864	OK
 284	     0	62.8	110.9	1860	OK
 285	     0	63.6	112.2	1841	OK
 286	     0	62.1	116.7	1837	OK
 287	     0	64.3	110.3	1887	OK
 288	     0	65.1	114.7	1864	OK
 289	     0	64.7	111.4	1830	OK
 290	     0	62.3	116.6	1846	OK
 291	     0	65.6	117.3	1863	OK
 292	     0	64.9	115.1	1895	OK
 293	     0	65.2	114.0	1857	OK
 294	     0	63.4	118.0	1827	OK
 295	     0	66.0	113.2	1879	OK
 296	     0	64.9	120.3	1850	OK
 297	     0	64.3	116.0	1864	OK
 298	     0	63.6	109.6	1891	OK
 299	     0	63.7	112.6	1867	OK
 300	     0	63.6	118.8	1872	OK
 301	     0	63.1	115.4	1814	OK
 302	     0	63.7	109.2	1848	OK
 303	     0	63.5	110.2	1870	OK
 304	     0	64.2	111.2	1866	OK
 305	     0	67.1	158.9	1895	OK
 306	     0	66.1	116.3	1898	OK
 307	     0	64.2	109.9	1866	OK
 308	     0	65.7	113.7	1883	OK
 309	     0	65.9	111.1	1914	OK
 310	     0	65.9	111.6	1862	OK
 311	     0	63.8	114.6	1848	OK
 312	     0	64.9	115.3	1882	OK
 313	     0	66.5	119.5	1867	OK
 314	     0	65.1	112.1	1865	OK
 315	     0	65.3	110.6	1875	OK
 316	     0	64.8	116.8	1909	OK
 317	     0	66.0	115.6	1851	OK
 318	     0	66.2	119.6	1871	OK
 319	     0	68.6	117.9	1847	OK
 320	     0	66.3	118.0	1875	OK
 321	     0	65.5	118.2	1856	OK
 322	     0	64.7	114.5	1865	OK
 323	     0	63.7	115.9	1885	OK
 324	     0	65.9	114.7	1874	OK
 325	     0	65.1	113.4	1875	OK
 326	     0	64.9	122.0	1839	OK
 327	     0	64.3	112.7	1875	OK
 328	     0	65.0	120.4	1868	OK
 329	     0	64.7	116.8	1863	OK
 330	     0	65.2	121.2	1874	OK
 331	     0	67.2	115.4	1925	OK
 332	     0	63.4	109.1	1895	OK
 333	     0	64.9	113.1	1864	OK
 334	     0	64.6	109.9	1908	OK
 335	     0	64.0	117.3	1877	OK
 336	     0	63.2	118.7	1867	OK
 337	     0	63.4	116.6	1853	OK
 338	     0	62.7	106.8	1873	OK
 339	     0	63.2	115.6	1835	OK
 340	     0	63.2	114.2	1873	OK
 341	     0	64.5	119.5	1866	OK
 342	     0	62.5	116.6	1863	OK
 343	     0	64.2	118.7	1845	OK
 344	     0	64.0	111.4	1877	OK
 345	     0	62.6	110.8	1870	OK
 346	     0	63.2	105.3	1886	OK
 347	     0	63.9	111.5	1886	OK
 348	     0	63.3	115.6	1858	OK
 349	     0	62.8	110.0	1886	OK
 350	     0	63.3	110.7	1873	OK
 351	     0	64.0	114.6	1887	OK
 352	     0	65.9	110.4	1897	OK
 353	     0	62.9	106.7	1922	OK
 354	     0	60.7	112.2	1896	OK
 355	     0	65.2	100.3	1892	OK
 356	     0	63.9	131.9	1822	OK
 357	     0	66.2	111.8	1892	OK
 358	     0	64.3	116.6	1856	OK
 359	     0	63.9	121.2	1851	OK
 360	     0	63.7	113.1	1858	OK
 361	     0	63.2	111.6	1852	OK
 362	     0	65.0	112.3	1869	OK
 363	     0	65.6	119.2	1872	OK
 364	     0	64.8	118.0	1853	OK
 365	     0	66.0	114.7	1870	OK
 366	     0	63.2	115.0	1880	OK
 367	     0	64.5	119.9	1879	OK
 368	     0	63.6	117.3	1848	OK
 369	     0	66.7	120.3	1881	OK
 370	     0	66.5	117.2	1887	OK
 371	     0	64.0	112.7	1889	OK
 372	     0	63.4	107.4	1888	OK
 373	     0	65.0	120.4	1861	OK
 374	     0	64.9	116.4	1869	OK
 375	     0	63.7	106.8	1914	OK
 376	     0	63.2	117.3	1883	OK
 377	     0	63.5	111.7	1872	OK
 378	     0	64.5	110.6	1899	OK
 379	     0	64.3	147.4	1885	OK
 380	     0	64.1	111.1	1876	OK
 381	     0	64.2	114.7	1912	OK
 382	     0	64.1	110.8	1860	OK
 383	     0	67.8	118.8	1851	OK
 384	  4000	65.2	108.2	1888	high noise
 385	     0	65.0	116.7	1803	OK
 386	     0	65.6	113.2	1791	OK
 387	     0	64.3	115.8	1776	OK
 388	     0	65.0	112.1	1795	OK
 389	     0	63.3	116.1	1756	OK
 390	     0	65.2	118.6	1777	OK
 391	     0	63.0	112.1	1800	OK
 392	     0	63.5	111.9	1780	OK
 393	     0	64.9	114.1	1793	OK
 394	     0	63.4	110.9	1772	OK
 395	     0	63.9	109.6	1821	OK
 396	     0	64.2	115.7	1761	OK
 397	     0	64.8	116.5	1794	OK
 398	     0	62.0	109.8	1804	OK
 399	     0	65.6	120.3	1766	OK
 400	     0	64.1	113.3	1749	OK
 401	     0	64.0	113.8	1785	OK
 402	     0	63.6	120.7	1776	OK
 403	     0	64.0	114.1	1764	OK
 404	     0	64.7	117.5	1810	OK
 405	     0	64.2	115.5	1754	OK
 406	     0	64.6	111.1	1761	OK
 407	     0	63.5	119.8	1783	OK
 408	     0	64.6	120.7	1782	OK
 409	     0	64.1	118.1	1757	OK
 410	     0	63.5	119.7	1766	OK
 411	     0	64.3	116.2	1796	OK
 412	     0	64.2	119.4	1787	OK
 413	     0	64.4	117.8	1781	OK
 414	     0	64.2	113.5	1802	OK
 415	     0	64.8	111.2	1784	OK
 416	     0	63.3	114.7	1773	OK
 417	     0	63.7	116.6	1801	OK
 418	     0	65.8	118.9	1774	OK
 419	     0	64.0	119.9	1775	OK
 420	     0	63.7	119.7	1768	OK
 421	     0	65.2	119.8	1778	OK
 422	     0	64.4	115.8	1795	OK
 423	     0	63.3	111.5	1806	OK
 424	     0	63.1	109.1	1779	OK
 425	     0	64.3	117.1	1802	OK
 426	     0	62.5	119.6	1805	OK
 427	     0	63.4	111.4	1793	OK
 428	     0	64.3	111.7	1759	OK
 429	     0	65.0	114.5	1786	OK
 430	     0	66.0	120.1	1771	OK
 431	     0	64.3	118.5	1809	OK
 432	     0	63.9	114.7	1779	OK
 433	     0	65.9	116.2	1775	OK
 434	     0	63.5	113.3	1830	OK
 435	     0	64.7	109.4	1815	OK
 436	     0	64.5	113.9	1801	OK
 437	     0	64.4	110.4	1803	OK
 438	     0	65.4	117.1	1785	OK
 439	     0	67.4	117.6	1801	OK
 440	     0	65.3	113.3	1790	OK
 441	     0	67.0	116.5	1796	OK
 442	     0	64.2	115.0	1783	OK
 443	     0	65.7	106.9	1806	OK
 444	     0	64.1	110.1	1792	OK
 445	     0	66.9	124.3	1750	OK
 446	     0	66.7	104.2	1835	OK
 447	     0	66.6	117.2	1795	OK
 448	     0	69.3	124.9	1744	OK
 449	     0	68.6	118.9	1778	OK
 450	     0	68.1	116.7	1759	OK
 451	     0	66.8	120.1	1787	OK
 452	     0	65.3	121.4	1750	OK
 453	     0	65.8	115.1	1792	OK
 454	     0	66.4	112.4	1768	OK
 455	     0	68.0	117.7	1756	OK
 456	     0	68.0	116.8	1776	OK
 457	     0	67.4	124.3	1759	OK
 458	     0	65.0	119.6	1816	OK
 459	     0	66.9	125.5	1795	OK
 460	     0	65.5	111.6	1777	OK
 461	     0	66.6	121.7	1788	OK
 462	     0	65.2	125.6	1758	OK
 463	     0	65.8	120.3	1768	OK
 464	     0	65.6	113.8	1787	OK
 465	     0	64.5	117.2	1778	OK
 466	     0	66.4	122.4	1743	OK
 467	     0	66.3	120.2	1781	OK
 468	     0	64.8	118.8	1757	OK
 469	     0	65.2	115.1	1793	OK
 470	     0	66.3	120.3	1789	OK
 471	     0	65.7	112.8	1803	OK
 472	     0	65.7	121.2	1771	OK
 473	     0	65.9	115.5	1779	OK
 474	     0	66.0	117.1	1786	OK
 475	     0	65.7	116.5	1760	OK
 476	     0	65.8	116.0	1761	OK
 477	     0	65.7	120.3	1787	OK
 478	     0	64.5	114.4	1799	OK
 479	     0	65.5	111.1	1790	OK
 480	     0	63.8	111.6	1794	OK
 481	     0	65.1	116.2	1771	OK
 482	     0	67.1	109.8	1829	OK
 483	     0	66.7	117.4	1789	OK
 484	     0	66.5	112.7	1781	OK
 485	     0	66.7	121.8	1761	OK
 486	     0	68.7	122.8	1776	OK
 487	     0	66.4	117.2	1789	OK
 488	     0	67.6	122.6	1759	OK
 489	     0	69.9	125.2	1750	OK
 490	     0	65.8	118.6	1755	OK
 491	     0	64.9	122.2	1797	OK
 492	     0	67.1	115.2	1758	OK
 493	     0	66.8	121.8	1771	OK
 494	     0	67.4	123.8	1781	OK
 495	     0	66.3	117.4	1723	OK
 496	     0	66.3	118.5	1772	OK
 497	     0	66.9	115.3	1755	OK
 498	     0	67.0	117.5	1781	OK
 499	     0	66.8	113.9	1787	OK
 500	     0	65.9	116.5	1777	OK
 501	     0	64.7	119.7	1762	OK
 502	     0	66.5	115.7	1781	OK
 503	     0	65.8	123.2	1785	OK
 504	     0	66.1	119.9	1766	OK
 505	     0	65.9	119.8	1768	OK
 506	     0	66.5	118.6	1774	OK
 507	     0	67.4	114.3	1823	OK
 508	     0	66.6	114.7	1764	OK
 509	     0	67.2	120.3	1802	OK
 510	     0	67.7	113.6	1793	OK
 511	     0	65.7	115.2	1769	OK
 512	     0	72.4	130.4	1749	OK
 513	     0	71.3	125.4	1728	OK
 514	     0	68.3	126.9	1771	OK
 515	     0	70.6	121.2	1785	OK
 516	     0	68.3	124.3	1789	OK
 517	     0	69.2	117.8	1780	OK
 518	     0	68.2	127.3	1763	OK
 519	     0	68.7	119.2	1793	OK
 520	     0	68.4	114.8	1772	OK
 521	     0	66.3	118.3	1744	OK
 522	     0	67.3	119.7	1783	OK
 523	     0	65.9	117.9	1766	OK
 524	     0	66.4	119.8	1779	OK
 525	     0	67.4	119.1	1737	OK
 526	     0	66.7	115.1	1753	OK
 527	     0	66.2	121.1	1758	OK
 528	     0	66.6	112.3	1769	OK
 529	     0	63.9	115.6	1746	OK
 530	     0	67.5	116.3	1762	OK
 531	     0	68.5	123.8	1769	OK
 532	     0	68.4	114.9	1783	OK
 533	     0	68.4	123.2	1741	OK
 534	     0	67.3	116.4	1821	OK
 535	     0	67.1	120.5	1756	OK
 536	     0	67.0	114.7	1773	OK
 537	     0	66.8	111.6	1801	OK
 538	     0	67.4	118.5	1788	OK
 539	     0	68.5	122.6	1757	OK
 540	     0	66.5	119.5	1772	OK
 541	     0	67.3	121.0	1767	OK
 542	     0	64.5	116.5	1763	OK
 543	     0	66.2	119.4	1755	OK
 544	     0	65.9	122.3	1724	OK
 545	     0	68.2	121.2	1749	OK
 546	     0	65.8	117.4	1763	OK
 547	     0	70.0	100.6	1823	OK
 548	     0	67.4	122.2	1787	OK
 549	     0	67.5	125.7	1742	OK
 550	     0	68.9	115.9	1768	OK
 551	     0	68.2	123.4	1745	OK
 552	     0	68.6	121.7	1751	OK
 553	     0	68.0	123.2	1780	OK
 554	     0	69.8	122.8	1762	OK
 555	     0	67.1	117.3	1810	OK
 556	     0	69.3	119.8	1804	OK
 557	     0	68.0	127.0	1765	OK
 558	     0	69.6	119.1	1785	OK
 559	     0	68.8	128.8	1755	OK
 560	     0	66.6	115.4	1782	OK
 561	     0	68.4	114.6	1812	OK
 562	     0	69.0	114.3	1781	OK
 563	     0	68.2	111.8	1784	OK
 564	     0	67.7	122.4	1755	OK
 565	     0	66.8	118.7	1809	OK
 566	     0	69.5	124.8	1759	OK
 567	     0	66.0	122.1	1771	OK
 568	     0	66.4	111.2	1810	OK
 569	     0	67.7	121.4	1778	OK
 570	     0	68.0	139.1	1761	OK
 571	     0	67.0	117.6	1810	OK
 572	     0	70.1	127.1	1766	OK
 573	     0	68.8	121.3	1769	OK
 574	     0	68.4	117.8	1774	OK
 575	     0	67.4	119.7	1753	OK
 576	     0	69.5	126.5	1793	OK
 577	     0	67.7	121.1	1797	OK
 578	     0	67.5	119.9	1772	OK
 579	     0	67.9	128.8	1774	OK
 580	     0	67.0	118.1	1796	OK
 581	     0	68.1	123.2	1752	OK
 582	     0	67.0	121.4	1765	OK
 583	     0	66.6	114.7	1786	OK
 584	     0	67.3	115.2	1807	OK
 585	     0	68.0	114.2	1816	OK
 586	     0	65.7	115.8	1794	OK
 587	     0	65.9	105.2	1818	OK
 588	     0	68.2	124.6	1774	OK
 589	     0	66.2	113.6	1802	OK
 590	     0	66.5	124.0	1779	OK
 591	     0	68.0	122.4	1804	OK
 592	     0	67.9	124.0	1801	OK
 593	     0	67.5	114.6	1806	OK
 594	     0	66.3	119.3	1813	OK
 595	     0	65.9	118.1	1794	OK
 596	     0	66.9	111.5	1826	OK
 597	     0	68.5	123.1	1771	OK
 598	     0	67.3	121.2	1787	OK
 599	     0	65.1	119.1	1820	OK
 600	     0	66.9	115.7	1778	OK
 601	     0	67.5	112.4	1784	OK
 602	     0	66.5	121.2	1786	OK
 603	     0	66.1	122.8	1759	OK
 604	     0	65.5	116.2	1784	OK
 605	     0	65.2	113.2	1788	OK
 606	     0	68.4	119.3	1798	OK
 607	     0	66.2	113.5	1806	OK
 608	     0	66.8	117.4	1760	OK
 609	     0	64.9	114.2	1814	OK
 610	     0	68.3	125.0	1792	OK
 611	     0	66.6	115.1	1790	OK
 612	     0	66.5	123.5	1767	OK
 613	     0	69.9	92.5	1790	OK
 614	     0	67.0	118.7	1754	OK
 615	     0	67.9	122.6	1770	OK
 616	     0	66.7	119.8	1774	OK
 617	     0	67.9	117.1	1767	OK
 618	     0	66.1	118.6	1776	OK
 619	     0	69.3	125.2	1783	OK
 620	     0	65.1	119.6	1778	OK
 621	     0	67.1	122.1	1748	OK
 622	     0	67.6	115.6	1791	OK
 623	     0	67.1	111.0	1802	OK
 624	     0	67.3	112.7	1800	OK
 625	     0	67.2	117.0	1780	OK
 626	     0	67.8	125.1	1782	OK
 627	     0	67.3	119.3	1784	OK
 628	     0	66.0	120.8	1749	OK
 629	     0	67.6	121.3	1781	OK
 630	     0	67.4	130.4	1741	OK
 631	     0	66.7	106.8	1823	OK
 632	     0	65.5	112.1	1765	OK
 633	     0	68.5	119.0	1791	OK
 634	     0	67.4	113.2	1796	OK
 635	     0	67.0	115.6	1806	OK
 636	     0	66.8	114.6	1775	OK
 637	     0	67.5	123.5	1756	OK
 638	     0	69.3	125.8	1781	OK
 639	     0	70.6	129.7	1771	OK
 640	     0	66.7	118.6	1885	OK
 641	     0	68.9	118.4	1901	OK
 642	     0	68.1	118.5	1880	OK
 643	     0	64.6	119.0	1878	OK
 644	     0	65.3	120.4	1856	OK
 645	     0	65.4	117.6	1859	OK
 646	     0	66.2	122.4	1829	OK
 647	     0	64.2	107.5	1899	OK
 648	     0	66.5	115.9	1866	OK
 649	     0	66.1	115.9	1868	OK
 650	     0	67.5	119.3	1834	OK
 651	     0	65.7	115.7	1872	OK
 652	     0	63.1	110.0	1858	OK
 653	     0	66.7	119.8	1843	OK
 654	     0	67.5	113.4	1876	OK
 655	     0	65.2	115.7	1849	OK
 656	     0	67.1	119.9	1850	OK
 657	     0	66.3	124.3	1821	OK
 658	     0	66.0	112.9	1883	OK
 659	     0	66.5	118.4	1829	OK
 660	     0	65.7	120.5	1839	OK
 661	     0	64.7	111.9	1878	OK
 662	     0	65.7	123.6	1851	OK
 663	     0	64.6	117.6	1836	OK
 664	     0	66.2	123.2	1867	OK
 665	     0	67.3	117.0	1874	OK
 666	     0	63.7	117.7	1838	OK
 667	     0	65.4	115.6	1848	OK
 668	     0	65.5	121.9	1823	OK
 669	     0	65.2	131.0	1787	OK
 670	     0	65.2	113.0	1874	OK
 671	     0	65.4	120.8	1885	OK
 672	     0	67.0	116.3	1894	OK
 673	     0	65.3	124.9	1843	OK
 674	     0	66.4	120.8	1867	OK
 675	     0	67.1	126.3	1859	OK
 676	     0	65.6	113.7	1874	OK
 677	     0	65.4	112.5	1855	OK
 678	     0	66.8	109.6	1894	OK
 679	     0	67.0	122.3	1809	OK
 680	     0	66.1	116.0	1856	OK
 681	     0	67.9	107.4	1936	OK
 682	     0	66.0	115.8	1840	OK
 683	     0	65.9	124.2	1858	OK
 684	     0	67.3	129.3	1822	OK
 685	     0	65.6	117.3	1878	OK
 686	     0	67.1	124.6	1837	OK
 687	     0	65.9	120.2	1855	OK
 688	     0	64.4	119.0	1825	OK
 689	     0	66.6	111.2	1847	OK
 690	     0	65.2	115.6	1871	OK
 691	     0	66.2	117.1	1856	OK
 692	     0	66.6	120.8	1840	OK
 693	     0	67.2	121.3	1840	OK
 694	     0	64.3	114.2	1860	OK
 695	     0	66.5	123.4	1870	OK
 696	     0	66.2	118.9	1864	OK
 697	     0	67.0	115.6	1879	OK
 698	     0	66.4	123.1	1827	OK
 699	     0	64.3	113.9	1867	OK
 700	     0	65.9	113.2	1893	OK
 701	     0	67.2	123.6	1874	OK
 702	     0	67.9	116.1	1857	OK
 703	     0	69.2	118.9	1864	OK
 704	     0	68.8	121.2	1838	OK
 705	     0	69.1	126.9	1845	OK
 706	     0	67.2	124.9	1866	OK
 707	     0	67.1	123.0	1825	OK
 708	     0	67.7	126.4	1827	OK
 709	     0	67.6	118.2	1874	OK
 710	     0	67.0	124.1	1857	OK
 711	     0	68.9	120.1	1831	OK
 712	     0	65.9	118.8	1834	OK
 713	     0	66.8	117.0	1882	OK
 714	     0	65.1	121.9	1869	OK
 715	     0	66.4	122.0	1807	OK
 716	     0	67.5	119.0	1872	OK
 717	     0	67.2	122.8	1855	OK
 718	     0	66.8	122.3	1849	OK
 719	     0	66.2	114.9	1855	OK
 720	     0	67.3	126.2	1855	OK
 721	     0	65.6	121.3	1829	OK
 722	     0	67.7	126.1	1814	OK
 723	     0	67.4	120.7	1854	OK
 724	     0	66.8	118.2	1861	OK
 725	     0	67.0	124.9	1842	OK
 726	     0	67.0	116.3	1851	OK
 727	     0	65.8	109.7	1880	OK
 728	     0	66.9	115.7	1837	OK
 729	     0	66.5	123.1	1829	OK
 730	     0	67.7	121.7	1861	OK
 731	     0	66.5	114.1	1872	OK
 732	     0	68.3	113.0	1875	OK
 733	     0	67.2	120.1	1829	OK
 734	     0	67.0	125.7	1850	OK
 735	     0	67.9	128.6	1848	OK
 736	     0	64.5	124.3	1821	OK
 737	     0	66.7	122.7	1815	OK
 738	     0	66.2	121.5	1850	OK
 739	     0	67.7	124.8	1810	OK
 740	     0	67.9	119.9	1843	OK
 741	     0	66.9	122.4	1836	OK
 742	     0	69.3	120.6	1855	OK
 743	     0	67.0	120.9	1847	OK
 744	     0	67.8	115.1	1866	OK
 745	     0	67.1	126.6	1824	OK
 746	     0	66.0	117.2	1837	OK
 747	     0	65.8	120.3	1832	OK
 748	     0	65.9	123.8	1826	OK
 749	     0	67.0	119.9	1806	OK
 750	     0	67.8	116.2	1844	OK
 751	     0	69.1	122.4	1844	OK
 752	     0	68.8	129.9	1827	OK
 753	     0	66.4	123.6	1836	OK
 754	     0	66.7	118.1	1846	OK
 755	     0	65.8	121.7	1835	OK
 756	     0	67.9	125.9	1820	OK
 757	     0	67.2	122.8	1837	OK
 758	     0	67.2	120.6	1837	OK
 759	     0	67.1	124.0	1845	OK
 760	     0	67.1	114.6	1859	OK
 761	     0	67.9	116.5	1858	OK
 762	     0	67.7	118.5	1839	OK
 763	     0	68.5	115.8	1855	OK
 764	     0	67.8	117.3	1865	OK
 765	     0	67.0	118.1	1860	OK
 766	     0	68.2	121.5	1856	OK
 767	     0	68.3	121.7	1861	OK
 768	     0	73.8	124.2	1764	OK
 769	     0	71.5	129.3	1757	OK
 770	     0	72.2	139.5	1755	OK
 771	     0	71.1	128.4	1753	OK
 772	     0	73.4	107.5	1805	OK
 773	     0	69.3	122.0	1770	OK
 774	     0	71.6	127.8	1738	OK
 775	     0	70.9	122.6	1753	OK
 776	     0	69.7	126.6	1748	OK
 777	     0	70.0	122.5	1763	OK
 778	     0	69.3	129.8	1716	OK
 779	     0	68.1	122.2	1759	OK
 780	     0	68.9	123.0	1786	OK
 781	     0	69.0	122.7	1748	OK
 782	     0	68.2	126.3	1745	OK
 783	     0	69.0	133.8	1739	OK
 784	     0	68.6	120.9	1763	OK
 785	     0	70.9	127.5	1742	OK
 786	     0	68.7	119.8	1747	OK
 787	     0	69.4	121.3	1784	OK
 788	     0	69.0	119.2	1750	OK
 789	     0	69.6	126.3	1745	OK
 790	     0	69.0	125.0	1715	OK
 791	     0	67.2	121.7	1749	OK
 792	     0	70.5	122.5	1750	OK
 793	     0	69.7	124.2	1764	OK
 794	     0	68.7	129.0	1741	OK
 795	     0	68.8	126.5	1753	OK
 796	     0	69.3	124.8	1739	OK
 797	     0	68.6	121.8	1745	OK
 798	     0	68.5	121.5	1758	OK
 799	     0	69.2	123.4	1762	OK
 800	     0	70.2	129.0	1734	OK
 801	     0	69.3	128.0	1736	OK
 802	     0	69.4	123.3	1756	OK
 803	     0	66.2	126.4	1778	OK
 804	     0	70.1	125.5	1752	OK
 805	     0	68.7	125.3	1716	OK
 806	     0	70.1	127.7	1776	OK
 807	     0	73.0	129.6	1727	OK
 808	     0	71.3	121.9	1747	OK
 809	     0	73.5	129.5	1773	OK
 810	     0	70.0	127.8	1747	OK
 811	     0	71.6	110.9	1771	OK
 812	     0	69.7	126.1	1738	OK
 813	     0	69.7	120.7	1774	OK
 814	     0	68.4	125.4	1760	OK
 815	     0	71.4	134.0	1761	OK
 816	     0	69.4	128.2	1743	OK
 817	     0	68.7	121.9	1761	OK
 818	     0	70.0	118.4	1799	OK
 819	     0	70.3	122.6	1735	OK
 820	     0	69.0	128.4	1757	OK
 821	     0	68.7	122.4	1768	OK
 822	     0	70.0	124.8	1763	OK
 823	     0	70.6	131.1	1768	OK
 824	     0	67.8	119.3	1737	OK
 825	     0	68.5	121.0	1758	OK
 826	     0	71.8	123.7	1750	OK
 827	     0	69.0	125.2	1767	OK
 828	     0	71.4	124.9	1762	OK
 829	     0	70.4	127.6	1732	OK
 830	     0	70.4	126.6	1773	OK
 831	     0	70.5	120.9	1769	OK
 832	     0	70.7	125.0	1763	OK
 833	     0	69.7	122.5	1787	OK
 834	     0	68.9	122.1	1784	OK
 835	     0	70.0	121.0	1770	OK
 836	     0	70.4	123.8	1773	OK
 837	     0	69.8	124.3	1761	OK
 838	     0	68.8	122.3	1778	OK
 839	     0	69.9	117.8	1772	OK
 840	     0	68.8	120.3	1797	OK
 841	     0	67.4	119.6	1800	OK
 842	     0	68.1	109.2	1826	OK
 843	     0	68.4	124.9	1807	OK
 844	     0	70.4	119.1	1801	OK
 845	     0	67.5	121.7	1767	OK
 846	     0	68.2	116.2	1789	OK
 847	     0	68.9	125.3	1751	OK
 848	     0	69.2	120.4	1774	OK
 849	     0	68.5	120.9	1780	OK
 850	     0	67.6	123.5	1787	OK
 851	     0	68.9	122.0	1766	OK
 852	     0	67.7	115.9	1792	OK
 853	     0	69.4	122.9	1774	OK
 854	     0	66.3	120.5	1804	OK
 855	     0	66.6	118.3	1788	OK
 856	     0	67.8	124.4	1786	OK
 857	     0	68.8	121.4	1762	OK
 858	     0	69.0	120.1	1776	OK
 859	     0	67.3	124.6	1745	OK
 860	     0	69.1	123.6	1763	OK
 861	     0	68.0	115.6	1807	OK
 862	     0	67.7	119.5	1778	OK
 863	     0	67.8	123.1	1785	OK
 864	     0	67.8	125.7	1751	OK
 865	     0	68.9	127.3	1782	OK
 866	     0	68.2	119.7	1803	OK
 867	     0	68.6	117.7	1778	OK
 868	     0	67.6	118.9	1795	OK
 869	     0	68.9	122.7	1767	OK
 870	     0	67.6	117.7	1779	OK
 871	     0	66.1	124.4	1772	OK
 872	     0	66.4	117.2	1764	OK
 873	     0	67.6	120.2	1800	OK
 874	     0	67.4	120.6	1778	OK
 875	     0	68.3	121.1	1786	OK
 876	     0	66.0	117.7	1772	OK
 877	     0	67.2	119.4	1826	OK
 878	     0	68.0	128.4	1780	OK
 879	     0	67.7	121.5	1773	OK
 880	     0	70.0	126.5	1775	OK
 881	     0	70.4	94.6	1768	OK
 882	     0	67.5	121.4	1761	OK
 883	     0	68.2	122.9	1791	OK
 884	     0	68.6	122.7	1786	OK
 885	     0	68.5	126.9	1785	OK
 886	     0	69.9	123.0	1780	OK
 887	     0	67.2	122.7	1790	OK
 888	     0	68.7	126.6	1776	OK
 889	     0	68.1	127.4	1770	OK
 890	     0	66.3	122.4	1801	OK
 891	     0	69.0	119.1	1789	OK
 892	     0	69.2	124.9	1771	OK
 893	     0	67.8	122.4	1797	OK
 894	     0	72.8	128.6	1777	OK
 895	     0	71.0	124.2	1785	OK
 896	     0	71.2	122.8	1795	OK
 897	     0	70.9	124.0	1748	OK
 898	     0	69.2	124.3	1742	OK
 899	     0	68.4	121.8	1724	OK
 900	     0	69.6	123.9	1746	OK
 901	     0	70.0	130.5	1674	OK
 902	     0	69.8	119.0	1740	OK
 903	     0	70.3	122.3	1726	OK
 904	     0	70.5	126.5	1727	OK
 905	     0	69.8	123.8	1724	OK
 906	     0	69.3	122.3	1704	OK
 907	     0	70.7	133.6	1726	OK
 908	     0	68.2	122.3	1757	OK
 909	     0	69.0	122.4	1720	OK
 910	     0	71.1	121.2	1741	OK
 911	     0	68.9	120.6	1737	OK
 912	     0	67.7	124.0	1713	OK
 913	     0	71.3	127.1	1736	OK
 914	     0	69.8	127.6	1708	OK
 915	     0	69.6	130.9	1695	OK
 916	     0	69.0	117.9	1740	OK
 917	     0	69.7	121.9	1724	OK
 918	     0	69.3	119.1	1736	OK
 919	     0	68.6	120.6	1734	OK
 920	     0	69.5	120.3	1747	OK
 921	     0	67.3	120.6	1740	OK
 922	     0	69.6	132.4	1689	OK
 923	     0	69.6	122.5	1714	OK
 924	     0	69.2	124.9	1716	OK
 925	     0	67.5	118.1	1717	OK
 926	     0	69.4	130.9	1744	OK
 927	     0	69.1	125.4	1748	OK
 928	     0	69.6	130.2	1736	OK
 929	     0	69.3	123.2	1742	OK
 930	     0	69.0	125.6	1724	OK
 931	     0	69.5	125.3	1727	OK
 932	     0	67.1	124.5	1770	OK
 933	     0	68.6	121.7	1724	OK
 934	     0	71.2	125.3	1740	OK
 935	     0	67.5	123.9	1743	OK
 936	     0	69.9	120.4	1743	OK
 937	     0	70.7	123.7	1733	OK
 938	     0	67.0	118.3	1759	OK
 939	     0	66.6	127.3	1707	OK
 940	     0	69.8	123.1	1747	OK
 941	     0	71.1	130.3	1715	OK
 942	     0	70.4	124.9	1736	OK
 943	     0	68.5	121.5	1731	OK
 944	     0	70.0	125.0	1742	OK
 945	     0	69.0	126.9	1757	OK
 946	     0	68.7	122.6	1722	OK
 947	     0	68.1	127.6	1723	OK
 948	     0	68.6	131.9	1742	OK
 949	     0	68.8	128.2	1743	OK
 950	     0	71.3	134.8	1712	OK
 951	     0	69.7	128.4	1728	OK
 952	     0	70.1	129.2	1718	OK
 953	     0	70.8	124.6	1732	OK
 954	     0	70.8	130.4	1743	OK
 955	     0	70.8	129.0	1720	OK
 956	     0	68.9	120.5	1740	OK
 957	     0	72.4	133.5	1716	OK
 958	     0	69.9	131.4	1718	OK
 959	     0	71.2	130.9	1723	OK
 960	     0	73.7	128.1	1707	OK
 961	     0	70.4	121.0	1719	OK
 962	     0	73.4	132.0	1720	OK
 963	     0	72.1	125.9	1726	OK
 964	     0	72.4	130.1	1734	OK
 965	     0	70.4	125.1	1751	OK
 966	     0	70.8	128.2	1720	OK
 967	     0	68.3	121.7	1731	OK
 968	     0	69.6	125.0	1727	OK
 969	     0	68.2	122.9	1731	OK
 970	     0	70.5	145.5	1737	OK
 971	     0	69.5	124.1	1732	OK
 972	     0	71.3	121.8	1754	OK
 973	     0	70.0	125.2	1704	OK
 974	     0	68.8	119.5	1745	OK
 975	     0	70.3	123.1	1731	OK
 976	     0	71.1	124.4	1729	OK
 977	     0	70.9	130.7	1719	OK
 978	     0	69.2	129.9	1729	OK
 979	     0	71.3	137.0	1718	OK
 980	     0	70.9	126.4	1713	OK
 981	     0	68.4	124.2	1723	OK
 982	     0	70.3	125.5	1742	OK
 983	     0	69.0	126.3	1744	OK
 984	     0	68.7	125.0	1727	OK
 985	     0	70.2	125.2	1747	OK
 986	     0	70.7	125.1	1735	OK
 987	     0	69.1	125.6	1724	OK
 988	     0	69.0	126.6	1726	OK
 989	     0	68.9	121.9	1723	OK
 990	     0	71.7	128.0	1727	OK
 991	     0	70.4	127.7	1730	OK
 992	     0	70.5	126.5	1717	OK
 993	     0	70.4	128.9	1724	OK
 994	     0	70.7	129.4	1728	OK
 995	     0	70.5	123.5	1703	OK
 996	     0	70.2	131.1	1717	OK
 997	     0	70.9	130.7	1749	OK
 998	     0	68.7	118.2	1753	OK
 999	     0	71.3	133.1	1712	OK
1000	     0	71.2	128.2	1724	OK
1001	     0	71.3	129.9	1705	OK
1002	     0	69.6	123.6	1750	OK
1003	     0	72.5	130.7	1754	OK
1004	     0	69.9	120.5	1740	OK
1005	     0	68.7	124.4	1707	OK
1006	     0	69.0	119.7	1770	OK
1007	     0	69.8	123.1	1727	OK
1008	     0	69.0	119.1	1705	OK
1009	     0	68.6	125.5	1725	OK
1010	     0	68.4	125.3	1700	OK
1011	     0	69.4	126.1	1726	OK
1012	     0	69.6	123.1	1757	OK
1013	     0	69.4	126.8	1721	OK
1014	     0	69.0	125.8	1712	OK
1015	     0	70.5	130.1	1749	OK
1016	     0	70.7	124.2	1728	OK
1017	     0	69.7	109.5	1774	OK
1018	     0	68.8	118.3	1727	OK
1019	     0	70.3	129.2	1746	OK
1020	     0	73.7	105.3	1751	OK
1021	     0	72.3	128.9	1732	OK
1022	     0	75.0	128.8	1731	OK
1023	     0	73.1	130.0	1739	OK
1024	     0	73.7	124.5	1742	OK
1025	     0	71.8	125.7	1743	OK
1026	     0	68.4	120.1	1776	OK
1027	     0	70.5	113.3	1763	OK
1028	     0	71.6	125.1	1710	OK
1029	     0	70.8	124.6	1719	OK
1030	     0	69.0	125.8	1719	OK
1031	     0	68.3	127.9	1717	OK
1032	     0	67.8	115.1	1762	OK
1033	     0	68.5	123.5	1747	OK
1034	     0	68.6	124.1	1748	OK
1035	     0	68.9	124.5	1756	OK
1036	     0	67.9	121.3	1752	OK
1037	     0	67.8	117.1	1738	OK
1038	     0	68.0	123.5	1732	OK
1039	     0	67.5	120.5	1755	OK
1040	     0	69.2	122.9	1711	OK
1041	     0	68.7	122.9	1733	OK
1042	     0	68.9	124.0	1742	OK
1043	     0	68.0	124.2	1719	OK
1044	     0	68.6	121.6	1734	OK
1045	     0	70.1	117.6	1750	OK
1046	     0	68.6	121.6	1733	OK
1047	     0	69.4	119.2	1752	OK
1048	     0	68.1	121.7	1755	OK
1049	     0	67.2	120.2	1728	OK
1050	     0	66.5	119.1	1764	OK
1051	     0	68.8	126.3	1733	OK
1052	     0	69.7	132.5	1724	OK
1053	     0	67.8	122.5	1739	OK
1054	     0	69.6	124.3	1704	OK
1055	     0	68.3	118.8	1776	OK
1056	     0	69.8	118.5	1762	OK
1057	     0	70.0	119.2	1754	OK
1058	     0	69.6	126.0	1739	OK
1059	     0	69.0	124.5	1747	OK
1060	     0	70.1	122.6	1711	OK
1061	     0	68.2	124.2	1753	OK
1062	     0	68.6	116.2	1746	OK
1063	     0	68.9	120.7	1743	OK
1064	     0	69.8	127.2	1738	OK
1065	     0	69.4	122.6	1754	OK
1066	     0	67.9	119.8	1735	OK
1067	     0	69.0	134.9	1745	OK
1068	     0	68.8	121.8	1734	OK
1069	     0	70.3	129.5	1724	OK
1070	     0	68.0	118.7	1728	OK
1071	     0	70.2	123.3	1739	OK
1072	     0	68.8	141.0	1745	OK
1073	     0	68.6	121.7	1752	OK
1074	     0	69.4	116.6	1752	OK
1075	     0	68.7	119.4	1777	OK
1076	     0	68.2	125.0	1732	OK
1077	     0	68.6	115.7	1790	OK
1078	     0	69.3	120.6	1733	OK
1079	     0	70.3	120.9	1768	OK
1080	     0	70.9	119.0	1732	OK
1081	     0	70.1	122.8	1739	OK
1082	     0	70.6	129.1	1762	OK
1083	     0	70.4	119.8	1769	OK
1084	     0	70.1	125.6	1738	OK
1085	     0	71.5	119.2	1802	OK
1086	     0	71.1	124.4	1758	OK
1087	     0	72.4	123.9	1757	OK
1088	     0	67.7	116.8	1771	OK
1089	     0	67.0	115.7	1742	OK
1090	     0	68.4	126.3	1723	OK
1091	     0	69.4	122.7	1782	OK
1092	     0	67.2	118.1	1764	OK
1093	     0	69.3	124.5	1740	OK
1094	     0	67.5	119.7	1761	OK
1095	     0	66.7	122.8	1765	OK
1096	     0	68.9	122.8	1790	OK
1097	     0	69.8	120.4	1786	OK
1098	     0	69.0	118.7	1758	OK
1099	     0	67.7	121.3	1750	OK
1100	     0	67.3	121.7	1752	OK
1101	     0	67.0	128.7	1753	OK
1102	     0	67.7	116.7	1774	OK
1103	     0	67.5	119.3	1748	OK
1104	     0	67.5	121.1	1765	OK
1105	     0	68.7	121.7	1771	OK
1106	     0	66.5	122.3	1715	OK
1107	     0	66.1	117.6	1798	OK
1108	     0	67.1	125.9	1738	OK
1109	     0	65.9	121.8	1767	OK
1110	     0	68.4	117.8	1754	OK
1111	     0	66.9	126.1	1742	OK
1112	     0	69.3	120.5	1781	OK
1113	     0	68.4	117.5	1774	OK
1114	     0	68.9	106.3	1811	OK
1115	     0	67.6	123.1	1780	OK
1116	     0	67.0	115.7	1789	OK
1117	     0	69.4	122.6	1760	OK
1118	     0	67.8	108.5	1796	OK
1119	     0	66.1	116.5	1738	OK
1120	     0	67.9	115.2	1779	OK
1121	     0	68.0	101.4	1794	OK
1122	     0	67.0	127.6	1751	OK
1123	     0	66.7	119.4	1752	OK
1124	     0	69.2	124.1	1738	OK
1125	     0	67.9	119.6	1753	OK
1126	     0	70.0	122.2	1761	OK
1127	     0	68.6	116.9	1753	OK
1128	     0	68.1	119.6	1790	OK
1129	     0	69.3	125.2	1731	OK
1130	     0	66.9	114.9	1813	OK
1131	     0	67.3	122.0	1773	OK
1132	     0	68.2	113.8	1793	OK
1133	     0	67.7	116.3	1771	OK
1134	     0	68.3	114.0	1780	OK
1135	     0	68.2	119.1	1796	OK
1136	     0	67.2	122.0	1750	OK
1137	     0	69.1	120.6	1770	OK
1138	     0	67.2	119.4	1758	OK
1139	     0	67.4	115.6	1773	OK
1140	     0	68.7	121.1	1771	OK
1141	     0	66.4	113.3	1785	OK
1142	     0	67.0	123.6	1775	OK
1143	     0	64.1	124.1	1808	OK
1144	     0	68.2	116.2	1761	OK
1145	     0	66.8	114.2	1819	OK
1146	     0	70.2	117.5	1799	OK
1147	     0	65.5	117.0	1802	OK
1148	     0	70.3	128.3	1769	OK
1149	     0	69.9	123.3	1786	OK
1150	     0	70.8	123.3	1844	OK
1151	  4000	71.6	118.8	1965	high noise
1152	     0	67.7	118.8	1876	OK
1153	     0	67.3	118.5	1817	OK
1154	     0	65.8	115.5	1828	OK
1155	     0	68.2	118.0	1801	OK
1156	     0	66.0	116.9	1850	OK
1157	     0	64.6	114.8	1795	OK
1158	     0	66.8	116.9	1826	OK
1159	     0	66.8	127.0	1774	OK
1160	     0	66.6	117.5	1844	OK
1161	     0	67.7	118.3	1827	OK
1162	     0	65.7	118.1	1804	OK
1163	     0	69.1	115.1	1828	OK
1164	     0	66.8	113.5	1825	OK
1165	     0	66.5	117.5	1822	OK
1166	     0	66.6	117.6	1821	OK
1167	     0	66.5	113.7	1834	OK
1168	     0	64.5	117.0	1833	OK
1169	     0	66.7	118.0	1822	OK
1170	     0	65.6	118.0	1802	OK
1171	     0	66.4	131.2	1781	OK
1172	     0	66.3	119.8	1829	OK
1173	     0	66.0	114.5	1789	OK
1174	     0	65.6	114.5	1821	OK
1175	     0	66.5	115.5	1835	OK
1176	     0	65.7	111.9	1801	OK
1177	     0	65.3	117.2	1769	OK
1178	     0	66.1	114.8	1789	OK
1179	     0	65.8	119.2	1822	OK
1180	     0	65.9	121.5	1792	OK
1181	     0	65.1	111.0	1831	OK
1182	     0	66.0	115.8	1824	OK
1183	     0	67.0	117.6	1793	OK
1184	     0	65.5	116.1	1792	OK
1185	     0	66.0	114.9	1830	OK
1186	     0	65.7	119.4	1828	OK
1187	     0	65.7	117.8	1825	OK
1188	     0	65.1	123.7	1808	OK
1189	     0	66.7	121.8	1797	OK
1190	     0	64.5	114.2	1815	OK
1191	     0	66.0	113.8	1827	OK
1192	     0	66.4	114.1	1801	OK
1193	     0	66.1	112.8	1822	OK
1194	     0	66.6	119.1	1822	OK
1195	     0	66.4	113.5	1829	OK
1196	     0	65.4	117.6	1834	OK
1197	     0	66.6	113.8	1839	OK
1198	     0	65.9	119.8	1786	OK
1199	     0	66.2	119.1	1811	OK
1200	     0	66.5	116.7	1795	OK
1201	     0	65.5	124.7	1821	OK
1202	     0	67.8	124.7	1792	OK
1203	     0	67.0	116.9	1819	OK
1204	     0	68.1	95.7	1825	OK
1205	     0	65.6	120.1	1835	OK
1206	     0	68.6	117.7	1781	OK
1207	     0	66.3	118.4	1819	OK
1208	     0	67.2	113.4	1800	OK
1209	     0	65.0	114.6	1809	OK
1210	     0	65.5	114.7	1813	OK
1211	     0	66.5	116.5	1800	OK
1212	     0	67.8	121.9	1819	OK
1213	     0	68.6	117.4	1829	OK
1214	     0	67.6	115.9	1807	OK
1215	   200	72.6	126.9	1804	high gain
1216	     0	67.8	120.5	1795	OK
1217	     0	66.7	119.5	1814	OK
1218	     0	66.6	117.9	1814	OK
1219	     0	69.7	122.4	1793	OK
1220	     0	66.1	113.1	1833	OK
1221	     0	67.9	122.3	1810	OK
1222	     0	67.2	121.2	1852	OK
1223	     0	67.0	118.5	1787	OK
1224	     0	68.4	116.6	1792	OK
1225	     0	67.6	125.4	1787	OK
1226	     0	66.6	117.9	1818	OK
1227	     0	66.3	117.0	1783	OK
1228	     0	66.1	122.0	1792	OK
1229	     0	67.4	111.3	1817	OK
1230	     0	68.1	114.4	1820	OK
1231	     0	65.4	116.9	1790	OK
1232	     0	64.6	113.1	1803	OK
1233	     0	68.1	115.6	1795	OK
1234	     0	66.3	118.3	1795	OK
1235	     0	67.3	117.5	1830	OK
1236	     0	67.4	118.5	1792	OK
1237	     0	68.3	116.0	1800	OK
1238	     0	66.3	116.6	1805	OK
1239	     0	66.3	116.2	1790	OK
1240	     0	68.4	117.1	1815	OK
1241	     0	66.9	114.0	1809	OK
1242	     0	67.6	120.6	1792	OK
1243	     0	67.8	120.1	1815	OK
1244	     0	64.2	116.1	1783	OK
1245	     0	69.0	92.9	1799	OK
1246	     0	67.3	116.6	1795	OK
1247	     0	67.2	116.8	1808	OK
1248	     0	66.7	128.4	1776	OK
1249	     0	66.7	115.0	1800	OK
1250	     0	68.0	117.7	1804	OK
1251	     0	66.0	116.5	1821	OK
1252	     0	66.3	125.1	1764	OK
1253	     0	66.8	122.1	1785	OK
1254	     0	66.4	121.0	1796	OK
1255	     0	67.9	120.3	1797	OK
1256	     0	66.1	111.4	1823	OK
1257	     0	66.4	113.7	1818	OK
1258	     0	68.2	119.7	1804	OK
1259	     0	67.8	118.4	1811	OK
1260	     0	66.5	111.7	1800	OK
1261	     0	66.6	118.7	1807	OK
1262	     0	70.4	118.7	1783	OK
1263	     0	68.7	116.7	1801	OK
1264	     0	67.4	117.8	1802	OK
1265	     0	67.9	114.9	1789	OK
1266	     0	66.0	114.3	1838	OK
1267	     0	68.8	115.3	1826	OK
1268	     0	66.9	115.3	1794	OK
1269	     0	66.9	120.9	1798	OK
1270	     0	68.3	120.3	1776	OK
1271	     0	66.8	115.0	1806	OK
1272	     0	68.1	121.3	1800	OK
1273	     0	67.7	118.0	1802	OK
1274	     0	68.4	115.8	1813	OK
1275	     0	66.4	116.6	1823	OK
1276	     0	68.6	106.1	1847	OK
1277	     0	69.4	120.2	1794	OK
1278	     0	69.4	120.5	1793	OK
1279	     0	70.4	122.4	1801	OK
1280	     0	66.6	123.3	1764	OK
1281	     0	67.5	115.2	1790	OK
1282	     0	65.6	123.3	1776	OK
1283	     0	65.5	109.9	1787	OK
1284	     0	63.7	110.8	1807	OK
1285	     0	65.4	112.6	1747	OK
1286	     0	64.2	118.1	1736	OK
1287	     0	64.3	110.3	1756	OK
1288	     0	64.7	119.2	1759	OK
1289	     0	65.9	111.3	1749	OK
1290	     0	63.9	118.9	1754	OK
1291	     0	64.9	118.6	1739	OK
1292	     0	63.8	117.0	1783	OK
1293	     0	64.4	115.9	1775	OK
1294	     0	64.9	118.1	1761	OK
1295	     0	64.1	100.7	1789	OK
1296	     0	65.0	113.7	1796	OK
1297	     0	65.2	118.3	1770	OK
1298	     0	62.4	116.4	1738	OK
1299	     0	65.4	112.6	1735	OK
1300	     0	65.8	122.6	1760	OK
1301	     0	64.4	119.4	1747	OK
1302	     0	64.7	109.9	1776	OK
1303	     0	65.3	120.2	1762	OK
1304	     0	65.6	117.2	1778	OK
1305	     0	64.5	114.5	1793	OK
1306	     0	63.2	117.4	1751	OK
1307	     0	65.4	119.1	1763	OK
1308	     0	63.6	111.7	1741	OK
1309	     0	65.5	113.7	1776	OK
1310	     0	64.0	108.4	1765	OK
1311	     0	65.2	118.5	1763	OK
1312	     0	66.2	118.6	1756	OK
1313	     0	65.5	121.2	1756	OK
1314	     0	66.3	104.4	1812	OK
1315	     0	64.2	120.2	1740	OK
1316	     0	65.8	117.9	1777	OK
1317	     0	64.7	118.9	1789	OK
1318	     0	65.2	114.7	1787	OK
1319	     0	65.7	117.4	1769	OK
1320	     0	64.0	115.4	1796	OK
1321	     0	64.9	112.6	1779	OK
1322	     0	67.0	116.3	1763	OK
1323	     0	63.7	117.5	1756	OK
1324	     0	62.4	115.7	1738	OK
1325	     0	67.3	108.5	1830	OK
1326	     0	64.6	117.6	1791	OK
1327	     0	63.6	111.7	1752	OK
1328	     0	64.8	112.1	1779	OK
1329	     0	65.0	111.3	1803	OK
1330	     0	65.1	117.9	1775	OK
1331	     0	66.6	118.1	1780	OK
1332	     0	65.0	118.8	1776	OK
1333	     0	63.7	118.6	1767	OK
1334	     0	66.2	115.1	1780	OK
1335	     0	64.4	120.5	1758	OK
1336	     0	64.6	120.3	1767	OK
1337	     0	63.9	113.2	1759	OK
1338	     0	66.3	119.3	1791	OK
1339	     0	65.2	115.6	1765	OK
1340	     0	66.6	114.8	1778	OK
1341	     0	68.2	117.2	1802	OK
1342	     0	67.9	120.6	1767	OK
1343	     0	67.2	123.6	1758	OK
1344	     0	67.2	119.3	1778	OK
1345	     0	66.0	125.8	1773	OK
1346	     0	66.3	115.4	1817	OK
1347	     0	66.0	125.5	1796	OK
1348	     0	64.3	112.1	1788	OK
1349	     0	64.7	114.9	1755	OK
1350	     0	63.7	108.9	1818	OK
1351	     0	63.8	115.4	1813	OK
1352	     0	63.7	118.3	1770	OK
1353	     0	65.9	107.4	1832	OK
1354	     0	65.4	115.9	1762	OK
1355	     0	65.4	112.9	1808	OK
1356	     0	62.8	115.4	1793	OK
1357	     0	65.2	111.6	1779	OK
1358	     0	65.9	116.9	1777	OK
1359	     0	64.2	115.0	1805	OK
1360	     0	65.2	118.7	1753	OK
1361	     0	63.5	115.8	1768	OK
1362	     0	63.2	113.9	1772	OK
1363	     0	61.7	111.7	1811	OK
1364	     0	62.0	116.5	1736	OK
1365	     0	64.8	119.4	1785	OK
1366	     0	63.7	111.9	1798	OK
1367	     0	64.6	112.2	1791	OK
1368	     0	64.0	113.9	1782	OK
1369	     0	65.0	117.9	1762	OK
1370	     0	64.5	115.3	1764	OK
1371	     0	62.6	107.8	1828	OK
1372	     0	63.2	110.3	1793	OK
1373	     0	64.1	110.5	1811	OK
1374	     0	64.9	118.9	1769	OK
1375	     0	66.3	118.0	1781	OK
1376	     0	63.6	117.1	1797	OK
1377	     0	61.9	143.3	1778	OK
1378	     0	64.2	112.3	1811	OK
1379	     0	65.0	115.8	1770	OK
1380	     0	62.5	115.3	1804	OK
1381	     0	64.5	115.5	1764	OK
1382	     0	64.7	118.6	1773	OK
1383	     0	63.7	104.9	1818	OK
1384	     0	64.9	111.4	1765	OK
1385	     0	63.6	113.4	1800	OK
1386	     0	67.0	115.3	1789	OK
1387	     0	64.2	108.4	1780	OK
1388	     0	64.6	113.4	1771	OK
1389	     0	65.7	118.5	1781	OK
1390	     0	65.2	109.8	1784	OK
1391	     0	65.0	117.6	1776	OK
1392	     0	64.8	113.1	1800	OK
1393	     0	65.5	112.5	1798	OK
1394	     0	64.0	111.1	1767	OK
1395	     0	64.0	114.6	1781	OK
1396	     0	64.0	112.1	1808	OK
1397	     0	64.8	110.7	1780	OK
1398	     0	63.8	116.2	1777	OK
1399	     0	63.6	115.9	1803	OK
1400	     0	64.4	116.8	1792	OK
1401	     0	65.1	114.4	1802	OK
1402	     0	65.5	110.4	1804	OK
1403	     0	65.8	119.9	1803	OK
1404	     0	64.9	110.8	1806	OK
1405	     0	65.2	118.0	1765	OK
1406	     0	64.4	113.5	1758	OK
1407	     0	67.1	118.9	1786	OK
1408	     0	63.8	118.1	1738	OK
1409	     0	66.1	116.7	1729	OK
1410	     0	64.3	112.1	1738	OK
1411	     0	64.5	114.4	1719	OK
1412	     0	64.6	116.5	1707	OK
1413	     0	65.8	122.5	1679	OK
1414	     0	63.8	117.5	1698	OK
1415	     0	63.7	115.8	1697	OK
1416	     0	64.7	115.3	1706	OK
1417	     0	65.1	114.9	1716	OK
1418	     0	65.1	115.0	1679	OK
1419	     0	65.6	116.3	1677	OK
1420	     0	62.2	112.3	1686	OK
1421	     0	64.9	124.1	1678	OK
1422	     0	65.2	114.8	1706	OK
1423	     0	64.9	117.1	1668	OK
1424	     0	65.6	119.7	1691	OK
1425	     0	65.5	116.4	1704	OK
1426	     0	63.1	113.6	1699	OK
1427	     0	63.9	117.9	1697	OK
1428	     0	64.3	109.8	1678	OK
1429	     0	65.2	99.8	1715	OK
1430	     0	62.8	114.3	1701	OK
1431	     0	65.1	114.2	1703	OK
1432	     0	64.3	117.7	1668	OK
1433	     0	64.0	119.2	1691	OK
1434	     0	65.5	114.5	1703	OK
1435	     0	64.0	114.6	1674	OK
1436	     0	65.2	103.7	1718	OK
1437	     0	65.5	122.7	1662	OK
1438	     0	62.9	119.7	1697	OK
1439	     0	65.5	112.2	1719	OK
1440	     0	65.0	113.5	1716	OK
1441	     0	64.4	112.5	1698	OK
1442	     0	63.4	117.4	1721	OK
1443	     0	63.5	110.4	1704	OK
1444	     0	64.6	118.8	1689	OK
1445	     0	64.1	108.8	1700	OK
1446	     0	65.8	113.2	1710	OK
1447	     0	64.8	119.3	1710	OK
1448	     0	64.9	112.8	1692	OK
1449	     0	65.2	116.6	1673	OK
1450	     0	64.0	115.8	1713	OK
1451	     0	64.4	123.4	1686	OK
1452	     0	63.8	117.0	1694	OK
1453	     0	63.9	109.5	1699	OK
1454	     0	65.5	116.0	1693	OK
1455	     0	64.1	119.4	1685	OK
1456	     0	64.9	113.9	1687	OK
1457	 90000	36.9	114.8	2900	very low gain
1458	     0	65.1	117.0	1674	OK
1459	     0	64.3	117.6	1694	OK
1460	     0	63.3	115.2	1638	OK
1461	     0	66.2	117.8	1700	OK
1462	     0	65.7	117.2	1683	OK
1463	     0	66.2	112.4	1712	OK
1464	     0	65.6	115.7	1714	OK
1465	     0	64.5	117.9	1697	OK
1466	     0	67.2	117.7	1702	OK
1467	     0	64.2	120.8	1681	OK
1468	     0	68.0	121.0	1687	OK
1469	     0	65.6	119.3	1684	OK
1470	     0	66.3	117.3	1696	OK
1471	     0	66.2	119.9	1724	OK
1472	     0	68.0	118.3	1692	OK
1473	     0	67.3	120.4	1697	OK
1474	     0	68.2	122.0	1697	OK
1475	     0	67.2	113.2	1704	OK
1476	     0	68.1	122.8	1666	OK
1477	     0	66.6	118.4	1715	OK
1478	     0	70.0	128.5	1651	OK
1479	     0	66.0	113.6	1718	OK
1480	     0	66.7	116.5	1696	OK
1481	     0	65.7	116.3	1679	OK
1482	     0	66.3	125.4	1669	OK
1483	     0	66.5	114.8	1690	OK
1484	     0	67.0	116.4	1694	OK
1485	     0	66.7	117.6	1683	OK
1486	     0	67.5	121.8	1691	OK
1487	     0	65.4	119.1	1688	OK
1488	     0	64.9	115.7	1692	OK
1489	     0	66.8	118.1	1677	OK
1490	     0	66.5	121.9	1677	OK
1491	     0	64.5	116.1	1689	OK
1492	     0	66.3	112.8	1688	OK
1493	     0	66.3	116.7	1713	OK
1494	     0	68.0	119.6	1706	OK
1495	     0	64.7	118.2	1682	OK
1496	     0	65.3	123.5	1653	OK
1497	     0	66.9	122.3	1690	OK
1498	     0	65.6	123.8	1635	OK
1499	     0	66.6	118.1	1687	OK
1500	     0	66.7	116.6	1700	OK
1501	     0	66.2	117.7	1673	OK
1502	     0	65.8	124.4	1695	OK
1503	     0	66.9	123.6	1674	OK
1504	     0	66.3	118.9	1705	OK
1505	     0	66.3	123.9	1676	OK
1506	     0	65.0	117.3	1676	OK
1507	     0	67.1	122.8	1690	OK
1508	     0	69.3	122.2	1665	OK
1509	     0	66.9	120.4	1683	OK
1510	     0	69.8	129.3	1652	OK
1511	     0	66.2	121.6	1689	OK
1512	     0	68.2	115.9	1715	OK
1513	     0	65.0	120.2	1671	OK
1514	     0	67.5	120.1	1679	OK
1515	     0	67.1	113.0	1699	OK
1516	     0	65.2	121.7	1664	OK
1517	     0	67.7	125.0	1677	OK
1518	     0	66.2	112.1	1687	OK
1519	     0	65.7	119.1	1697	OK
1520	     0	67.8	124.0	1691	OK
1521	     0	65.7	116.3	1674	OK
1522	     0	65.3	112.8	1705	OK
1523	     0	66.4	116.6	1679	OK
1524	     0	66.6	119.0	1684	OK
1525	     0	68.4	129.2	1668	OK
1526	     0	66.9	116.2	1692	OK
1527	     0	67.1	117.5	1697	OK
1528	     0	67.2	113.9	1688	OK
1529	     0	68.2	119.9	1675	OK
1530	     0	66.3	122.1	1701	OK
1531	     0	68.5	116.5	1667	OK
1532	     0	68.6	120.7	1685	OK
1533	     0	67.4	118.6	1707	OK
1534	     0	70.2	122.3	1706	OK
1535	     0	69.3	122.2	1692	OK
1536	     0	68.4	125.8	1688	OK
1537	     0	69.8	125.6	1670	OK
1538	     0	69.2	123.2	1687	OK
1539	     0	70.9	123.4	1682	OK
1540	     0	68.4	125.1	1674	OK
1541	     0	68.7	122.0	1671	OK
1542	     0	67.1	117.1	1677	OK
1543	     0	69.9	105.7	1736	OK
1544	     0	67.6	119.4	1685	OK
1545	     0	65.3	120.9	1687	OK
1546	     0	66.4	122.2	1679	OK
1547	     0	68.3	121.3	1670	OK
1548	     0	67.2	117.7	1655	OK
1549	     0	67.8	116.4	1693	OK
1550	     0	68.2	124.9	1675	OK
1551	     0	67.0	111.9	1667	OK
1552	     0	67.9	124.1	1669	OK
1553	     0	66.2	120.0	1706	OK
1554	     0	67.8	111.4	1700	OK
1555	     0	66.6	119.0	1679	OK
1556	     0	67.2	124.4	1661	OK
1557	     0	68.2	119.9	1697	OK
1558	     0	68.4	96.7	1698	OK
1559	     0	67.2	121.5	1663	OK
1560	     0	66.7	115.4	1674	OK
1561	     0	68.2	124.1	1669	OK
1562	     0	67.4	119.9	1666	OK
1563	     0	68.9	120.3	1678	OK
1564	     0	69.8	129.8	1664	OK
1565	     0	68.3	120.5	1675	OK
1566	     0	65.7	123.7	1678	OK
1567	     0	67.7	120.3	1693	OK
1568	     0	66.7	126.1	1697	OK
1569	     0	66.8	119.8	1670	OK
1570	     0	69.9	126.3	1638	OK
1571	     0	68.3	125.2	1676	OK
1572	     0	67.7	119.0	1664	OK
1573	     0	68.4	121.6	1699	OK
1574	     0	67.5	116.0	1699	OK
1575	     0	68.6	125.4	1681	OK
1576	     0	69.2	116.7	1710	OK
1577	     0	66.8	116.2	1700	OK
1578	     0	68.5	124.2	1666	OK
1579	     0	65.1	115.5	1694	OK
1580	     0	67.4	119.9	1687	OK
1581	     0	67.4	119.5	1702	OK
1582	     0	67.8	124.6	1688	OK
1583	     0	68.4	123.1	1698	OK
1584	     0	69.1	120.7	1699	OK
1585	     0	71.2	130.7	1670	OK
1586	     0	67.5	117.7	1660	OK
1587	     0	69.6	121.4	1689	OK
1588	     0	68.2	124.0	1678	OK
1589	     0	67.8	117.9	1711	OK
1590	     0	66.7	115.9	1702	OK
1591	     0	67.9	123.5	1671	OK
1592	     0	66.5	122.4	1673	OK
1593	     0	66.7	121.8	1679	OK
1594	     0	67.4	119.1	1704	OK
1595	     0	69.3	125.4	1680	OK
1596	     0	68.9	128.2	1690	OK
1597	     0	67.9	120.5	1717	OK
1598	     0	72.1	126.4	1692	OK
1599	     0	70.9	124.2	1702	OK
1600	     0	67.2	114.2	1685	OK
1601	     0	66.5	117.8	1718	OK
1602	     0	69.9	118.7	1711	OK
1603	     0	68.3	119.3	1709	OK
1604	     0	66.8	116.5	1704	OK
1605	     0	68.3	118.1	1720	OK
1606	     0	65.9	117.2	1674	OK
1607	     0	67.9	118.2	1720	OK
1608	     0	66.9	118.5	1704	OK
1609	     0	67.2	116.3	1708	OK
1610	     0	67.0	117.1	1725	OK
1611	     0	65.7	123.2	1691	OK
1612	     0	68.4	127.2	1693	OK
1613	     0	67.2	114.7	1708	OK
1614	     0	67.3	120.4	1711	OK
1615	     0	68.4	118.1	1710	OK
1616	     0	68.1	117.3	1736	OK
1617	     0	64.6	151.5	1743	OK
1618	     0	67.5	126.0	1706	OK
1619	     0	67.1	118.9	1701	OK
1620	     0	68.0	123.9	1710	OK
1621	     0	68.3	117.4	1684	OK
1622	     0	65.9	111.9	1718	OK
1623	     0	65.6	123.5	1700	OK
1624	     0	65.0	110.8	1734	OK
1625	     0	65.1	117.1	1698	OK
1626	     0	67.9	120.4	1680	OK
1627	     0	67.3	119.3	1708	OK
1628	     0	67.4	122.6	1683	OK
1629	     0	66.0	118.5	1700	OK
1630	     0	67.7	122.6	1723	OK
1631	     0	67.4	118.3	1697	OK
1632	     0	67.3	117.2	1731	OK
1633	     0	66.2	117.2	1695	OK
1634	     0	67.8	122.5	1683	OK
1635	     0	68.7	122.7	1715	OK
1636	     0	67.1	116.2	1698	OK
1637	     0	67.8	122.3	1668	OK
1638	     0	67.6	121.6	1706	OK
1639	     0	68.0	109.3	1727	OK
1640	     0	69.3	122.4	1694	OK
1641	     0	67.7	122.6	1713	OK
1642	     0	66.8	115.0	1714	OK
1643	     0	68.6	117.7	1706	OK
1644	     0	67.8	125.7	1704	OK
1645	     0	67.5	122.5	1673	OK
1646	     0	67.7	117.4	1680	OK
1647	     0	69.2	125.9	1697	OK
1648	     0	67.0	116.5	1676	OK
1649	     0	69.0	123.8	1694	OK
1650	     0	68.1	122.9	1703	OK
1651	     0	68.4	123.1	1710	OK
1652	     0	66.4	116.6	1721	OK
1653	     0	68.1	123.1	1676	OK
1654	     0	66.1	119.8	1711	OK
1655	     0	67.8	115.5	1732	OK
1656	     0	66.7	118.6	1706	OK
1657	     0	67.1	127.9	1667	OK
1658	     0	67.3	118.4	1686	OK
1659	     0	66.7	129.0	1702	OK
1660	     0	66.3	120.3	1681	OK
1661	     0	66.6	123.0	1711	OK
1662	     0	68.1	117.1	1706	OK
1663	     0	70.1	121.8	1666	OK
1664	     0	67.3	121.3	1763	OK
1665	     0	67.8	120.7	1743	OK
1666	     0	68.3	102.9	1797	OK
1667	     0	67.5	119.3	1773	OK
1668	     0	66.8	123.1	1739	OK
1669	     0	67.7	121.7	1763	OK
1670	     0	66.4	120.6	1745	OK
1671	     0	67.4	118.8	1771	OK
1672	     0	66.5	117.9	1754	OK
1673	     0	67.2	125.3	1730	OK
1674	     0	66.0	123.3	1762	OK
1675	     0	66.7	115.2	1752	OK
1676	     0	66.2	121.1	1780	OK
1677	     0	66.3	123.8	1743	OK
1678	     0	65.9	122.8	1755	OK
1679	     0	67.3	123.9	1720	OK
1680	     0	63.8	116.9	1753	OK
1681	     0	64.6	117.0	1750	OK
1682	     0	65.5	114.7	1720	OK
1683	     0	66.5	122.9	1761	OK
1684	     0	65.1	124.4	1735	OK
1685	     0	64.9	116.3	1764	OK
1686	     0	64.9	118.6	1764	OK
1687	     0	67.6	129.6	1768	OK
1688	     0	64.0	117.3	1743	OK
1689	     0	67.8	122.3	1743	OK
1690	     0	64.9	123.5	1704	OK
1691	     0	65.5	125.4	1751	OK
1692	     0	65.6	115.2	1746	OK
1693	     0	64.9	112.8	1755	OK
1694	     0	64.2	114.8	1765	OK
1695	     0	66.8	119.3	1758	OK
1696	     0	64.7	119.0	1734	OK
1697	     0	66.8	115.6	1758	OK
1698	     0	65.9	113.4	1775	OK
1699	     0	66.2	125.1	1770	OK
1700	     0	66.8	127.0	1747	OK
1701	     0	67.6	122.8	1765	OK
1702	     0	64.3	116.2	1762	OK
1703	     0	66.9	115.6	1756	OK
1704	     0	67.1	122.3	1750	OK
1705	     0	67.1	112.9	1791	OK
1706	     0	67.2	123.6	1742	OK
1707	     0	67.0	121.5	1756	OK
1708	     0	66.6	116.1	1829	OK
1709	     0	65.6	115.9	1760	OK
1710	     0	65.0	117.0	1796	OK
1711	     0	66.9	117.4	1754	OK
1712	     0	67.5	126.3	1736	OK
1713	     0	65.3	115.6	1779	OK
1714	     0	66.6	117.1	1794	OK
1715	     0	67.6	118.6	1741	OK
1716	     0	67.6	118.4	1774	OK
1717	     0	67.2	118.5	1782	OK
1718	     0	64.9	112.9	1747	OK
1719	     0	67.2	125.5	1742	OK
1720	     0	66.9	115.8	1775	OK
1721	     0	66.9	115.7	1759	OK
1722	     0	68.2	123.0	1715	OK
1723	     0	67.2	116.0	1774	OK
1724	     0	66.6	116.0	1763	OK
1725	     0	69.4	130.5	1765	OK
1726	     0	68.6	132.8	1753	OK
1727	     0	69.8	119.3	1785	OK
1728	     0	68.5	127.0	1730	OK
1729	     0	68.4	125.9	1758	OK
1730	     0	69.0	127.8	1746	OK
1731	     0	68.9	121.3	1767	OK
1732	     0	69.0	119.5	1753	OK
1733	     0	66.7	128.6	1730	OK
1734	     0	66.9	121.3	1752	OK
1735	     0	68.5	140.8	1735	OK
1736	     0	66.6	114.4	1764	OK
1737	     0	67.5	123.0	1757	OK
1738	     0	67.4	119.9	1747	OK
1739	     0	65.5	122.6	1732	OK
1740	     0	67.5	117.7	1748	OK
1741	     0	67.6	128.9	1750	OK
1742	     0	66.6	117.5	1756	OK
1743	     0	69.0	122.8	1763	OK
1744	     0	65.7	124.8	1770	OK
1745	     0	66.8	121.1	1750	OK
1746	     0	67.8	125.7	1741	OK
1747	     0	66.3	116.3	1743	OK
1748	     0	66.2	121.8	1744	OK
1749	     0	67.7	118.1	1754	OK
1750	     0	69.1	126.6	1760	OK
1751	     0	66.7	115.5	1768	OK
1752	     0	67.2	123.9	1729	OK
1753	     0	67.0	116.4	1781	OK
1754	     0	68.2	122.8	1756	OK
1755	     0	67.4	114.9	1737	OK
1756	     0	68.4	120.8	1771	OK
1757	     0	67.9	115.1	1780	OK
1758	     0	69.6	124.2	1734	OK
1759	     0	67.6	123.7	1732	OK
1760	     0	67.1	118.8	1739	OK
1761	     0	69.1	120.1	1736	OK
1762	     0	65.0	115.2	1767	OK
1763	     0	68.4	123.8	1743	OK
1764	     0	67.7	123.5	1714	OK
1765	     0	68.6	117.9	1768	OK
1766	     0	68.6	124.3	1768	OK
1767	     0	68.6	115.8	1763	OK
1768	     0	67.3	113.3	1765	OK
1769	     0	69.3	128.1	1732	OK
1770	     0	69.7	98.8	1781	OK
1771	     0	67.1	126.0	1742	OK
1772	     0	67.1	120.4	1764	OK
1773	     0	67.8	111.5	1763	OK
1774	     0	69.1	127.6	1749	OK
1775	     0	66.1	116.5	1702	OK
1776	     0	66.4	119.7	1736	OK
1777	     0	65.9	121.0	1726	OK
1778	     0	68.2	127.4	1736	OK
1779	     0	67.3	118.5	1723	OK
1780	     0	67.0	120.3	1728	OK
1781	     0	67.8	129.4	1718	OK
1782	     0	67.4	122.3	1751	OK
1783	     0	66.5	120.6	1743	OK
1784	     0	69.4	121.3	1754	OK
1785	     0	66.9	119.6	1739	OK
1786	     0	67.0	125.0	1764	OK
1787	     0	69.5	124.5	1728	OK
1788	     0	66.5	121.9	1754	OK
1789	     0	69.0	129.3	1738	OK
1790	     0	69.4	122.4	1756	OK
1791	     0	68.5	116.1	1806	OK
1792	     0	73.4	124.5	1682	OK
1793	     0	73.3	132.1	1667	OK
1794	     0	68.7	120.1	1681	OK
1795	     0	71.5	132.5	1679	OK
1796	     0	69.7	124.0	1653	OK
1797	     0	70.3	127.7	1657	OK
1798	     0	71.1	125.1	1641	OK
1799	     0	70.5	124.2	1694	OK
1800	     0	70.6	124.1	1646	OK
1801	     0	69.7	127.0	1665	OK
1802	     0	69.4	122.3	1676	OK
1803	     0	68.4	124.4	1669	OK
1804	     0	69.5	124.5	1649	OK
1805	     0	71.3	138.5	1670	OK
1806	     0	69.2	127.3	1683	OK
1807	     0	69.0	125.6	1652	OK
1808	     0	70.2	122.9	1699	OK
1809	     0	70.4	128.2	1686	OK
1810	     0	68.9	127.2	1644	OK
1811	     0	70.6	122.6	1688	OK
1812	     0	67.5	122.3	1706	OK
1813	     0	71.2	121.1	1675	OK
1814	     0	70.0	122.4	1668	OK
1815	     0	69.1	113.6	1683	OK
1816	     0	69.4	125.6	1633	OK
1817	     0	69.7	129.0	1653	OK
1818	     0	69.6	126.2	1683	OK
1819	     0	68.9	129.0	1644	OK
1820	     0	68.7	122.7	1671	OK
1821	     0	70.1	123.6	1671	OK
1822	     0	69.5	123.8	1675	OK
1823	     0	69.3	121.8	1699	OK
1824	     0	68.6	122.4	1630	OK
1825	     0	69.4	125.6	1676	OK
1826	     0	67.8	124.4	1722	OK
1827	     0	67.3	120.9	1673	OK
1828	     0	67.2	124.1	1674	OK
1829	     0	69.6	122.0	1712	OK
1830	     0	68.7	120.5	1695	OK
1831	     0	71.6	125.6	1675	OK
1832	     0	70.9	120.1	1693	OK
1833	     0	70.6	146.9	1701	OK
1834	     0	69.5	121.8	1697	OK
1835	     0	71.1	124.5	1671	OK
1836	     0	67.7	130.2	1689	OK
1837	     0	69.0	125.4	1669	OK
1838	     0	69.0	127.4	1654	OK
1839	     0	67.4	126.1	1695	OK
1840	     0	68.8	121.1	1666	OK
1841	     0	69.4	129.6	1683	OK
1842	     0	70.2	128.0	1679	OK
1843	     0	69.9	132.3	1678	OK
1844	     0	69.5	130.4	1652	OK
1845	     0	70.6	123.9	1693	OK
1846	     0	70.3	126.8	1727	OK
1847	     0	69.0	130.2	1654	OK
1848	     0	69.4	120.8	1691	OK
1849	     0	70.3	127.0	1654	OK
1850	     0	68.5	120.3	1677	OK
1851	     0	70.3	131.7	1675	OK
1852	     0	70.5	121.9	1721	OK
1853	     0	72.5	126.6	1671	OK
1854	     0	71.8	126.8	1679	OK
1855	     0	72.7	126.1	1681	OK
1856	     0	71.2	125.4	1750	OK
1857	     0	70.6	125.8	1748	OK
1858	     0	68.0	120.8	1709	OK
1859	     0	68.5	126.2	1700	OK
1860	     0	68.7	120.7	1699	OK
1861	     0	68.1	127.7	1687	OK
1862	     0	69.7	127.9	1683	OK
1863	     0	67.2	117.9	1705	OK
1864	     0	69.3	121.0	1659	OK
1865	     0	69.4	127.2	1707	OK
1866	     0	68.9	122.2	1686	OK
1867	     0	67.9	123.6	1690	OK
1868	     0	68.2	120.1	1704	OK
1869	     0	69.3	122.2	1689	OK
1870	     0	68.7	117.9	1706	OK
1871	     0	68.5	120.0	1698	OK
1872	     0	69.5	124.2	1704	OK
1873	     0	68.0	114.2	1709	OK
1874	     0	67.7	123.3	1697	OK
1875	     0	70.3	129.4	1676	OK
1876	     0	68.2	120.5	1700	OK
1877	     0	68.0	124.9	1672	OK
1878	     0	68.4	119.2	1668	OK
1879	     0	67.3	127.3	1681	OK
1880	     0	66.8	120.7	1699	OK
1881	     0	68.1	122.9	1708	OK
1882	     0	67.5	122.6	1690	OK
1883	     0	69.6	125.1	1727	OK
1884	     0	67.7	122.4	1677	OK
1885	     0	70.0	126.5	1687	OK
1886	     0	68.7	124.2	1699	OK
1887	     0	69.2	128.3	1695	OK
1888	     0	67.7	120.7	1697	OK
1889	     0	69.2	130.6	1656	OK
1890	     0	68.9	129.3	1660	OK
1891	     0	68.2	120.9	1704	OK
1892	     0	68.2	115.6	1700	OK
1893	     0	67.5	118.7	1736	OK
1894	     0	66.9	114.4	1688	OK
1895	     0	69.7	126.3	1675	OK
1896	     0	67.0	115.5	1724	OK
1897	     0	68.6	124.5	1675	OK
1898	     0	68.9	117.8	1705	OK
1899	     0	68.8	118.7	1680	OK
1900	     0	70.0	122.8	1691	OK
1901	     0	67.7	119.5	1692	OK
1902	     0	68.0	118.4	1714	OK
1903	     0	68.7	119.2	1692	OK
1904	     0	68.9	130.5	1669	OK
1905	     0	69.8	132.2	1669	OK
1906	     0	70.4	129.6	1702	OK
1907	     0	67.7	122.6	1703	OK
1908	     0	67.7	120.7	1712	OK
1909	     0	68.5	118.2	1700	OK
1910	     0	68.9	121.1	1708	OK
1911	     0	69.2	121.7	1724	OK
1912	     0	68.4	129.6	1696	OK
1913	     0	69.0	126.1	1702	OK
1914	     0	69.0	119.6	1710	OK
1915	     0	69.5	121.0	1727	OK
1916	     0	72.1	127.7	1702	OK
1917	     0	69.8	132.4	1707	OK
1918	     0	70.2	127.5	1689	OK
1919	     0	70.4	132.4	1693	OK
1920	  4000	72.5	120.1	1755	high noise
1921	     0	70.1	125.9	1726	OK
1922	     0	69.8	124.3	1714	OK
1923	     0	69.4	124.2	1677	OK
1924	     0	68.3	124.3	1663	OK
1925	     0	69.8	120.4	1684	OK
1926	     0	70.1	121.2	1685	OK
1927	     0	69.1	126.1	1672	OK
1928	     0	70.5	124.5	1679	OK
1929	     0	70.0	128.3	1658	OK
1930	     0	69.1	123.3	1665	OK
1931	     0	69.2	123.5	1643	OK
1932	     0	69.7	131.9	1655	OK
1933	     0	71.9	99.5	1679	OK
1934	     0	70.1	129.7	1663	OK
1935	     0	68.8	121.7	1651	OK
1936	     0	69.1	124.0	1667	OK
1937	     0	68.9	121.7	1678	OK
1938	     0	70.3	131.7	1655	OK
1939	     0	68.7	127.3	1676	OK
1940	     0	68.5	123.6	1666	OK
1941	     0	68.6	126.8	1678	OK
1942	     0	68.0	122.0	1686	OK
1943	     0	70.0	123.4	1649	OK
1944	     0	67.5	120.7	1686	OK
1945	     0	69.6	129.5	1667	OK
1946	     0	67.2	120.1	1672	OK
1947	     0	69.6	122.7	1669	OK
1948	     0	69.2	147.0	1675	OK
1949	     0	69.7	129.8	1641	OK
1950	     0	70.2	123.7	1654	OK
1951	     0	70.5	121.6	1679	OK
1952	     0	68.5	120.4	1682	OK
1953	     0	69.2	122.9	1654	OK
1954	     0	68.2	123.3	1674	OK
1955	     0	70.0	124.5	1690	OK
1956	     0	68.9	121.0	1666	OK
1957	     0	70.1	128.2	1668	OK
1958	     0	69.8	123.3	1666	OK
1959	     0	70.0	122.8	1673	OK
1960	     0	69.7	126.3	1647	OK
1961	     0	70.5	133.8	1639	OK
1962	     0	70.7	122.7	1686	OK
1963	     0	70.6	129.4	1648	OK
1964	     0	69.9	123.6	1667	OK
1965	     0	70.1	129.8	1627	OK
1966	     0	70.9	126.1	1654	OK
1967	     0	69.0	119.9	1645	OK
1968	     0	69.0	127.1	1649	OK
1969	     0	71.6	131.0	1646	OK
1970	     0	68.9	120.5	1668	OK
1971	     0	69.5	110.7	1655	OK
1972	     0	71.0	123.0	1670	OK
1973	     0	67.4	119.3	1677	OK
1974	     0	71.5	130.8	1654	OK
1975	     0	70.6	123.6	1650	OK
1976	     0	72.0	126.4	1644	OK
1977	     0	71.2	125.5	1664	OK
1978	     0	70.6	125.3	1666	OK
1979	     0	70.1	132.7	1664	OK
1980	     0	71.5	128.1	1653	OK
1981	     0	69.6	122.5	1663	OK
1982	     0	72.5	126.1	1653	OK
1983	     0	73.8	132.2	1638	OK
1984	     0	68.8	129.2	1664	OK
1985	     0	72.7	127.3	1656	OK
1986	     0	72.6	125.8	1655	OK
1987	     0	71.4	127.6	1655	OK
1988	     0	70.1	124.4	1643	OK
1989	     0	70.2	125.6	1654	OK
1990	     0	70.4	131.2	1645	OK
1991	     0	69.5	122.4	1686	OK
1992	     0	70.9	117.0	1653	OK
1993	     0	69.5	126.0	1681	OK
1994	     0	68.3	117.6	1660	OK
1995	     0	70.2	130.9	1653	OK
1996	     0	69.3	127.5	1641	OK
1997	     0	70.4	129.9	1624	OK
1998	     0	69.1	119.7	1663	OK
1999	     0	71.4	128.6	1657	OK
2000	     0	70.4	124.8	1650	OK
2001	     0	70.4	130.9	1680	OK
2002	     0	72.2	124.5	1658	OK
2003	     0	67.3	123.5	1643	OK
2004	     0	70.6	119.5	1657	OK
2005	     0	72.3	134.3	1638	OK
2006	     0	70.0	128.6	1655	OK
2007	     0	68.2	124.2	1646	OK
2008	     0	70.4	126.3	1670	OK
2009	     0	71.1	133.7	1644	OK
2010	     0	68.8	124.9	1635	OK
2011	     0	72.6	122.9	1634	OK
2012	     0	73.6	137.9	1655	OK
2013	     0	72.2	125.9	1672	OK
2014	     0	72.8	127.6	1639	OK
2015	     0	73.4	133.5	1665	OK
2016	     0	69.7	129.4	1650	OK
2017	     0	69.4	124.4	1649	OK
2018	     0	69.8	127.3	1635	OK
2019	     0	69.5	127.1	1650	OK
2020	     0	70.1	121.8	1635	OK
2021	     0	70.5	132.3	1649	OK
2022	     0	71.3	134.2	1629	OK
2023	     0	70.3	124.2	1635	OK
2024	     0	69.5	116.8	1677	OK
2025	     0	71.7	128.9	1655	OK
2026	     0	71.2	128.6	1637	OK
2027	     0	69.5	127.4	1631	OK
2028	     0	70.0	126.5	1654	OK
2029	     0	70.1	128.8	1635	OK
2030	     0	69.4	125.7	1641	OK
2031	     0	70.6	130.1	1644	OK
2032	     0	71.1	126.3	1621	OK
2033	     0	71.0	117.5	1655	OK
2034	     0	69.0	120.9	1655	OK
2035	     0	69.7	129.1	1615	OK
2036	     0	70.5	127.7	1642	OK
2037	     0	71.0	129.0	1673	OK
2038	     0	71.8	128.0	1625	OK
2039	     0	71.0	132.0	1662	OK
2040	     0	69.2	122.7	1642	OK
2041	     0	70.4	129.8	1630	OK
2042	     0	73.2	132.3	1643	OK
2043	     0	73.3	127.1	1650	OK
2044	     0	73.0	129.7	1637	OK
2045	     0	73.0	129.3	1624	OK
2046	     0	76.2	131.6	1649	OK
2047	     0	75.6	135.2	1647	OK
