#chan	code	gain	vt50	innse	comment
   0	     0	67.2	124.4	1562	OK
   1	     0	64.9	117.8	1562	OK
   2	     0	64.8	118.5	1578	OK
   3	     0	64.2	117.1	1562	OK
   4	     0	65.3	120.6	1569	OK
   5	     0	65.6	116.6	1555	OK
   6	     0	64.5	115.4	1572	OK
   7	     0	64.3	116.2	1557	OK
   8	     0	63.2	112.0	1568	OK
   9	     0	64.0	117.6	1545	OK
  10	     0	62.7	114.6	1574	OK
  11	     0	64.8	116.1	1575	OK
  12	     0	64.0	113.7	1560	OK
  13	     0	64.7	116.0	1603	OK
  14	     0	63.0	112.6	1577	OK
  15	     0	62.9	114.0	1574	OK
  16	     0	64.1	114.8	1584	OK
  17	     0	64.7	113.5	1559	OK
  18	     0	63.7	113.1	1556	OK
  19	     0	66.3	120.1	1579	OK
  20	     0	63.8	115.4	1570	OK
  21	     0	66.0	118.1	1570	OK
  22	     0	64.1	122.0	1575	OK
  23	     0	63.6	117.2	1560	OK
  24	     0	64.9	114.8	1556	OK
  25	     0	64.3	117.2	1576	OK
  26	     0	65.9	120.3	1591	OK
  27	     0	63.2	116.5	1565	OK
  28	     0	63.4	117.4	1589	OK
  29	     0	63.9	115.4	1579	OK
  30	     0	64.9	118.8	1554	OK
  31	     0	65.3	117.2	1584	OK
  32	     0	65.0	119.0	1567	OK
  33	     0	63.4	114.8	1582	OK
  34	     0	65.2	120.8	1581	OK
  35	     0	64.0	114.9	1567	OK
  36	     0	66.3	122.4	1546	OK
  37	     0	64.6	113.6	1582	OK
  38	     0	62.9	113.8	1599	OK
  39	     0	63.9	116.8	1575	OK
  40	     0	65.2	114.3	1580	OK
  41	     0	64.5	118.1	1606	OK
  42	     0	65.7	119.9	1587	OK
  43	     0	64.2	119.7	1583	OK
  44	     0	65.2	121.0	1555	OK
  45	     0	63.5	118.1	1577	OK
  46	     0	65.0	117.1	1580	OK
  47	     0	64.2	116.6	1581	OK
  48	     0	64.6	118.0	1576	OK
  49	     0	66.7	122.2	1574	OK
  50	     0	64.2	112.3	1568	OK
  51	     0	63.0	117.1	1591	OK
  52	 50000	-8.3	47.2	   0	very low gain
  53	     0	64.6	119.9	1585	OK
  54	     0	65.0	120.5	1575	OK
  55	     0	64.9	122.9	1572	OK
  56	     0	64.7	120.3	1591	OK
  57	     0	63.5	116.6	1584	OK
  58	     0	64.8	118.2	1580	OK
  59	     0	66.5	119.1	1587	OK
  60	     0	65.9	116.8	1588	OK
  61	     0	67.0	124.9	1601	OK
  62	     0	65.2	121.6	1592	OK
  63	     0	66.5	123.2	1572	OK
  64	     0	69.3	126.3	1583	OK
  65	     0	67.3	119.7	1580	OK
  66	     0	68.0	122.7	1559	OK
  67	     0	65.1	115.7	1587	OK
  68	     0	65.2	119.7	1579	OK
  69	     0	66.7	122.5	1555	OK
  70	     0	66.4	120.1	1586	OK
  71	     0	64.5	117.7	1579	OK
  72	     0	65.5	118.1	1586	OK
  73	     0	65.2	119.2	1582	OK
  74	     0	62.7	113.5	1618	OK
  75	     0	63.7	118.0	1591	OK
  76	     0	64.1	117.5	1578	OK
  77	     0	64.3	118.2	1565	OK
  78	     0	63.5	112.9	1586	OK
  79	     0	65.6	117.0	1586	OK
  80	     0	64.7	116.9	1565	OK
  81	     0	63.0	116.5	1561	OK
  82	     0	63.2	111.9	1566	OK
  83	     0	64.0	119.0	1599	OK
  84	     0	63.4	117.3	1578	OK
  85	     0	64.8	118.7	1595	OK
  86	     0	62.5	115.8	1579	OK
  87	     0	63.1	114.8	1583	OK
  88	     0	63.9	113.2	1585	OK
  89	     0	64.1	116.5	1573	OK
  90	     0	64.7	115.4	1593	OK
  91	     0	65.2	119.6	1572	OK
  92	     0	63.8	115.9	1559	OK
  93	     0	64.2	116.3	1575	OK
  94	     0	64.1	117.5	1575	OK
  95	     0	64.0	116.7	1585	OK
  96	     0	65.3	119.3	1571	OK
  97	     0	65.3	121.0	1580	OK
  98	     0	64.3	118.7	1570	OK
  99	     0	62.6	116.5	1592	OK
 100	     0	63.7	114.4	1566	OK
 101	     0	63.5	118.0	1586	OK
 102	     0	66.1	121.9	1580	OK
 103	     0	64.4	121.5	1593	OK
 104	     0	66.3	119.5	1581	OK
 105	     0	64.0	117.9	1596	OK
 106	     0	65.6	121.0	1580	OK
 107	     0	62.3	111.3	1587	OK
 108	     0	66.5	122.5	1573	OK
 109	     0	66.1	118.4	1571	OK
 110	     0	64.7	117.3	1573	OK
 111	     0	64.1	116.6	1561	OK
 112	     0	65.5	119.3	1568	OK
 113	     0	64.3	114.1	1561	OK
 114	     0	64.3	117.4	1572	OK
 115	     0	66.6	118.2	1578	OK
 116	     0	64.3	119.1	1559	OK
 117	     0	65.9	115.3	1585	OK
 118	     0	65.4	118.9	1568	OK
 119	     0	65.3	120.3	1559	OK
 120	     0	65.8	115.8	1574	OK
 121	     0	65.0	119.9	1553	OK
 122	     0	65.1	117.9	1602	OK
 123	     0	67.0	123.4	1563	OK
 124	     0	66.1	115.9	1572	OK
 125	     0	64.8	114.4	1619	OK
 126	     0	67.0	114.9	1617	OK
 127	  4000	66.6	112.4	1685	high noise
 128	     0	66.9	121.4	1543	OK
 129	     0	67.1	118.7	1554	OK
 130	     0	65.6	123.5	1505	OK
 131	     0	65.6	121.5	1517	OK
 132	     0	65.6	120.2	1519	OK
 133	     0	67.0	119.2	1545	OK
 134	     0	66.5	129.4	1531	OK
 135	     0	65.3	143.8	1538	OK
 136	     0	64.4	118.7	1514	OK
 137	     0	66.9	123.8	1523	OK
 138	     0	64.2	118.8	1519	OK
 139	     0	66.5	118.7	1558	OK
 140	     0	65.1	119.4	1523	OK
 141	     0	66.3	122.3	1512	OK
 142	     0	67.1	121.9	1537	OK
 143	     0	66.0	119.7	1531	OK
 144	     0	65.2	122.6	1525	OK
 145	     0	65.0	116.8	1549	OK
 146	     0	66.6	125.6	1527	OK
 147	     0	64.5	122.4	1513	OK
 148	     0	64.0	120.0	1517	OK
 149	     0	65.4	122.9	1503	OK
 150	     0	64.6	118.9	1521	OK
 151	     0	69.3	123.3	1543	OK
 152	     0	66.2	123.7	1532	OK
 153	     0	64.6	120.3	1542	OK
 154	     0	66.1	120.2	1501	OK
 155	     0	63.1	117.7	1511	OK
 156	     0	66.6	123.4	1526	OK
 157	     0	65.3	119.9	1520	OK
 158	     0	64.9	118.8	1506	OK
 159	     0	64.2	117.6	1524	OK
 160	     0	66.1	122.8	1516	OK
 161	     0	64.7	119.0	1528	OK
 162	     0	66.4	118.4	1533	OK
 163	     0	63.0	116.1	1532	OK
 164	     0	63.3	118.2	1540	OK
 165	     0	63.4	114.0	1516	OK
 166	     0	65.6	119.9	1525	OK
 167	     0	64.3	120.7	1557	OK
 168	     0	64.4	117.1	1512	OK
 169	     0	65.4	121.5	1539	OK
 170	     0	65.2	122.5	1529	OK
 171	     0	65.8	115.1	1522	OK
 172	     0	66.6	123.3	1516	OK
 173	     0	64.2	117.0	1534	OK
 174	     0	65.3	123.2	1540	OK
 175	     0	65.5	118.2	1531	OK
 176	     0	64.0	115.9	1546	OK
 177	     0	63.9	121.9	1531	OK
 178	     0	63.1	114.2	1528	OK
 179	     0	65.6	120.8	1544	OK
 180	     0	64.7	117.1	1540	OK
 181	     0	66.9	123.7	1543	OK
 182	     0	65.0	119.6	1542	OK
 183	     0	66.5	119.2	1523	OK
 184	     0	68.0	122.0	1528	OK
 185	     0	65.3	119.4	1541	OK
 186	     0	65.5	122.2	1528	OK
 187	     0	64.4	116.1	1572	OK
 188	     0	63.3	118.0	1520	OK
 189	     0	67.0	120.6	1557	OK
 190	     0	66.8	120.4	1531	OK
 191	     0	65.6	120.9	1547	OK
 192	     0	64.2	120.1	1545	OK
 193	     0	66.4	123.3	1526	OK
 194	     0	65.2	117.2	1545	OK
 195	     0	67.3	122.3	1567	OK
 196	     0	63.2	119.0	1537	OK
 197	     0	65.0	117.0	1556	OK
 198	     0	65.6	122.7	1542	OK
 199	     0	64.2	120.3	1544	OK
 200	     0	65.3	122.9	1556	OK
 201	     0	64.0	118.4	1541	OK
 202	     0	66.1	120.2	1565	OK
 203	     0	63.7	118.4	1529	OK
 204	     0	65.4	121.6	1514	OK
 205	     0	63.8	117.9	1553	OK
 206	     0	62.5	117.9	1555	OK
 207	     0	63.3	113.8	1591	OK
 208	     0	67.6	123.5	1522	OK
 209	     0	65.4	121.4	1535	OK
 210	     0	64.3	119.2	1547	OK
 211	     0	65.4	120.6	1540	OK
 212	     0	63.8	114.3	1568	OK
 213	     0	63.0	114.3	1522	OK
 214	     0	64.1	120.1	1570	OK
 215	     0	63.6	119.4	1564	OK
 216	     0	64.6	121.3	1562	OK
 217	     0	64.3	118.7	1552	OK
 218	     0	64.1	116.4	1574	OK
 219	     0	65.1	118.8	1558	OK
 220	     0	63.6	119.1	1547	OK
 221	     0	62.2	112.6	1530	OK
 222	     0	64.2	117.7	1521	OK
 223	     0	63.3	120.6	1533	OK
 224	     0	65.4	125.0	1564	OK
 225	     0	62.7	116.6	1561	OK
 226	     0	61.6	111.5	1539	OK
 227	     0	64.3	119.0	1534	OK
 228	     0	62.5	116.0	1574	OK
 229	     0	62.3	117.2	1568	OK
 230	     0	63.5	118.4	1587	OK
 231	     0	64.2	117.0	1575	OK
 232	     0	62.7	114.4	1558	OK
 233	     0	64.5	118.9	1544	OK
 234	     0	61.9	114.6	1552	OK
 235	     0	63.1	114.5	1549	OK
 236	     0	62.7	117.0	1578	OK
 237	     0	61.1	114.4	1546	OK
 238	     0	64.7	120.7	1562	OK
 239	     0	64.3	115.3	1559	OK
 240	     0	63.0	116.5	1571	OK
 241	     0	64.6	118.4	1539	OK
 242	     0	63.3	119.4	1542	OK
 243	     0	62.9	115.5	1562	OK
 244	     0	63.0	114.4	1545	OK
 245	     0	63.4	119.3	1534	OK
 246	     0	64.0	116.0	1536	OK
 247	     0	65.0	117.1	1587	OK
 248	     0	63.2	116.8	1534	OK
 249	     0	65.1	117.0	1565	OK
 250	     0	65.7	121.1	1587	OK
 251	     0	64.7	118.0	1560	OK
 252	     0	66.1	123.2	1550	OK
 253	     0	64.2	119.4	1580	OK
 254	     0	66.5	122.7	1556	OK
 255	     0	64.8	124.9	1546	OK
 256	  4000	71.2	127.9	1531	high noise
 257	  4000	73.8	129.8	1488	high noise
 258	  4000	73.2	132.1	1457	high noise
 259	  4000	70.9	124.6	1483	high noise
 260	  4000	72.0	132.8	1504	high noise
 261	  4000	71.0	126.0	1494	high noise
 262	  4000	72.0	132.4	1502	high noise
 263	  4000	70.7	132.3	1491	high noise
 264	  4000	73.0	136.2	1485	high noise
 265	  4000	72.5	129.7	1510	high noise
 266	  4000	73.2	137.3	1512	high noise
 267	  4000	74.0	131.9	1525	high noise
 268	  4000	70.9	130.7	1560	high noise
 269	  4000	73.4	129.0	1522	high noise
 270	  4000	74.3	133.7	1505	high noise
 271	  4000	72.3	136.2	1508	high noise
 272	  4000	73.6	132.5	1508	high noise
 273	  4000	72.2	128.8	1507	high noise
 274	  4000	70.5	131.5	1515	high noise
 275	  4000	72.1	134.4	1491	high noise
 276	  4000	70.5	132.3	1495	high noise
 277	  4000	72.7	132.6	1518	high noise
 278	  4000	73.4	125.8	1470	high noise
 279	  4000	69.9	127.6	1471	high noise
 280	  4000	70.2	134.9	1496	high noise
 281	  4000	72.6	127.6	1476	high noise
 282	  4000	69.6	123.7	1459	high noise
 283	  4000	70.6	139.4	1461	high noise
 284	  4000	72.5	132.7	1453	high noise
 285	  4000	71.3	132.6	1429	high noise
 286	  4000	69.9	133.0	1455	high noise
 287	  4000	69.9	127.9	1435	high noise
 288	  4000	71.3	130.0	1442	high noise
 289	  4000	68.7	156.6	1448	high noise
 290	     0	72.2	131.6	1397	OK
 291	     0	70.7	126.4	1399	OK
 292	     0	72.5	129.2	1406	OK
 293	     0	72.6	133.9	1392	OK
 294	     0	70.8	125.8	1375	OK
 295	     0	71.1	127.7	1385	OK
 296	     0	71.2	128.8	1373	OK
 297	     0	69.8	125.4	1368	OK
 298	     0	70.1	127.7	1373	OK
 299	     0	69.4	123.7	1367	OK
 300	     0	69.6	126.1	1384	OK
 301	     0	71.4	129.8	1353	OK
 302	     0	70.1	123.8	1374	OK
 303	     0	69.1	125.9	1377	OK
 304	     0	70.8	110.1	1393	OK
 305	     0	69.7	125.8	1382	OK
 306	     0	70.1	130.2	1370	OK
 307	     0	70.9	124.8	1384	OK
 308	     0	73.8	131.0	1363	OK
 309	     0	71.9	131.8	1378	OK
 310	     0	70.0	123.4	1375	OK
 311	     0	71.2	126.3	1383	OK
 312	     0	71.9	129.9	1358	OK
 313	     0	70.4	127.4	1357	OK
 314	     0	71.4	128.8	1377	OK
 315	     0	72.4	128.7	1388	OK
 316	     0	72.4	127.3	1385	OK
 317	     0	71.9	130.9	1373	OK
 318	     0	71.2	125.5	1386	OK
 319	     0	72.5	130.5	1369	OK
 320	     0	72.8	133.5	1369	OK
 321	     0	72.0	128.9	1408	OK
 322	     0	73.4	140.6	1373	OK
 323	     0	71.1	126.8	1388	OK
 324	     0	70.3	129.5	1401	OK
 325	     0	70.3	126.5	1393	OK
 326	     0	70.9	129.1	1384	OK
 327	     0	69.3	122.6	1402	OK
 328	     0	71.4	132.1	1377	OK
 329	     0	70.4	125.4	1385	OK
 330	     0	70.6	126.5	1390	OK
 331	     0	70.8	131.4	1373	OK
 332	     0	69.1	124.2	1389	OK
 333	     0	72.5	132.3	1401	OK
 334	     0	70.8	125.7	1370	OK
 335	     0	71.5	127.7	1380	OK
 336	     0	70.1	123.0	1383	OK
 337	     0	72.6	127.9	1369	OK
 338	     0	69.6	124.0	1401	OK
 339	     0	71.2	128.5	1378	OK
 340	     0	68.4	124.5	1375	OK
 341	     0	68.8	123.8	1401	OK
 342	     0	70.3	131.1	1371	OK
 343	     0	70.1	128.2	1392	OK
 344	     0	68.8	127.4	1380	OK
 345	     0	70.2	130.2	1393	OK
 346	     0	69.7	127.4	1405	OK
 347	     0	69.6	127.8	1416	OK
 348	  4000	70.0	125.3	1423	high noise
 349	     0	70.8	127.3	1414	OK
 350	     0	69.0	124.0	1411	OK
 351	  4000	70.6	127.8	1444	high noise
 352	  4000	70.6	127.9	1422	high noise
 353	  4000	69.8	125.3	1437	high noise
 354	  4000	69.4	126.9	1454	high noise
 355	  4000	67.4	123.8	1431	high noise
 356	  4000	69.8	126.3	1449	high noise
 357	     0	69.9	127.9	1411	OK
 358	     0	71.0	124.5	1408	OK
 359	  4000	70.7	124.6	1422	high noise
 360	     0	69.6	125.3	1390	OK
 361	     0	70.4	127.0	1372	OK
 362	     0	69.6	123.3	1396	OK
 363	     0	70.8	129.2	1390	OK
 364	     0	69.1	125.4	1396	OK
 365	     0	71.2	129.0	1394	OK
 366	     0	70.5	126.8	1385	OK
 367	     0	68.7	124.4	1380	OK
 368	     0	70.5	128.9	1369	OK
 369	     0	69.8	127.9	1387	OK
 370	     0	71.0	128.7	1395	OK
 371	     0	71.3	126.5	1370	OK
 372	     0	71.5	127.4	1375	OK
 373	     0	69.9	126.6	1390	OK
 374	     0	72.8	126.9	1371	OK
 375	     0	70.0	123.8	1371	OK
 376	     0	72.7	129.0	1391	OK
 377	     0	71.9	128.5	1392	OK
 378	     0	72.4	132.7	1381	OK
 379	     0	70.7	132.7	1391	OK
 380	     0	71.2	125.7	1370	OK
 381	     0	70.3	129.2	1376	OK
 382	     0	71.1	124.5	1378	OK
 383	     0	73.7	136.6	1378	OK
 384	     0	73.4	131.6	1472	OK
 385	     0	72.3	127.1	1480	OK
 386	     0	71.4	127.2	1477	OK
 387	     0	70.9	123.3	1459	OK
 388	     0	71.5	129.7	1447	OK
 389	     0	71.7	134.0	1480	OK
 390	     0	71.2	135.5	1477	OK
 391	     0	73.1	132.8	1456	OK
 392	     0	72.0	129.6	1446	OK
 393	     0	71.7	126.1	1475	OK
 394	     0	69.1	127.3	1458	OK
 395	     0	70.0	127.3	1466	OK
 396	     0	68.3	122.9	1469	OK
 397	     0	71.3	129.6	1464	OK
 398	     0	71.8	129.4	1461	OK
 399	     0	68.9	131.9	1480	OK
 400	     0	69.0	128.7	1461	OK
 401	     0	72.4	132.7	1429	OK
 402	     0	70.2	130.4	1447	OK
 403	     0	71.7	133.4	1451	OK
 404	     0	69.6	125.7	1421	OK
 405	     0	70.8	131.3	1402	OK
 406	     0	70.9	131.2	1440	OK
 407	     0	70.5	129.2	1416	OK
 408	     0	71.2	128.8	1410	OK
 409	     0	69.9	124.9	1415	OK
 410	     0	70.3	129.4	1401	OK
 411	     0	70.7	129.4	1418	OK
 412	     0	71.5	131.4	1392	OK
 413	     0	70.2	128.2	1396	OK
 414	     0	69.5	127.9	1375	OK
 415	     0	68.9	127.0	1401	OK
 416	     0	68.9	126.3	1373	OK
 417	     0	69.0	129.4	1375	OK
 418	     0	66.8	123.4	1363	OK
 419	     0	68.8	124.9	1353	OK
 420	     0	69.7	125.1	1356	OK
 421	     0	70.1	130.9	1355	OK
 422	     0	70.6	128.7	1329	OK
 423	     0	70.8	127.7	1336	OK
 424	     0	69.6	127.8	1368	OK
 425	     0	69.6	105.7	1372	OK
 426	     0	68.9	127.7	1338	OK
 427	     0	69.3	125.4	1333	OK
 428	     0	70.4	127.2	1336	OK
 429	     0	68.0	124.8	1362	OK
 430	     0	69.7	125.9	1308	OK
 431	     0	71.2	127.9	1320	OK
 432	     0	68.3	120.8	1331	OK
 433	     0	69.2	124.4	1350	OK
 434	     0	69.9	126.7	1332	OK
 435	     0	69.0	125.1	1340	OK
 436	     0	69.2	126.0	1332	OK
 437	     0	67.2	125.5	1317	OK
 438	     0	70.7	130.0	1316	OK
 439	     0	70.3	129.3	1347	OK
 440	     0	69.1	126.8	1331	OK
 441	     0	70.7	133.1	1349	OK
 442	     0	68.4	126.1	1337	OK
 443	     0	69.7	123.9	1372	OK
 444	     0	68.9	130.2	1356	OK
 445	     0	68.1	127.7	1374	OK
 446	     0	69.8	126.0	1368	OK
 447	     0	70.9	129.6	1372	OK
 448	     0	70.6	127.3	1368	OK
 449	     0	70.3	127.4	1398	OK
 450	     0	69.2	125.3	1398	OK
 451	     0	72.0	128.2	1433	OK
 452	     0	70.0	125.3	1411	OK
 453	     0	70.0	125.6	1446	OK
 454	     0	68.6	137.0	1422	OK
 455	     0	69.0	126.0	1439	OK
 456	     0	69.3	127.7	1429	OK
 457	     0	66.9	125.3	1443	OK
 458	     0	67.9	124.8	1471	OK
 459	     0	68.0	125.0	1486	OK
 460	     0	69.3	127.3	1470	OK
 461	     0	68.9	129.1	1480	OK
 462	     0	68.6	122.2	1504	OK
 463	     0	69.4	126.6	1527	OK
 464	     0	67.4	122.4	1500	OK
 465	     0	66.8	124.0	1528	OK
 466	     0	70.0	130.4	1546	OK
 467	  4000	66.7	93.4	1642	high noise
 468	  4000	69.2	129.2	1628	high noise
 469	  4000	69.5	123.2	1667	high noise
 470	  4000	68.7	126.6	1689	high noise
 471	  4000	66.6	127.2	1737	high noise
 472	  4000	67.7	127.1	1788	high noise
 473	  4000	70.1	121.9	1783	high noise
 474	  4000	69.1	115.5	1808	high noise
 475	  4000	70.0	88.2	1905	high noise
 476	  4000	69.0	125.7	1848	high noise
 477	  4000	67.1	128.9	1847	high noise
 478	  4000	69.8	132.1	1823	high noise
 479	  4000	68.7	122.1	1857	high noise
 480	  4000	67.8	130.0	1835	high noise
 481	  4000	67.5	129.6	1826	high noise
 482	  4000	70.3	129.4	1826	high noise
 483	  4000	67.2	126.7	1797	high noise
 484	  4000	67.6	123.1	1820	high noise
 485	  4000	68.6	122.3	1804	high noise
 486	  4000	66.8	125.4	1774	high noise
 487	  4000	69.7	129.0	1773	high noise
 488	  4000	68.1	126.3	1728	high noise
 489	  4000	67.2	126.9	1717	high noise
 490	  4000	65.5	117.9	1719	high noise
 491	  4000	66.7	123.4	1708	high noise
 492	  4000	68.8	123.3	1652	high noise
 493	  4000	67.7	132.5	1661	high noise
 494	  4000	68.6	115.7	1659	high noise
 495	  4000	69.1	128.4	1638	high noise
 496	  4000	68.3	127.9	1653	high noise
 497	  4000	68.0	121.8	1639	high noise
 498	  4000	68.2	127.4	1622	high noise
 499	     0	67.2	118.4	1606	OK
 500	     0	68.0	128.0	1613	OK
 501	     0	68.1	124.1	1585	OK
 502	     0	67.6	119.6	1587	OK
 503	     0	66.6	123.4	1587	OK
 504	     0	66.7	119.6	1562	OK
 505	     0	70.0	125.0	1547	OK
 506	     0	67.7	121.8	1526	OK
 507	     0	66.9	122.7	1561	OK
 508	     0	68.8	128.3	1536	OK
 509	     0	67.9	122.5	1528	OK
 510	     0	68.2	123.2	1539	OK
 511	     0	69.3	126.6	1546	OK
 512	     0	68.7	124.0	1476	OK
 513	     0	68.7	125.5	1437	OK
 514	     0	68.4	127.4	1447	OK
 515	     0	67.2	123.0	1438	OK
 516	     0	67.9	125.9	1450	OK
 517	     0	68.4	120.2	1455	OK
 518	     0	67.8	123.2	1453	OK
 519	     0	67.8	122.8	1444	OK
 520	     0	66.0	124.2	1438	OK
 521	     0	67.1	145.8	1431	OK
 522	     0	66.5	121.4	1425	OK
 523	     0	68.2	129.8	1447	OK
 524	     0	68.6	126.1	1425	OK
 525	     0	68.2	122.7	1449	OK
 526	     0	69.0	125.3	1436	OK
 527	     0	67.0	123.7	1420	OK
 528	     0	68.3	125.0	1414	OK
 529	     0	68.0	126.7	1431	OK
 530	     0	65.0	120.5	1432	OK
 531	     0	66.9	123.2	1420	OK
 532	     0	67.7	125.2	1433	OK
 533	     0	66.3	125.7	1443	OK
 534	     0	67.5	124.2	1433	OK
 535	     0	68.5	127.0	1405	OK
 536	     0	66.1	127.4	1422	OK
 537	     0	66.2	119.1	1413	OK
 538	     0	66.7	123.1	1411	OK
 539	     0	66.8	124.6	1421	OK
 540	     0	69.0	126.4	1404	OK
 541	     0	67.9	123.6	1444	OK
 542	     0	68.7	134.0	1437	OK
 543	     0	69.8	126.6	1434	OK
 544	     0	67.6	123.4	1430	OK
 545	     0	69.1	128.9	1414	OK
 546	     0	69.2	125.5	1410	OK
 547	     0	68.7	125.4	1424	OK
 548	     0	68.4	125.8	1428	OK
 549	     0	68.8	129.3	1401	OK
 550	     0	67.9	127.1	1398	OK
 551	     0	67.0	123.4	1418	OK
 552	     0	67.8	122.6	1427	OK
 553	     0	66.9	126.2	1425	OK
 554	     0	69.5	123.9	1404	OK
 555	     0	69.1	124.4	1404	OK
 556	     0	67.9	125.6	1423	OK
 557	     0	65.4	122.9	1418	OK
 558	     0	67.3	123.4	1400	OK
 559	     0	68.6	127.1	1412	OK
 560	     0	64.5	118.4	1416	OK
 561	     0	68.0	125.2	1388	OK
 562	     0	68.1	128.4	1408	OK
 563	     0	68.3	126.8	1397	OK
 564	     0	68.4	133.3	1399	OK
 565	     0	67.6	125.7	1406	OK
 566	     0	69.7	128.0	1366	OK
 567	     0	66.3	124.6	1381	OK
 568	     0	68.9	128.8	1397	OK
 569	     0	67.5	125.9	1383	OK
 570	     0	69.2	129.0	1393	OK
 571	     0	69.7	125.6	1395	OK
 572	     0	71.6	128.6	1410	OK
 573	     0	69.7	128.8	1397	OK
 574	     0	68.0	123.7	1405	OK
 575	     0	69.9	130.3	1395	OK
 576	     0	73.1	136.0	1379	OK
 577	     0	69.1	125.3	1386	OK
 578	     0	70.8	128.3	1389	OK
 579	     0	72.0	132.7	1384	OK
 580	     0	69.0	126.2	1395	OK
 581	     0	70.2	131.4	1407	OK
 582	     0	69.7	130.2	1409	OK
 583	     0	69.6	129.8	1405	OK
 584	     0	67.6	124.5	1386	OK
 585	     0	70.4	129.9	1414	OK
 586	     0	68.9	127.1	1381	OK
 587	     0	66.9	125.5	1393	OK
 588	     0	70.4	130.7	1385	OK
 589	     0	69.1	129.7	1384	OK
 590	     0	69.5	128.1	1414	OK
 591	     0	68.2	125.8	1391	OK
 592	     0	68.7	125.5	1390	OK
 593	     0	70.4	129.5	1391	OK
 594	     0	68.3	128.3	1406	OK
 595	     0	69.8	127.9	1388	OK
 596	     0	68.9	127.0	1416	OK
 597	     0	68.5	127.7	1402	OK
 598	     0	69.1	125.6	1412	OK
 599	     0	68.5	124.4	1424	OK
 600	     0	68.2	127.6	1389	OK
 601	     0	70.1	123.2	1410	OK
 602	     0	69.3	130.2	1405	OK
 603	     0	68.6	124.5	1402	OK
 604	     0	69.4	127.9	1408	OK
 605	     0	69.5	126.6	1395	OK
 606	     0	68.6	126.9	1412	OK
 607	     0	68.2	125.9	1419	OK
 608	     0	69.6	125.3	1427	OK
 609	     0	71.2	126.2	1419	OK
 610	     0	69.3	123.6	1427	OK
 611	     0	69.0	124.0	1428	OK
 612	     0	68.9	127.4	1420	OK
 613	     0	71.4	130.8	1431	OK
 614	     0	69.8	130.0	1447	OK
 615	     0	68.7	128.1	1456	OK
 616	     0	69.7	125.8	1443	OK
 617	     0	69.5	127.0	1451	OK
 618	     0	69.9	124.2	1430	OK
 619	     0	69.4	124.4	1438	OK
 620	     0	70.6	128.4	1448	OK
 621	     0	69.7	123.6	1465	OK
 622	     0	68.8	127.2	1463	OK
 623	     0	69.9	124.5	1463	OK
 624	     0	73.4	134.5	1430	OK
 625	     0	68.5	121.6	1455	OK
 626	     0	69.6	127.0	1472	OK
 627	     0	68.4	126.7	1445	OK
 628	     0	70.0	124.7	1443	OK
 629	     0	71.3	127.3	1449	OK
 630	     0	68.4	126.2	1479	OK
 631	     0	68.2	123.1	1464	OK
 632	     0	68.2	127.5	1467	OK
 633	     0	69.5	125.8	1470	OK
 634	     0	70.3	131.4	1480	OK
 635	     0	71.1	126.0	1456	OK
 636	     0	70.2	132.7	1465	OK
 637	     0	70.3	124.0	1498	OK
 638	     0	70.6	127.3	1497	OK
 639	     0	69.9	124.8	1467	OK
 640	     0	73.3	130.2	1436	OK
 641	     0	73.9	133.3	1409	OK
 642	     0	72.1	129.9	1415	OK
 643	     0	72.1	132.6	1421	OK
 644	     0	73.1	140.0	1404	OK
 645	     0	72.7	134.1	1397	OK
 646	     0	74.2	131.8	1390	OK
 647	     0	70.3	126.7	1391	OK
 648	     0	71.7	126.8	1398	OK
 649	     0	70.3	125.6	1398	OK
 650	     0	69.5	126.5	1402	OK
 651	     0	74.6	133.8	1370	OK
 652	     0	68.7	127.9	1373	OK
 653	     0	70.0	127.2	1402	OK
 654	     0	71.6	131.7	1357	OK
 655	     0	70.5	127.4	1380	OK
 656	     0	70.2	127.6	1406	OK
 657	     0	72.7	133.6	1390	OK
 658	     0	70.0	129.2	1412	OK
 659	     0	72.2	127.0	1399	OK
 660	     0	72.7	130.4	1386	OK
 661	     0	72.7	136.1	1372	OK
 662	     0	72.7	127.3	1369	OK
 663	     0	72.9	136.3	1369	OK
 664	     0	70.9	126.3	1382	OK
 665	     0	71.9	128.5	1384	OK
 666	     0	70.6	130.4	1393	OK
 667	     0	71.5	131.1	1385	OK
 668	     0	71.3	128.4	1389	OK
 669	     0	72.3	131.3	1386	OK
 670	     0	70.1	124.7	1382	OK
 671	     0	71.3	127.5	1394	OK
 672	     0	68.7	124.7	1391	OK
 673	     0	68.4	124.3	1397	OK
 674	     0	70.7	131.8	1384	OK
 675	     0	73.1	130.6	1394	OK
 676	     0	70.9	131.2	1371	OK
 677	     0	68.9	123.7	1395	OK
 678	     0	70.2	124.0	1396	OK
 679	     0	70.4	129.5	1379	OK
 680	     0	70.8	128.2	1399	OK
 681	     0	72.4	132.1	1389	OK
 682	     0	69.7	126.7	1382	OK
 683	     0	72.5	127.6	1431	OK
 684	     0	68.6	124.6	1402	OK
 685	     0	69.1	121.7	1438	OK
 686	     0	70.8	126.0	1423	OK
 687	     0	69.9	126.5	1434	OK
 688	     0	71.0	132.6	1418	OK
 689	     0	71.0	127.3	1400	OK
 690	     0	70.6	126.4	1430	OK
 691	     0	68.0	125.8	1413	OK
 692	     0	71.3	127.7	1398	OK
 693	     0	71.3	129.7	1422	OK
 694	     0	73.2	128.3	1418	OK
 695	     0	69.5	130.4	1427	OK
 696	     0	73.2	131.5	1413	OK
 697	     0	72.2	128.2	1423	OK
 698	     0	73.0	132.4	1418	OK
 699	     0	70.5	129.8	1411	OK
 700	     0	72.9	129.9	1445	OK
 701	     0	72.7	133.6	1411	OK
 702	     0	70.9	129.6	1420	OK
 703	     0	73.2	133.9	1431	OK
 704	     0	71.7	128.3	1416	OK
 705	     0	72.7	133.8	1415	OK
 706	     0	72.5	129.8	1401	OK
 707	     0	71.2	131.8	1432	OK
 708	     0	71.7	128.8	1427	OK
 709	     0	72.1	130.2	1423	OK
 710	     0	70.5	128.7	1401	OK
 711	     0	68.3	128.7	1409	OK
 712	     0	69.3	127.1	1409	OK
 713	     0	70.4	124.6	1419	OK
 714	     0	69.7	124.7	1437	OK
 715	     0	69.1	128.7	1424	OK
 716	     0	70.6	133.4	1443	OK
 717	     0	72.0	130.9	1416	OK
 718	     0	70.7	126.5	1441	OK
 719	     0	69.9	123.6	1406	OK
 720	     0	68.1	124.7	1407	OK
 721	     0	69.1	122.2	1411	OK
 722	     0	69.6	122.8	1413	OK
 723	     0	67.4	122.2	1425	OK
 724	     0	70.1	129.8	1421	OK
 725	     0	69.8	127.6	1372	OK
 726	     0	70.5	132.7	1422	OK
 727	     0	70.5	127.2	1418	OK
 728	     0	69.8	125.3	1432	OK
 729	     0	68.9	122.2	1403	OK
 730	     0	72.0	132.1	1442	OK
 731	     0	70.7	125.9	1413	OK
 732	     0	70.8	133.2	1445	OK
 733	     0	71.0	126.8	1432	OK
 734	     0	70.3	128.1	1429	OK
 735	     0	71.1	127.0	1423	OK
 736	     0	69.3	125.0	1416	OK
 737	     0	70.7	124.9	1424	OK
 738	     0	71.9	132.1	1412	OK
 739	     0	71.2	129.2	1404	OK
 740	     0	68.4	125.4	1410	OK
 741	     0	70.3	127.1	1422	OK
 742	     0	71.7	129.3	1414	OK
 743	     0	69.3	126.5	1432	OK
 744	     0	70.3	126.4	1408	OK
 745	     0	72.1	126.0	1420	OK
 746	     0	67.7	124.1	1426	OK
 747	     0	70.9	128.4	1412	OK
 748	     0	70.9	128.7	1433	OK
 749	     0	69.6	123.9	1436	OK
 750	     0	70.1	130.8	1414	OK
 751	     0	69.3	128.9	1422	OK
 752	     0	71.1	129.8	1436	OK
 753	     0	69.0	127.3	1430	OK
 754	     0	69.3	129.2	1443	OK
 755	     0	68.9	129.2	1428	OK
 756	     0	68.0	123.0	1430	OK
 757	     0	68.2	123.2	1454	OK
 758	     0	69.7	125.6	1417	OK
 759	     0	68.8	124.8	1433	OK
 760	     0	72.1	129.3	1446	OK
 761	     0	68.6	125.0	1417	OK
 762	     0	69.1	125.5	1453	OK
 763	     0	70.3	127.2	1410	OK
 764	     0	69.5	123.0	1430	OK
 765	     0	69.1	124.5	1448	OK
 766	     0	70.7	124.1	1427	OK
 767	     0	69.6	126.4	1445	OK
 768	     0	67.7	123.5	1423	OK
 769	     0	65.7	122.7	1428	OK
 770	     0	66.1	123.3	1434	OK
 771	     0	65.0	121.0	1458	OK
 772	     0	63.2	116.7	1417	OK
 773	     0	66.2	118.7	1413	OK
 774	     0	63.7	121.6	1424	OK
 775	     0	62.1	118.0	1414	OK
 776	     0	65.6	119.7	1409	OK
 777	     0	65.2	121.3	1384	OK
 778	     0	65.9	119.1	1380	OK
 779	     0	65.2	122.8	1389	OK
 780	     0	66.6	126.5	1375	OK
 781	     0	64.9	118.3	1394	OK
 782	     0	66.8	124.2	1372	OK
 783	     0	64.7	122.0	1385	OK
 784	     0	65.5	119.3	1405	OK
 785	     0	66.8	124.3	1383	OK
 786	     0	64.3	119.0	1397	OK
 787	     0	66.0	124.2	1359	OK
 788	     0	65.0	120.8	1370	OK
 789	     0	65.5	118.3	1389	OK
 790	     0	65.4	124.1	1388	OK
 791	     0	63.8	119.5	1382	OK
 792	     0	63.8	119.7	1379	OK
 793	     0	64.3	120.9	1375	OK
 794	     0	65.7	120.8	1393	OK
 795	     0	64.9	120.9	1399	OK
 796	     0	66.9	125.0	1345	OK
 797	     0	65.0	119.3	1387	OK
 798	     0	65.4	117.0	1350	OK
 799	     0	66.0	120.8	1374	OK
 800	     0	63.9	117.1	1371	OK
 801	     0	66.1	122.0	1338	OK
 802	     0	63.4	118.9	1385	OK
 803	     0	64.4	116.6	1378	OK
 804	     0	65.1	120.5	1375	OK
 805	     0	67.0	121.9	1388	OK
 806	     0	65.2	121.3	1431	OK
 807	     0	63.7	117.0	1433	OK
 808	     0	65.1	121.1	1419	OK
 809	     0	63.4	119.5	1413	OK
 810	     0	64.5	125.0	1401	OK
 811	     0	63.5	118.0	1448	OK
 812	     0	63.3	118.7	1440	OK
 813	     0	62.5	117.0	1434	OK
 814	     0	63.0	117.0	1428	OK
 815	     0	63.6	116.3	1454	OK
 816	     0	63.8	119.3	1446	OK
 817	     0	63.5	119.7	1464	OK
 818	     0	65.9	117.4	1430	OK
 819	     0	64.7	118.5	1446	OK
 820	     0	62.9	116.0	1432	OK
 821	     0	64.0	116.5	1426	OK
 822	     0	66.6	120.8	1424	OK
 823	     0	65.7	123.3	1437	OK
 824	     0	65.1	115.9	1434	OK
 825	     0	65.1	118.6	1439	OK
 826	     0	65.7	121.8	1436	OK
 827	     0	65.5	124.0	1441	OK
 828	     0	65.7	119.1	1446	OK
 829	     0	66.8	128.4	1443	OK
 830	     0	66.0	120.2	1435	OK
 831	     0	66.4	126.2	1419	OK
 832	     0	67.7	124.9	1418	OK
 833	     0	67.3	126.4	1436	OK
 834	     0	66.9	126.3	1427	OK
 835	     0	63.5	117.1	1416	OK
 836	     0	65.4	124.2	1416	OK
 837	     0	64.1	119.6	1414	OK
 838	     0	65.2	122.8	1427	OK
 839	     0	66.0	121.5	1419	OK
 840	     0	65.2	119.5	1431	OK
 841	     0	64.5	116.8	1424	OK
 842	     0	65.8	121.2	1461	OK
 843	     0	64.8	116.2	1440	OK
 844	     0	65.9	120.9	1436	OK
 845	     0	63.4	115.5	1424	OK
 846	     0	64.5	120.3	1462	OK
 847	     0	64.8	116.2	1421	OK
 848	     0	67.0	131.4	1438	OK
 849	     0	65.9	125.3	1415	OK
 850	     0	65.0	120.8	1435	OK
 851	     0	65.5	121.3	1444	OK
 852	     0	66.2	123.2	1412	OK
 853	     0	64.3	119.6	1433	OK
 854	     0	65.6	122.1	1401	OK
 855	     0	65.5	121.1	1434	OK
 856	     0	65.1	115.4	1434	OK
 857	     0	65.3	123.6	1428	OK
 858	     0	65.7	121.8	1422	OK
 859	     0	63.1	115.2	1421	OK
 860	     0	64.7	116.2	1418	OK
 861	     0	65.3	119.7	1419	OK
 862	     0	66.4	121.8	1411	OK
 863	     0	65.4	116.6	1422	OK
 864	     0	63.6	120.0	1411	OK
 865	     0	64.4	119.2	1437	OK
 866	     0	64.6	119.2	1418	OK
 867	     0	65.7	119.7	1427	OK
 868	     0	65.5	119.7	1428	OK
 869	     0	65.7	120.9	1412	OK
 870	     0	65.4	115.6	1430	OK
 871	     0	65.0	120.9	1395	OK
 872	     0	66.0	119.0	1431	OK
 873	     0	65.1	121.5	1429	OK
 874	     0	67.2	123.6	1451	OK
 875	     0	65.7	118.5	1440	OK
 876	     0	67.1	126.9	1424	OK
 877	     0	64.8	117.1	1409	OK
 878	     0	64.8	118.6	1417	OK
 879	     0	66.9	120.2	1442	OK
 880	     0	65.6	117.4	1414	OK
 881	     0	65.3	117.7	1435	OK
 882	     0	67.2	116.6	1413	OK
 883	     0	67.7	126.6	1413	OK
 884	     0	66.9	123.3	1407	OK
 885	     0	68.5	123.9	1413	OK
 886	     0	69.3	124.5	1423	OK
 887	     0	68.6	122.1	1405	OK
 888	     0	66.3	121.0	1460	OK
 889	     0	67.4	124.7	1380	OK
 890	     0	65.4	123.0	1413	OK
 891	     0	66.1	123.4	1430	OK
 892	     0	67.9	126.3	1415	OK
 893	     0	66.7	119.2	1413	OK
 894	     0	67.6	122.7	1434	OK
 895	     0	66.3	119.4	1379	OK
 896	     0	71.6	123.0	1377	OK
 897	     0	68.9	127.8	1378	OK
 898	     0	69.3	123.4	1335	OK
 899	     0	68.4	122.1	1341	OK
 900	     0	69.6	129.6	1351	OK
 901	     0	66.4	122.4	1341	OK
 902	     0	67.5	123.2	1359	OK
 903	     0	68.0	127.0	1353	OK
 904	     0	67.8	126.4	1331	OK
 905	     0	66.1	122.0	1342	OK
 906	     0	67.0	118.2	1346	OK
 907	     0	67.8	123.2	1346	OK
 908	     0	66.8	124.4	1353	OK
 909	     0	67.1	123.4	1353	OK
 910	     0	68.0	124.9	1349	OK
 911	     0	67.3	127.8	1346	OK
 912	     0	68.6	126.2	1349	OK
 913	     0	67.5	124.7	1374	OK
 914	     0	66.2	119.2	1354	OK
 915	     0	66.1	122.5	1360	OK
 916	     0	66.3	117.2	1363	OK
 917	     0	67.6	119.9	1385	OK
 918	     0	67.1	121.1	1386	OK
 919	     0	65.6	122.8	1398	OK
 920	     0	67.1	123.9	1393	OK
 921	     0	65.9	122.4	1407	OK
 922	     0	67.4	122.4	1408	OK
 923	     0	66.0	119.7	1412	OK
 924	     0	65.9	117.8	1425	OK
 925	     0	64.6	118.4	1406	OK
 926	     0	67.7	119.6	1409	OK
 927	     0	65.8	123.0	1407	OK
 928	     0	66.5	116.8	1425	OK
 929	     0	67.1	119.6	1423	OK
 930	     0	66.4	123.1	1419	OK
 931	     0	67.9	122.4	1418	OK
 932	     0	67.7	118.2	1412	OK
 933	     0	66.8	123.8	1429	OK
 934	     0	67.0	122.7	1425	OK
 935	     0	67.4	119.4	1415	OK
 936	     0	66.3	84.7	1499	OK
 937	     0	67.4	131.9	1450	OK
 938	     0	66.1	118.1	1413	OK
 939	     0	66.0	120.8	1443	OK
 940	     0	66.1	116.8	1463	OK
 941	     0	67.5	116.8	1468	OK
 942	     0	65.8	118.7	1437	OK
 943	     0	66.0	121.4	1443	OK
 944	     0	65.7	119.2	1458	OK
 945	     0	66.2	121.4	1449	OK
 946	     0	67.6	120.0	1445	OK
 947	     0	65.3	117.1	1462	OK
 948	     0	65.4	119.6	1417	OK
 949	     0	66.6	121.6	1452	OK
 950	     0	69.6	128.1	1444	OK
 951	     0	67.4	117.7	1458	OK
 952	     0	68.3	125.8	1442	OK
 953	     0	68.3	123.5	1434	OK
 954	     0	68.1	128.9	1449	OK
 955	     0	68.6	125.0	1463	OK
 956	     0	70.9	126.3	1435	OK
 957	     0	68.4	126.2	1454	OK
 958	     0	69.1	123.1	1463	OK
 959	     0	67.2	119.6	1438	OK
 960	     0	69.6	128.7	1443	OK
 961	     0	69.0	124.5	1456	OK
 962	     0	70.4	125.5	1447	OK
 963	     0	67.3	121.8	1466	OK
 964	     0	68.1	123.2	1441	OK
 965	     0	68.7	125.3	1490	OK
 966	     0	65.5	122.2	1456	OK
 967	     0	65.9	118.8	1432	OK
 968	     0	68.7	123.0	1456	OK
 969	     0	67.5	119.8	1457	OK
 970	     0	67.7	125.6	1454	OK
 971	     0	66.5	124.4	1410	OK
 972	     0	65.1	121.7	1441	OK
 973	     0	67.6	123.3	1443	OK
 974	     0	64.0	117.6	1436	OK
 975	     0	67.4	122.1	1433	OK
 976	     0	66.0	119.4	1451	OK
 977	     0	68.4	123.5	1481	OK
 978	     0	66.0	118.2	1449	OK
 979	     0	65.5	121.0	1460	OK
 980	     0	67.1	120.7	1438	OK
 981	     0	66.3	121.1	1456	OK
 982	     0	65.5	119.1	1463	OK
 983	     0	66.9	122.9	1442	OK
 984	     0	67.9	121.1	1456	OK
 985	     0	66.4	124.3	1461	OK
 986	     0	66.3	124.1	1434	OK
 987	     0	65.5	120.6	1449	OK
 988	     0	66.6	123.7	1443	OK
 989	     0	67.2	125.9	1436	OK
 990	     0	66.3	119.7	1445	OK
 991	     0	66.9	121.0	1445	OK
 992	     0	67.2	123.3	1471	OK
 993	     0	65.1	123.1	1453	OK
 994	     0	65.0	121.7	1459	OK
 995	     0	67.7	123.9	1471	OK
 996	     0	65.6	118.6	1481	OK
 997	     0	67.2	120.4	1464	OK
 998	     0	66.3	122.1	1445	OK
 999	     0	65.3	119.7	1463	OK
1000	     0	67.3	121.4	1461	OK
1001	     0	66.0	123.7	1468	OK
1002	     0	67.4	122.3	1458	OK
1003	     0	66.6	121.1	1460	OK
1004	     0	66.9	121.1	1434	OK
1005	     0	65.1	120.7	1427	OK
1006	     0	68.9	124.9	1448	OK
1007	     0	66.1	124.7	1450	OK
1008	     0	67.1	120.4	1437	OK
1009	     0	66.4	125.7	1431	OK
1010	     0	65.5	119.6	1458	OK
1011	     0	66.8	122.6	1455	OK
1012	     0	67.0	135.3	1456	OK
1013	     0	66.9	122.8	1458	OK
1014	     0	68.0	122.2	1433	OK
1015	     0	68.1	126.1	1421	OK
1016	     0	66.4	121.1	1449	OK
1017	     0	67.2	121.5	1434	OK
1018	     0	67.7	118.9	1433	OK
1019	     0	69.6	129.7	1447	OK
1020	     0	65.7	120.9	1426	OK
1021	     0	65.5	122.2	1419	OK
1022	     0	68.7	126.4	1421	OK
1023	     0	67.6	123.5	1450	OK
1024	     0	67.7	122.2	1507	OK
1025	     0	68.6	123.6	1509	OK
1026	     0	66.4	120.1	1505	OK
1027	     0	64.5	118.1	1495	OK
1028	     0	64.8	116.2	1499	OK
1029	     0	64.2	124.4	1493	OK
1030	     0	64.6	117.1	1508	OK
1031	     0	64.7	117.2	1530	OK
1032	     0	64.1	115.1	1510	OK
1033	     0	63.6	113.8	1500	OK
1034	     0	64.8	122.7	1503	OK
1035	     0	62.6	112.3	1492	OK
1036	     0	65.2	122.5	1483	OK
1037	     0	66.1	122.6	1478	OK
1038	     0	63.9	120.0	1497	OK
1039	     0	62.9	111.2	1503	OK
1040	     0	65.0	117.8	1474	OK
1041	     0	65.1	119.0	1500	OK
1042	     0	63.3	118.6	1493	OK
1043	     0	63.6	117.8	1515	OK
1044	     0	65.3	119.1	1475	OK
1045	     0	64.2	113.5	1499	OK
1046	     0	64.6	115.4	1469	OK
1047	     0	64.3	116.8	1500	OK
1048	     0	64.1	117.8	1516	OK
1049	     0	65.6	119.3	1510	OK
1050	     0	65.7	119.7	1525	OK
1051	     0	68.5	124.2	1507	OK
1052	     0	66.5	118.5	1518	OK
1053	     0	67.4	121.4	1498	OK
1054	     0	67.5	129.9	1497	OK
1055	     0	66.1	122.0	1499	OK
1056	     0	68.3	124.4	1534	OK
1057	     0	63.8	116.6	1483	OK
1058	     0	66.4	121.2	1528	OK
1059	     0	65.0	119.4	1493	OK
1060	     0	67.3	120.4	1485	OK
1061	     0	66.3	120.4	1519	OK
1062	     0	64.1	118.2	1504	OK
1063	     0	64.6	115.9	1507	OK
1064	     0	64.9	118.6	1505	OK
1065	     0	65.2	118.6	1501	OK
1066	     0	66.7	132.9	1508	OK
1067	     0	65.5	119.9	1503	OK
1068	     0	66.4	125.1	1508	OK
1069	     0	65.4	122.2	1488	OK
1070	     0	66.4	121.0	1502	OK
1071	     0	65.7	121.9	1520	OK
1072	     0	64.5	118.2	1496	OK
1073	     0	63.9	119.6	1504	OK
1074	     0	64.3	113.8	1518	OK
1075	     0	64.6	121.3	1523	OK
1076	     0	66.3	119.2	1510	OK
1077	     0	65.2	118.3	1532	OK
1078	     0	66.1	117.9	1506	OK
1079	     0	65.6	121.7	1523	OK
1080	     0	64.2	121.2	1513	OK
1081	     0	66.4	121.8	1512	OK
1082	     0	68.1	123.0	1526	OK
1083	     0	68.6	121.8	1514	OK
1084	     0	65.8	117.7	1502	OK
1085	     0	64.5	118.5	1515	OK
1086	     0	68.4	123.6	1521	OK
1087	     0	68.2	122.9	1500	OK
1088	     0	68.3	126.8	1503	OK
1089	     0	64.4	122.2	1495	OK
1090	     0	67.0	121.3	1504	OK
1091	     0	65.7	118.9	1525	OK
1092	     0	65.0	117.2	1528	OK
1093	     0	65.5	118.3	1505	OK
1094	     0	66.5	123.0	1487	OK
1095	     0	66.0	118.7	1497	OK
1096	     0	68.0	120.5	1494	OK
1097	     0	70.1	128.6	1517	OK
1098	     0	67.2	124.5	1489	OK
1099	     0	64.3	119.8	1507	OK
1100	     0	65.2	118.3	1511	OK
1101	     0	65.4	119.6	1509	OK
1102	     0	65.0	118.8	1496	OK
1103	     0	65.7	116.5	1505	OK
1104	     0	63.6	121.1	1502	OK
1105	     0	65.7	120.2	1522	OK
1106	     0	67.1	120.8	1507	OK
1107	     0	63.5	119.9	1511	OK
1108	     0	63.5	117.0	1526	OK
1109	     0	65.6	117.8	1505	OK
1110	     0	65.5	97.8	1534	OK
1111	     0	62.5	115.5	1507	OK
1112	     0	65.9	119.1	1493	OK
1113	     0	65.2	121.3	1502	OK
1114	     0	66.4	123.4	1467	OK
1115	     0	64.2	119.4	1507	OK
1116	     0	66.4	121.9	1523	OK
1117	     0	65.2	117.2	1516	OK
1118	     0	64.8	118.5	1504	OK
1119	     0	66.3	120.8	1501	OK
1120	     0	65.6	115.4	1515	OK
1121	     0	64.6	120.1	1506	OK
1122	     0	65.2	120.3	1510	OK
1123	     0	65.2	119.6	1521	OK
1124	     0	65.7	120.2	1496	OK
1125	     0	65.1	117.1	1499	OK
1126	     0	65.4	119.4	1479	OK
1127	     0	68.3	125.6	1491	OK
1128	     0	67.2	121.9	1501	OK
1129	     0	66.1	116.3	1528	OK
1130	     0	65.5	116.6	1525	OK
1131	     0	66.8	116.8	1502	OK
1132	     0	64.7	120.3	1482	OK
1133	     0	68.6	122.9	1491	OK
1134	     0	66.3	122.5	1500	OK
1135	     0	65.6	121.4	1484	OK
1136	     0	64.6	115.0	1521	OK
1137	     0	65.0	120.6	1478	OK
1138	     0	66.6	122.0	1523	OK
1139	     0	65.3	109.5	1504	OK
1140	     0	66.6	122.6	1511	OK
1141	     0	67.7	121.0	1481	OK
1142	     0	65.0	115.5	1502	OK
1143	     0	66.3	120.7	1494	OK
1144	     0	66.6	121.5	1493	OK
1145	     0	66.8	125.2	1512	OK
1146	     0	66.9	118.1	1521	OK
1147	     0	67.6	121.2	1516	OK
1148	     0	66.8	116.8	1535	OK
1149	     0	65.6	120.4	1513	OK
1150	     0	68.3	118.0	1560	OK
1151	  4000	68.4	118.9	1599	high noise
1152	     0	64.6	120.0	1483	OK
1153	     0	65.8	125.8	1477	OK
1154	     0	67.1	137.0	1466	OK
1155	     0	65.4	121.3	1480	OK
1156	     0	66.0	122.8	1464	OK
1157	     0	68.5	125.5	1457	OK
1158	     0	67.1	116.0	1459	OK
1159	     0	65.0	120.3	1483	OK
1160	     0	68.0	123.4	1463	OK
1161	     0	67.5	122.8	1471	OK
1162	     0	65.2	121.8	1496	OK
1163	     0	66.8	120.7	1469	OK
1164	     0	64.7	122.3	1485	OK
1165	     0	63.9	116.5	1483	OK
1166	     0	65.7	119.6	1469	OK
1167	     0	64.7	117.0	1449	OK
1168	     0	65.0	120.3	1483	OK
1169	     0	66.3	125.1	1455	OK
1170	     0	65.3	118.4	1503	OK
1171	     0	67.1	124.0	1465	OK
1172	     0	65.2	119.0	1466	OK
1173	     0	67.6	127.3	1477	OK
1174	     0	66.1	117.7	1476	OK
1175	     0	64.2	120.8	1467	OK
1176	     0	65.6	117.5	1463	OK
1177	     0	64.7	118.8	1474	OK
1178	     0	65.8	120.9	1475	OK
1179	     0	67.4	122.9	1450	OK
1180	     0	65.6	117.9	1471	OK
1181	     0	65.2	118.7	1509	OK
1182	     0	64.3	116.5	1475	OK
1183	     0	63.3	117.4	1494	OK
1184	     0	63.7	115.9	1469	OK
1185	     0	65.3	124.1	1458	OK
1186	     0	65.0	122.1	1486	OK
1187	     0	66.4	125.5	1448	OK
1188	     0	64.8	121.8	1466	OK
1189	     0	65.5	119.9	1481	OK
1190	     0	64.7	120.0	1485	OK
1191	     0	65.1	120.5	1486	OK
1192	     0	64.9	122.3	1461	OK
1193	     0	65.4	118.4	1469	OK
1194	     0	64.3	120.2	1479	OK
1195	     0	65.3	121.5	1476	OK
1196	     0	67.2	123.2	1479	OK
1197	     0	64.4	119.7	1478	OK
1198	     0	65.9	119.7	1502	OK
1199	     0	65.0	118.4	1477	OK
1200	     0	67.5	122.4	1447	OK
1201	     0	66.1	121.0	1472	OK
1202	     0	65.4	121.3	1475	OK
1203	     0	63.1	119.7	1485	OK
1204	     0	66.1	119.7	1487	OK
1205	     0	66.6	120.9	1502	OK
1206	     0	65.4	118.1	1492	OK
1207	     0	69.0	127.0	1488	OK
1208	     0	64.8	114.9	1482	OK
1209	     0	65.9	124.0	1505	OK
1210	     0	65.8	121.2	1499	OK
1211	     0	63.6	115.6	1496	OK
1212	     0	65.1	117.8	1496	OK
1213	     0	66.2	122.4	1486	OK
1214	     0	63.8	119.5	1485	OK
1215	     0	66.5	123.1	1462	OK
1216	     0	64.7	120.4	1511	OK
1217	     0	65.7	116.7	1492	OK
1218	     0	65.5	122.0	1486	OK
1219	     0	66.1	124.0	1481	OK
1220	     0	65.5	117.9	1484	OK
1221	     0	64.5	117.4	1456	OK
1222	     0	64.1	118.9	1500	OK
1223	     0	64.3	121.6	1496	OK
1224	     0	63.8	120.2	1485	OK
1225	     0	65.1	118.9	1464	OK
1226	     0	65.4	122.2	1501	OK
1227	     0	63.6	117.4	1492	OK
1228	     0	65.5	120.4	1485	OK
1229	     0	65.4	119.3	1500	OK
1230	     0	66.1	123.0	1502	OK
1231	     0	64.4	119.1	1470	OK
1232	     0	65.6	119.5	1492	OK
1233	     0	65.7	120.9	1502	OK
1234	     0	65.4	119.6	1482	OK
1235	     0	63.1	122.3	1494	OK
1236	     0	65.0	120.2	1498	OK
1237	     0	64.0	123.3	1494	OK
1238	     0	64.9	121.7	1501	OK
1239	     0	64.9	116.4	1491	OK
1240	     0	65.0	121.6	1478	OK
1241	     0	65.7	122.0	1479	OK
1242	     0	64.9	118.4	1474	OK
1243	     0	63.3	120.9	1494	OK
1244	     0	63.8	115.5	1490	OK
1245	     0	62.3	115.5	1519	OK
1246	     0	64.5	116.6	1500	OK
1247	     0	64.8	119.9	1482	OK
1248	     0	65.4	122.8	1498	OK
1249	     0	64.8	114.7	1499	OK
1250	     0	65.7	122.0	1496	OK
1251	     0	63.4	118.3	1459	OK
1252	     0	62.7	117.3	1485	OK
1253	     0	63.7	113.5	1501	OK
1254	     0	62.8	115.8	1491	OK
1255	     0	65.5	120.4	1502	OK
1256	     0	62.9	114.2	1487	OK
1257	     0	64.7	120.7	1491	OK
1258	     0	62.3	114.3	1497	OK
1259	     0	65.1	120.0	1496	OK
1260	     0	64.7	118.5	1508	OK
1261	     0	65.7	139.0	1467	OK
1262	     0	64.2	122.9	1496	OK
1263	     0	63.0	115.3	1483	OK
1264	     0	63.2	118.1	1481	OK
1265	     0	64.2	114.3	1513	OK
1266	     0	65.6	118.6	1517	OK
1267	     0	63.3	116.4	1470	OK
1268	     0	64.9	119.1	1488	OK
1269	     0	64.7	116.4	1493	OK
1270	     0	64.6	120.8	1475	OK
1271	     0	63.1	119.3	1477	OK
1272	     0	65.3	117.1	1477	OK
1273	     0	64.5	118.0	1514	OK
1274	     0	64.7	117.4	1506	OK
1275	     0	64.5	121.3	1500	OK
1276	     0	66.5	119.5	1485	OK
1277	     0	64.7	116.2	1521	OK
1278	     0	66.9	120.9	1503	OK
1279	     0	65.3	121.5	1496	OK
1280	     0	72.2	134.7	1345	OK
1281	     0	72.1	131.1	1330	OK
1282	     0	72.2	132.7	1322	OK
1283	     0	74.5	134.5	1318	OK
1284	     0	74.1	137.6	1317	OK
1285	     0	72.5	130.3	1312	OK
1286	     0	75.0	135.1	1344	OK
1287	     0	74.7	133.7	1316	OK
1288	     0	73.4	133.5	1331	OK
1289	     0	72.9	132.9	1346	OK
1290	     0	70.7	125.9	1343	OK
1291	     0	75.1	134.1	1337	OK
1292	     0	73.8	130.7	1321	OK
1293	     0	71.9	129.8	1314	OK
1294	     0	76.1	133.7	1319	OK
1295	     0	72.3	130.0	1336	OK
1296	     0	72.8	129.7	1344	OK
1297	     0	71.6	132.3	1303	OK
1298	     0	72.5	131.5	1311	OK
1299	     0	72.9	129.4	1326	OK
1300	     0	73.0	136.1	1343	OK
1301	     0	71.4	131.0	1340	OK
1302	     0	70.7	127.6	1341	OK
1303	     0	71.0	128.8	1334	OK
1304	     0	73.0	134.0	1321	OK
1305	     0	69.8	126.5	1331	OK
1306	     0	71.0	130.2	1308	OK
1307	     0	71.4	131.7	1317	OK
1308	     0	70.7	128.6	1332	OK
1309	     0	70.2	126.1	1326	OK
1310	     0	72.6	131.3	1315	OK
1311	     0	72.8	129.5	1323	OK
1312	     0	70.6	130.6	1349	OK
1313	     0	71.5	129.7	1320	OK
1314	     0	72.8	130.9	1325	OK
1315	     0	70.8	130.9	1362	OK
1316	     0	73.2	130.5	1311	OK
1317	     0	72.7	131.0	1321	OK
1318	     0	70.9	131.6	1333	OK
1319	     0	70.9	130.2	1334	OK
1320	     0	73.8	135.1	1303	OK
1321	     0	71.9	131.1	1357	OK
1322	     0	71.2	127.0	1345	OK
1323	     0	72.0	131.3	1348	OK
1324	     0	70.9	130.7	1344	OK
1325	     0	72.6	133.8	1322	OK
1326	     0	71.8	130.8	1345	OK
1327	     0	71.3	128.2	1355	OK
1328	     0	72.7	130.0	1320	OK
1329	     0	71.1	128.7	1350	OK
1330	     0	71.8	131.0	1341	OK
1331	     0	70.9	129.3	1333	OK
1332	     0	73.9	130.5	1358	OK
1333	     0	73.2	129.8	1345	OK
1334	     0	71.1	132.0	1349	OK
1335	     0	72.3	132.9	1353	OK
1336	     0	70.3	127.9	1368	OK
1337	     0	71.9	128.0	1338	OK
1338	     0	70.8	127.6	1332	OK
1339	     0	72.2	131.8	1371	OK
1340	     0	72.6	132.9	1339	OK
1341	     0	71.1	127.4	1360	OK
1342	     0	75.2	134.8	1336	OK
1343	     0	74.7	133.5	1356	OK
1344	     0	71.7	127.4	1357	OK
1345	     0	72.8	135.1	1337	OK
1346	     0	70.4	128.9	1348	OK
1347	     0	70.7	127.8	1364	OK
1348	     0	70.7	127.9	1378	OK
1349	     0	72.2	132.1	1331	OK
1350	     0	70.0	129.2	1358	OK
1351	     0	70.7	128.1	1368	OK
1352	     0	71.7	120.3	1356	OK
1353	     0	72.5	131.5	1352	OK
1354	     0	72.3	127.0	1358	OK
1355	     0	70.7	126.0	1345	OK
1356	     0	70.9	129.4	1344	OK
1357	     0	70.6	134.0	1368	OK
1358	     0	72.9	132.5	1363	OK
1359	     0	69.5	126.0	1364	OK
1360	     0	70.6	128.4	1354	OK
1361	     0	71.2	126.0	1359	OK
1362	     0	70.7	128.0	1360	OK
1363	     0	71.5	128.5	1365	OK
1364	     0	72.4	133.0	1345	OK
1365	     0	70.9	132.6	1357	OK
1366	     0	71.4	129.8	1360	OK
1367	     0	70.5	131.8	1342	OK
1368	     0	70.4	132.1	1347	OK
1369	     0	68.5	128.3	1354	OK
1370	     0	69.5	128.6	1363	OK
1371	     0	70.7	129.1	1373	OK
1372	     0	70.4	130.3	1358	OK
1373	     0	71.1	130.8	1329	OK
1374	     0	70.9	128.2	1359	OK
1375	     0	71.7	129.7	1356	OK
1376	     0	68.9	122.7	1369	OK
1377	     0	68.1	127.0	1367	OK
1378	     0	71.7	124.6	1365	OK
1379	     0	71.6	128.7	1355	OK
1380	     0	71.6	127.9	1357	OK
1381	     0	70.6	125.4	1350	OK
1382	     0	69.7	125.8	1355	OK
1383	     0	69.3	125.5	1365	OK
1384	     0	68.8	122.9	1376	OK
1385	     0	69.8	124.3	1341	OK
1386	     0	71.4	131.7	1341	OK
1387	     0	70.7	130.2	1358	OK
1388	     0	70.2	127.3	1358	OK
1389	     0	70.2	147.5	1358	OK
1390	     0	71.4	130.5	1332	OK
1391	     0	72.8	127.9	1363	OK
1392	     0	71.3	129.6	1376	OK
1393	     0	72.3	129.6	1354	OK
1394	     0	70.3	129.2	1350	OK
1395	     0	70.1	130.9	1354	OK
1396	     0	71.5	129.2	1360	OK
1397	     0	72.9	134.3	1344	OK
1398	     0	69.9	125.3	1380	OK
1399	     0	72.3	131.5	1360	OK
1400	     0	70.5	124.2	1345	OK
1401	     0	70.9	127.6	1360	OK
1402	     0	71.5	130.8	1347	OK
1403	     0	72.9	132.2	1356	OK
1404	     0	72.4	129.1	1348	OK
1405	     0	72.6	132.3	1354	OK
1406	     0	71.3	125.4	1349	OK
1407	     0	73.1	130.6	1364	OK
1408	     0	73.9	133.8	1329	OK
1409	     0	71.8	131.9	1328	OK
1410	     0	72.1	127.5	1347	OK
1411	     0	72.3	130.6	1320	OK
1412	     0	69.4	129.9	1322	OK
1413	     0	71.2	132.0	1341	OK
1414	     0	69.5	126.0	1334	OK
1415	     0	70.4	127.9	1352	OK
1416	     0	72.8	134.1	1326	OK
1417	     0	69.2	131.7	1335	OK
1418	     0	72.9	129.8	1345	OK
1419	     0	69.6	126.5	1340	OK
1420	     0	68.1	128.4	1333	OK
1421	     0	69.3	124.1	1325	OK
1422	     0	69.7	130.2	1323	OK
1423	     0	71.5	129.4	1323	OK
1424	     0	69.4	124.5	1331	OK
1425	     0	70.4	127.1	1336	OK
1426	     0	70.3	128.4	1319	OK
1427	     0	67.7	125.1	1350	OK
1428	     0	70.3	125.7	1352	OK
1429	     0	70.9	129.3	1336	OK
1430	     0	71.1	126.7	1339	OK
1431	     0	70.3	128.7	1340	OK
1432	     0	69.5	128.9	1347	OK
1433	     0	69.7	129.1	1354	OK
1434	     0	69.3	125.7	1342	OK
1435	     0	69.8	127.1	1340	OK
1436	     0	71.3	131.7	1350	OK
1437	     0	69.1	125.4	1342	OK
1438	     0	69.7	132.6	1352	OK
1439	     0	70.5	130.9	1322	OK
1440	     0	69.3	130.1	1346	OK
1441	     0	69.5	128.2	1362	OK
1442	     0	69.6	129.9	1332	OK
1443	     0	71.2	129.9	1359	OK
1444	     0	71.1	128.1	1345	OK
1445	     0	69.1	127.6	1339	OK
1446	     0	71.3	129.4	1346	OK
1447	     0	69.5	126.6	1378	OK
1448	     0	71.3	170.3	1388	OK
1449	     0	69.3	125.4	1336	OK
1450	     0	68.9	128.7	1346	OK
1451	     0	67.8	126.7	1344	OK
1452	     0	68.6	125.3	1358	OK
1453	     0	67.9	130.8	1336	OK
1454	     0	68.7	128.0	1351	OK
1455	     0	71.1	131.8	1346	OK
1456	     0	70.3	131.1	1361	OK
1457	     0	68.0	124.0	1354	OK
1458	     0	70.0	124.7	1379	OK
1459	     0	71.6	127.8	1353	OK
1460	     0	69.7	127.4	1330	OK
1461	     0	71.1	130.7	1373	OK
1462	     0	70.4	129.4	1369	OK
1463	     0	69.1	126.8	1356	OK
1464	     0	70.2	128.2	1355	OK
1465	     0	72.2	132.5	1374	OK
1466	     0	67.8	128.2	1341	OK
1467	     0	67.2	125.8	1388	OK
1468	     0	69.2	128.6	1371	OK
1469	     0	69.8	126.9	1369	OK
1470	     0	70.5	132.1	1370	OK
1471	     0	74.1	137.4	1351	OK
1472	     0	70.0	128.2	1356	OK
1473	     0	69.2	126.8	1329	OK
1474	     0	69.8	126.3	1376	OK
1475	     0	69.6	125.7	1365	OK
1476	     0	68.1	123.1	1378	OK
1477	     0	70.6	127.4	1361	OK
1478	     0	67.2	124.4	1380	OK
1479	     0	67.9	124.6	1379	OK
1480	     0	69.9	125.9	1358	OK
1481	     0	70.1	128.5	1356	OK
1482	     0	66.9	120.2	1366	OK
1483	     0	70.4	127.9	1361	OK
1484	     0	68.3	124.9	1349	OK
1485	     0	69.2	124.9	1369	OK
1486	     0	67.8	125.8	1374	OK
1487	     0	68.6	128.2	1374	OK
1488	     0	69.8	128.8	1380	OK
1489	     0	69.1	125.6	1341	OK
1490	     0	66.2	125.1	1369	OK
1491	     0	68.0	123.2	1372	OK
1492	     0	68.1	125.0	1372	OK
1493	     0	69.3	126.9	1337	OK
1494	     0	68.6	123.0	1358	OK
1495	     0	69.2	125.5	1358	OK
1496	     0	71.2	130.6	1326	OK
1497	     0	68.0	129.9	1377	OK
1498	     0	70.7	129.2	1353	OK
1499	     0	68.1	121.7	1356	OK
1500	     0	68.3	126.7	1364	OK
1501	     0	68.0	124.8	1374	OK
1502	     0	68.1	125.0	1362	OK
1503	     0	67.7	123.0	1353	OK
1504	     0	69.0	127.5	1360	OK
1505	     0	68.4	128.2	1375	OK
1506	     0	69.0	127.5	1378	OK
1507	     0	67.9	123.5	1387	OK
1508	     0	68.2	125.4	1380	OK
1509	     0	70.3	128.1	1367	OK
1510	     0	68.5	125.9	1363	OK
1511	     0	68.3	122.4	1365	OK
1512	     0	67.3	122.9	1364	OK
1513	     0	67.2	128.2	1369	OK
1514	     0	68.7	124.9	1364	OK
1515	     0	67.0	124.5	1363	OK
1516	     0	68.9	123.0	1356	OK
1517	     0	70.5	129.3	1385	OK
1518	     0	66.4	120.5	1356	OK
1519	     0	69.5	129.2	1380	OK
1520	     0	68.4	124.0	1388	OK
1521	     0	68.2	124.5	1348	OK
1522	     0	69.2	127.1	1371	OK
1523	     0	69.1	129.1	1375	OK
1524	     0	70.6	131.0	1372	OK
1525	     0	66.3	120.8	1359	OK
1526	     0	66.5	127.0	1397	OK
1527	     0	67.8	124.4	1383	OK
1528	     0	70.8	133.5	1374	OK
1529	     0	71.9	133.8	1382	OK
1530	     0	69.0	126.5	1381	OK
1531	     0	68.3	124.1	1390	OK
1532	     0	70.8	126.6	1371	OK
1533	     0	69.8	130.3	1356	OK
1534	     0	70.4	131.4	1385	OK
1535	     0	70.4	127.8	1365	OK
1536	     0	66.9	124.4	1358	OK
1537	     0	69.5	128.0	1345	OK
1538	     0	67.3	124.4	1368	OK
1539	     0	68.5	126.7	1342	OK
1540	     0	69.3	126.2	1339	OK
1541	     0	67.5	123.9	1353	OK
1542	     0	69.3	125.0	1356	OK
1543	     0	66.5	123.9	1351	OK
1544	     0	68.8	123.9	1359	OK
1545	     0	66.6	121.8	1340	OK
1546	     0	68.1	127.7	1353	OK
1547	     0	68.6	123.1	1349	OK
1548	     0	69.1	128.9	1349	OK
1549	     0	68.5	126.8	1361	OK
1550	     0	67.5	124.4	1362	OK
1551	     0	67.1	124.5	1365	OK
1552	     0	68.7	126.1	1330	OK
1553	     0	67.7	126.8	1362	OK
1554	     0	67.0	122.9	1343	OK
1555	     0	67.0	124.1	1347	OK
1556	     0	66.9	123.2	1351	OK
1557	     0	69.0	128.0	1355	OK
1558	     0	65.9	120.7	1357	OK
1559	     0	70.0	127.2	1357	OK
1560	     0	68.6	108.3	1352	OK
1561	     0	68.5	122.0	1327	OK
1562	     0	68.8	125.5	1353	OK
1563	     0	69.1	124.3	1356	OK
1564	     0	68.4	123.8	1364	OK
1565	     0	67.4	122.3	1351	OK
1566	     0	67.2	126.0	1340	OK
1567	     0	68.8	124.7	1357	OK
1568	     0	67.8	122.4	1349	OK
1569	     0	67.3	123.8	1373	OK
1570	     0	69.6	128.8	1334	OK
1571	     0	69.4	126.0	1307	OK
1572	     0	66.6	123.1	1332	OK
1573	     0	68.7	128.4	1345	OK
1574	     0	68.7	122.6	1361	OK
1575	     0	68.8	124.9	1353	OK
1576	     0	67.7	146.2	1356	OK
1577	     0	68.8	126.1	1354	OK
1578	     0	68.0	133.9	1356	OK
1579	     0	68.8	123.8	1351	OK
1580	     0	69.9	124.7	1339	OK
1581	     0	67.5	126.5	1341	OK
1582	     0	67.0	121.5	1363	OK
1583	     0	66.4	123.7	1367	OK
1584	     0	68.0	125.2	1361	OK
1585	     0	69.4	126.5	1347	OK
1586	     0	66.5	122.7	1345	OK
1587	     0	67.3	123.8	1335	OK
1588	     0	67.1	122.6	1338	OK
1589	     0	69.5	126.7	1349	OK
1590	     0	70.3	130.2	1364	OK
1591	     0	69.7	126.0	1360	OK
1592	     0	66.7	120.1	1366	OK
1593	     0	68.1	125.0	1362	OK
1594	     0	70.5	129.4	1380	OK
1595	     0	70.2	130.1	1365	OK
1596	     0	68.8	124.1	1355	OK
1597	     0	68.9	125.9	1343	OK
1598	     0	70.8	123.5	1362	OK
1599	     0	71.3	128.9	1352	OK
1600	     0	69.1	126.1	1348	OK
1601	     0	69.5	128.9	1312	OK
1602	     0	69.9	126.6	1331	OK
1603	     0	69.8	130.0	1324	OK
1604	     0	68.5	126.5	1353	OK
1605	     0	70.0	132.9	1311	OK
1606	     0	67.7	126.8	1359	OK
1607	     0	69.0	124.9	1338	OK
1608	     0	69.1	133.9	1341	OK
1609	     0	68.7	127.9	1330	OK
1610	     0	69.9	128.6	1345	OK
1611	     0	70.2	126.0	1341	OK
1612	     0	67.6	127.1	1346	OK
1613	     0	69.0	127.5	1361	OK
1614	     0	68.4	128.0	1349	OK
1615	     0	69.2	126.3	1335	OK
1616	     0	67.8	122.5	1346	OK
1617	     0	70.0	128.6	1341	OK
1618	     0	69.2	121.4	1373	OK
1619	     0	67.7	121.5	1354	OK
1620	     0	69.3	127.5	1347	OK
1621	     0	67.5	125.1	1328	OK
1622	     0	68.5	123.7	1345	OK
1623	     0	69.6	132.6	1336	OK
1624	     0	70.5	126.8	1333	OK
1625	     0	67.6	122.6	1335	OK
1626	     0	68.4	124.5	1357	OK
1627	     0	69.7	125.1	1336	OK
1628	     0	69.0	126.2	1319	OK
1629	     0	67.8	124.8	1331	OK
1630	     0	69.2	128.1	1337	OK
1631	     0	69.8	129.9	1306	OK
1632	     0	68.9	127.6	1337	OK
1633	     0	68.9	125.5	1358	OK
1634	     0	68.1	126.8	1318	OK
1635	     0	68.1	126.9	1343	OK
1636	     0	68.1	124.3	1334	OK
1637	     0	68.3	122.4	1328	OK
1638	     0	67.5	124.9	1335	OK
1639	     0	69.6	127.2	1357	OK
1640	     0	71.7	130.8	1313	OK
1641	     0	70.4	131.8	1328	OK
1642	     0	69.0	123.9	1324	OK
1643	     0	67.8	124.7	1327	OK
1644	     0	68.1	126.8	1336	OK
1645	     0	69.4	126.4	1326	OK
1646	     0	69.4	127.9	1315	OK
1647	     0	70.2	127.9	1339	OK
1648	     0	67.9	129.2	1334	OK
1649	     0	71.2	127.1	1326	OK
1650	     0	70.8	129.8	1339	OK
1651	     0	69.8	129.8	1332	OK
1652	     0	71.3	127.2	1340	OK
1653	     0	69.4	126.9	1328	OK
1654	     0	69.4	126.9	1323	OK
1655	     0	69.9	127.7	1322	OK
1656	     0	68.4	126.4	1339	OK
1657	     0	69.4	123.8	1329	OK
1658	     0	69.6	126.6	1351	OK
1659	     0	69.8	129.3	1332	OK
1660	     0	69.3	126.7	1319	OK
1661	     0	70.7	127.0	1366	OK
1662	     0	70.9	128.0	1316	OK
1663	     0	71.3	132.4	1330	OK
1664	     0	72.8	131.7	1298	OK
1665	     0	73.5	135.6	1288	OK
1666	     0	72.9	131.9	1316	OK
1667	     0	73.5	133.8	1336	OK
1668	     0	73.1	132.4	1319	OK
1669	     0	73.3	132.5	1287	OK
1670	     0	74.0	132.7	1301	OK
1671	     0	73.2	129.7	1306	OK
1672	     0	70.3	129.9	1302	OK
1673	     0	72.0	132.4	1308	OK
1674	     0	71.4	126.6	1324	OK
1675	     0	73.2	136.1	1305	OK
1676	     0	69.9	126.4	1312	OK
1677	     0	71.0	128.0	1326	OK
1678	     0	73.1	131.9	1287	OK
1679	     0	73.0	132.6	1300	OK
1680	     0	72.8	131.7	1310	OK
1681	     0	70.3	128.1	1304	OK
1682	     0	69.5	127.5	1309	OK
1683	     0	71.8	132.5	1306	OK
1684	     0	71.8	147.3	1311	OK
1685	     0	72.4	133.1	1316	OK
1686	     0	72.1	126.7	1302	OK
1687	     0	72.3	131.7	1302	OK
1688	     0	70.4	126.5	1324	OK
1689	     0	69.4	129.1	1307	OK
1690	     0	72.6	130.3	1318	OK
1691	     0	71.0	126.0	1311	OK
1692	     0	72.0	129.3	1311	OK
1693	     0	69.6	125.8	1316	OK
1694	     0	72.7	131.5	1314	OK
1695	     0	72.6	131.2	1300	OK
1696	     0	69.6	127.3	1313	OK
1697	     0	72.6	135.9	1304	OK
1698	     0	72.7	128.8	1308	OK
1699	     0	69.9	125.0	1318	OK
1700	     0	72.0	134.3	1303	OK
1701	     0	70.5	124.7	1323	OK
1702	     0	72.4	131.8	1339	OK
1703	     0	70.8	131.1	1302	OK
1704	     0	72.4	130.4	1313	OK
1705	     0	70.1	128.8	1332	OK
1706	     0	72.1	130.6	1304	OK
1707	     0	72.9	133.0	1335	OK
1708	     0	71.2	129.8	1305	OK
1709	     0	70.7	128.1	1325	OK
1710	     0	71.2	129.4	1332	OK
1711	     0	71.7	128.1	1323	OK
1712	     0	72.4	135.7	1320	OK
1713	     0	73.0	132.2	1326	OK
1714	     0	71.7	132.9	1321	OK
1715	     0	75.4	132.3	1311	OK
1716	     0	74.2	135.8	1331	OK
1717	     0	72.0	127.3	1346	OK
1718	     0	75.6	134.0	1319	OK
1719	     0	71.1	129.3	1329	OK
1720	     0	71.8	133.5	1327	OK
1721	     0	73.4	131.9	1330	OK
1722	     0	70.2	127.7	1355	OK
1723	     0	72.0	133.5	1328	OK
1724	     0	73.3	135.8	1337	OK
1725	     0	72.4	136.2	1356	OK
1726	     0	74.0	133.1	1334	OK
1727	     0	74.1	136.0	1312	OK
1728	     0	73.7	131.9	1345	OK
1729	     0	68.3	124.6	1320	OK
1730	     0	72.8	132.1	1300	OK
1731	     0	71.5	130.0	1335	OK
1732	     0	73.1	133.4	1322	OK
1733	     0	73.1	133.8	1327	OK
1734	     0	70.8	130.6	1333	OK
1735	     0	71.7	130.0	1334	OK
1736	     0	72.7	132.9	1347	OK
1737	     0	68.8	126.0	1331	OK
1738	     0	71.2	129.7	1339	OK
1739	     0	69.5	125.5	1344	OK
1740	     0	72.1	131.5	1313	OK
1741	     0	72.0	129.7	1336	OK
1742	     0	69.7	126.5	1323	OK
1743	     0	67.7	124.7	1350	OK
1744	     0	70.5	127.8	1352	OK
1745	     0	69.5	128.3	1332	OK
1746	     0	70.1	125.4	1318	OK
1747	     0	68.9	122.2	1295	OK
1748	     0	69.5	128.1	1329	OK
1749	     0	67.6	124.2	1338	OK
1750	     0	69.7	127.4	1351	OK
1751	     0	69.1	128.7	1310	OK
1752	     0	70.7	129.5	1312	OK
1753	     0	71.4	132.9	1343	OK
1754	     0	71.3	130.2	1339	OK
1755	     0	70.3	130.9	1319	OK
1756	     0	74.0	135.2	1325	OK
1757	     0	71.3	126.7	1330	OK
1758	     0	70.5	127.7	1324	OK
1759	     0	74.6	136.6	1312	OK
1760	     0	72.2	131.2	1351	OK
1761	     0	72.3	129.9	1301	OK
1762	     0	70.4	126.8	1342	OK
1763	     0	69.9	128.7	1341	OK
1764	     0	70.9	126.9	1336	OK
1765	     0	71.3	125.6	1331	OK
1766	     0	69.9	127.1	1306	OK
1767	     0	67.5	125.5	1336	OK
1768	     0	69.8	126.1	1324	OK
1769	     0	69.8	87.7	1333	OK
1770	     0	69.2	125.5	1333	OK
1771	     0	71.4	128.4	1305	OK
1772	     0	69.5	125.2	1352	OK
1773	     0	72.5	132.0	1326	OK
1774	     0	71.6	131.7	1323	OK
1775	     0	69.9	128.3	1323	OK
1776	     0	70.2	124.8	1323	OK
1777	     0	71.2	130.8	1335	OK
1778	     0	69.6	125.8	1340	OK
1779	     0	71.6	127.4	1335	OK
1780	     0	70.4	127.7	1308	OK
1781	     0	70.4	128.4	1352	OK
1782	     0	72.6	130.4	1338	OK
1783	     0	69.2	127.0	1334	OK
1784	     0	71.7	133.6	1319	OK
1785	     0	73.0	134.1	1342	OK
1786	     0	71.1	130.8	1323	OK
1787	     0	69.0	125.2	1345	OK
1788	     0	70.1	129.5	1365	OK
1789	     0	72.1	130.4	1315	OK
1790	     0	72.3	130.5	1336	OK
1791	     0	72.9	132.6	1354	OK
1792	     0	66.4	122.6	1336	OK
1793	  4000	67.0	120.8	1396	high noise
1794	     0	67.8	124.0	1349	OK
1795	     0	66.3	122.6	1330	OK
1796	     0	66.1	124.5	1320	OK
1797	     0	64.8	119.2	1337	OK
1798	     0	64.9	121.0	1313	OK
1799	     0	63.8	118.7	1288	OK
1800	     0	64.0	121.5	1326	OK
1801	     0	66.3	126.2	1313	OK
1802	     0	66.4	119.5	1324	OK
1803	     0	66.2	123.1	1323	OK
1804	     0	65.9	121.2	1324	OK
1805	     0	65.9	122.6	1330	OK
1806	     0	66.6	123.7	1300	OK
1807	     0	66.2	121.3	1320	OK
1808	     0	65.2	122.1	1334	OK
1809	     0	65.0	123.5	1302	OK
1810	     0	65.1	120.9	1320	OK
1811	     0	68.0	125.8	1311	OK
1812	     0	63.9	119.4	1318	OK
1813	     0	64.2	121.1	1327	OK
1814	     0	66.0	121.5	1329	OK
1815	     0	65.1	122.6	1326	OK
1816	     0	66.0	122.9	1329	OK
1817	     0	63.8	120.4	1323	OK
1818	     0	64.0	122.4	1310	OK
1819	     0	66.5	123.6	1323	OK
1820	     0	66.9	120.3	1297	OK
1821	     0	67.0	123.5	1328	OK
1822	     0	63.9	118.2	1336	OK
1823	     0	65.0	118.2	1316	OK
1824	     0	65.8	173.2	1335	OK
1825	     0	63.6	118.1	1317	OK
1826	     0	65.1	123.1	1309	OK
1827	     0	63.1	120.6	1320	OK
1828	     0	65.0	121.0	1325	OK
1829	     0	64.7	119.6	1306	OK
1830	     0	67.5	125.7	1326	OK
1831	     0	65.7	123.0	1321	OK
1832	     0	64.8	121.6	1325	OK
1833	     0	64.9	120.8	1319	OK
1834	     0	64.6	120.6	1341	OK
1835	     0	66.0	122.4	1304	OK
1836	     0	64.6	118.0	1315	OK
1837	     0	66.0	121.5	1336	OK
1838	     0	64.4	119.9	1330	OK
1839	     0	64.4	125.3	1351	OK
1840	     0	66.5	138.3	1301	OK
1841	     0	64.8	118.8	1341	OK
1842	     0	65.2	120.8	1343	OK
1843	     0	65.2	121.7	1301	OK
1844	     0	66.6	120.8	1293	OK
1845	     0	66.1	124.0	1341	OK
1846	     0	66.5	127.3	1326	OK
1847	     0	65.5	122.7	1300	OK
1848	     0	65.5	121.8	1321	OK
1849	     0	66.0	122.4	1350	OK
1850	     0	65.7	118.0	1324	OK
1851	     0	68.3	127.1	1312	OK
1852	     0	66.1	123.0	1337	OK
1853	     0	68.7	127.7	1320	OK
1854	     0	66.1	122.2	1331	OK
1855	     0	68.3	127.4	1319	OK
1856	     0	68.1	121.7	1313	OK
1857	     0	67.0	124.6	1317	OK
1858	     0	65.2	124.4	1292	OK
1859	     0	66.6	124.9	1332	OK
1860	     0	68.4	124.7	1317	OK
1861	     0	67.8	125.1	1314	OK
1862	     0	66.8	124.4	1325	OK
1863	     0	68.2	127.1	1316	OK
1864	     0	68.1	125.2	1293	OK
1865	     0	67.1	122.0	1310	OK
1866	     0	67.4	126.2	1307	OK
1867	     0	68.2	127.3	1320	OK
1868	     0	66.3	119.1	1335	OK
1869	     0	67.5	124.1	1344	OK
1870	     0	64.1	123.2	1299	OK
1871	     0	66.4	125.4	1288	OK
1872	     0	65.0	122.6	1320	OK
1873	     0	67.5	126.1	1310	OK
1874	     0	64.5	119.1	1317	OK
1875	     0	67.7	126.0	1319	OK
1876	     0	68.3	126.2	1303	OK
1877	     0	66.4	119.2	1317	OK
1878	     0	64.6	119.6	1333	OK
1879	     0	66.7	120.4	1313	OK
1880	     0	66.7	124.5	1290	OK
1881	     0	67.0	123.6	1307	OK
1882	     0	64.2	117.1	1317	OK
1883	     0	64.7	119.9	1314	OK
1884	     0	65.1	122.0	1315	OK
1885	     0	66.4	124.7	1305	OK
1886	     0	67.5	125.7	1302	OK
1887	     0	65.9	119.8	1322	OK
1888	     0	64.2	117.1	1282	OK
1889	     0	66.5	127.2	1295	OK
1890	     0	67.4	123.3	1319	OK
1891	     0	66.4	123.0	1322	OK
1892	     0	66.5	123.3	1326	OK
1893	     0	67.6	125.6	1312	OK
1894	     0	64.9	119.8	1313	OK
1895	     0	65.8	124.0	1312	OK
1896	     0	66.7	125.9	1304	OK
1897	     0	65.0	119.7	1326	OK
1898	     0	66.7	123.7	1303	OK
1899	     0	66.0	121.9	1296	OK
1900	     0	64.6	121.1	1299	OK
1901	     0	67.2	123.5	1305	OK
1902	     0	68.9	126.9	1299	OK
1903	     0	67.0	123.2	1290	OK
1904	     0	67.9	126.4	1302	OK
1905	     0	67.0	124.7	1311	OK
1906	     0	66.6	121.0	1316	OK
1907	     0	67.9	125.8	1296	OK
1908	     0	67.2	124.2	1304	OK
1909	     0	68.7	125.3	1324	OK
1910	     0	66.8	122.7	1314	OK
1911	     0	66.0	120.2	1296	OK
1912	     0	68.8	123.7	1313	OK
1913	     0	68.9	125.3	1313	OK
1914	     0	68.4	124.1	1307	OK
1915	     0	68.7	124.1	1303	OK
1916	     0	68.1	125.2	1342	OK
1917	     0	69.7	126.3	1304	OK
1918	     0	71.3	130.1	1295	OK
1919	     0	67.6	125.7	1288	OK
1920	     0	70.5	123.1	1357	OK
1921	     0	69.8	126.5	1344	OK
1922	     0	67.9	124.0	1323	OK
1923	     0	68.8	124.1	1309	OK
1924	     0	69.8	125.4	1302	OK
1925	     0	67.3	123.8	1324	OK
1926	     0	69.4	127.2	1303	OK
1927	     0	71.0	132.3	1300	OK
1928	     0	66.7	121.2	1310	OK
1929	     0	68.6	126.7	1289	OK
1930	     0	67.9	121.9	1318	OK
1931	     0	70.0	124.8	1301	OK
1932	     0	69.0	122.5	1279	OK
1933	     0	70.0	129.0	1305	OK
1934	     0	69.5	127.5	1281	OK
1935	     0	67.8	122.0	1317	OK
1936	     0	67.6	123.8	1289	OK
1937	     0	69.6	127.1	1294	OK
1938	     0	66.4	121.7	1320	OK
1939	     0	68.2	122.7	1313	OK
1940	     0	66.9	121.1	1304	OK
1941	     0	67.6	123.2	1312	OK
1942	     0	66.3	123.2	1311	OK
1943	     0	65.9	120.8	1287	OK
1944	     0	68.3	124.9	1287	OK
1945	     0	66.0	122.8	1288	OK
1946	     0	66.0	124.1	1290	OK
1947	     0	67.2	124.5	1320	OK
1948	     0	68.5	124.3	1297	OK
1949	     0	67.1	123.2	1291	OK
1950	     0	67.9	125.9	1317	OK
1951	     0	68.5	126.1	1298	OK
1952	     0	67.0	125.6	1318	OK
1953	     0	67.4	126.1	1306	OK
1954	     0	68.0	125.1	1313	OK
1955	     0	66.5	124.4	1298	OK
1956	     0	66.9	121.3	1284	OK
1957	     0	68.8	123.8	1314	OK
1958	     0	67.5	123.4	1318	OK
1959	     0	67.9	125.4	1310	OK
1960	     0	65.8	123.2	1302	OK
1961	     0	68.0	126.3	1326	OK
1962	     0	68.9	127.4	1286	OK
1963	     0	68.1	126.5	1308	OK
1964	     0	67.5	126.0	1314	OK
1965	     0	68.0	138.4	1303	OK
1966	     0	68.4	125.6	1300	OK
1967	     0	70.1	129.4	1306	OK
1968	     0	67.7	129.1	1292	OK
1969	     0	65.7	122.6	1313	OK
1970	     0	67.7	125.1	1309	OK
1971	     0	69.8	128.5	1321	OK
1972	     0	69.5	125.5	1307	OK
1973	     0	69.3	125.0	1296	OK
1974	     0	68.7	124.7	1322	OK
1975	     0	67.2	125.8	1307	OK
1976	     0	68.6	126.4	1315	OK
1977	     0	69.5	125.8	1313	OK
1978	     0	68.8	124.1	1299	OK
1979	     0	68.0	125.0	1294	OK
1980	     0	67.4	124.4	1301	OK
1981	     0	69.6	126.8	1322	OK
1982	     0	68.6	125.6	1331	OK
1983	     0	70.5	130.7	1316	OK
1984	     0	70.0	130.2	1322	OK
1985	     0	67.2	124.1	1311	OK
1986	     0	69.5	126.9	1313	OK
1987	     0	69.7	126.0	1311	OK
1988	     0	70.5	127.1	1324	OK
1989	     0	67.2	122.7	1310	OK
1990	     0	65.7	119.3	1317	OK
1991	     0	67.8	123.6	1308	OK
1992	     0	68.1	115.3	1309	OK
1993	     0	68.6	124.9	1300	OK
1994	     0	69.9	132.0	1294	OK
1995	     0	66.9	120.4	1323	OK
1996	     0	68.3	129.1	1326	OK
1997	     0	67.5	126.0	1301	OK
1998	     0	65.5	122.6	1324	OK
1999	     0	67.4	124.4	1333	OK
2000	     0	68.6	123.9	1322	OK
2001	     0	68.1	125.5	1313	OK
2002	     0	68.3	124.3	1304	OK
2003	     0	68.3	127.5	1314	OK
2004	     0	66.6	120.8	1320	OK
2005	     0	68.8	126.4	1301	OK
2006	     0	66.4	123.3	1301	OK
2007	     0	67.9	124.0	1305	OK
2008	     0	66.1	122.2	1318	OK
2009	     0	66.5	120.9	1329	OK
2010	     0	69.6	127.5	1317	OK
2011	     0	68.8	131.6	1307	OK
2012	     0	68.2	129.7	1302	OK
2013	     0	67.8	124.6	1310	OK
2014	     0	67.5	124.0	1333	OK
2015	     0	69.7	128.3	1318	OK
2016	     0	68.5	123.6	1327	OK
2017	     0	68.2	123.3	1340	OK
2018	     0	68.3	124.4	1336	OK
2019	     0	67.6	121.0	1334	OK
2020	     0	69.0	127.7	1317	OK
2021	     0	69.8	126.7	1304	OK
2022	     0	66.9	122.4	1319	OK
2023	     0	67.4	121.8	1323	OK
2024	     0	67.6	122.2	1324	OK
2025	     0	66.9	122.2	1315	OK
2026	     0	68.1	122.5	1329	OK
2027	     0	68.8	123.6	1308	OK
2028	     0	69.3	128.5	1302	OK
2029	     0	68.1	128.3	1308	OK
2030	     0	68.7	124.8	1306	OK
2031	     0	67.9	124.6	1313	OK
2032	     0	69.4	122.9	1290	OK
2033	     0	69.6	128.3	1314	OK
2034	     0	68.0	125.7	1328	OK
2035	     0	67.6	125.3	1331	OK
2036	     0	67.1	122.1	1315	OK
2037	     0	66.4	124.0	1314	OK
2038	     0	66.8	122.8	1311	OK
2039	     0	68.9	124.2	1317	OK
2040	     0	68.4	125.6	1327	OK
2041	     0	68.8	127.7	1339	OK
2042	     0	69.6	125.7	1291	OK
2043	     0	69.9	125.3	1319	OK
2044	     0	71.8	130.2	1289	OK
2045	     0	68.9	127.8	1317	OK
2046	     0	70.5	131.1	1348	OK
2047	     0	68.7	126.0	1326	OK
