#chan	code	gain	vt50	innse	comment
   0	     0	60.2	89.2	1697	OK
   1	     0	57.5	83.8	1677	OK
   2	     0	57.5	84.0	1673	OK
   3	     0	56.8	83.7	1683	OK
   4	     0	58.1	86.3	1665	OK
   5	     0	58.3	82.0	1662	OK
   6	     0	57.0	81.3	1686	OK
   7	     0	56.6	82.2	1670	OK
   8	     0	55.1	79.1	1699	OK
   9	     0	56.3	84.3	1677	OK
  10	     0	55.3	81.8	1672	OK
  11	     0	56.9	82.1	1694	OK
  12	     0	56.5	79.8	1669	OK
  13	     0	56.8	82.1	1691	OK
  14	     0	55.7	79.7	1684	OK
  15	     0	54.8	81.6	1668	OK
  16	     0	56.8	81.0	1689	OK
  17	     0	56.5	79.6	1703	OK
  18	     0	56.0	79.8	1701	OK
  19	     0	59.4	85.1	1655	OK
  20	     0	56.0	82.0	1669	OK
  21	     0	58.7	82.9	1711	OK
  22	     0	57.1	88.5	1638	OK
  23	     0	56.3	83.9	1667	OK
  24	     0	57.2	80.5	1710	OK
  25	     0	56.7	83.7	1694	OK
  26	     0	59.0	85.3	1680	OK
  27	     0	55.5	83.4	1653	OK
  28	     0	56.0	84.6	1643	OK
  29	     0	56.4	81.9	1700	OK
  30	     0	57.5	84.2	1683	OK
  31	     0	57.9	82.7	1697	OK
  32	     0	57.6	85.1	1702	OK
  33	     0	56.3	81.4	1677	OK
  34	     0	58.1	86.4	1663	OK
  35	     0	56.5	81.4	1699	OK
  36	     0	58.9	87.2	1685	OK
  37	     0	56.9	79.8	1712	OK
  38	     0	55.6	80.5	1673	OK
  39	     0	56.3	83.1	1720	OK
  40	     0	57.2	80.2	1699	OK
  41	     0	57.0	84.5	1684	OK
  42	     0	58.6	85.2	1675	OK
  43	     0	56.9	86.3	1696	OK
  44	     0	58.0	87.0	1679	OK
  45	     0	55.6	85.1	1674	OK
  46	     0	57.3	83.1	1713	OK
  47	     0	56.4	82.6	1701	OK
  48	     0	57.2	84.1	1706	OK
  49	     0	60.0	87.2	1677	OK
  50	     0	56.4	78.7	1748	OK
  51	     0	55.6	84.1	1703	OK
  52	 90000	4.7	44.5	3272	very low gain
  53	     0	57.6	86.1	1669	OK
  54	     0	57.2	86.6	1694	OK
  55	     0	57.8	89.0	1686	OK
  56	     0	57.4	86.0	1684	OK
  57	     0	56.3	83.2	1669	OK
  58	     0	57.5	84.3	1696	OK
  59	     0	59.6	83.9	1699	OK
  60	     0	59.0	81.8	1702	OK
  61	     0	60.2	89.8	1646	OK
  62	     0	58.1	87.6	1669	OK
  63	     0	59.7	88.2	1704	OK
  64	   200	63.1	89.2	1612	high gain
  65	     0	60.2	84.5	1707	OK
  66	     0	61.1	86.7	1676	OK
  67	     0	56.9	81.5	1722	OK
  68	     0	58.0	85.6	1662	OK
  69	     0	59.8	87.3	1651	OK
  70	     0	59.3	84.6	1685	OK
  71	     0	57.0	83.4	1698	OK
  72	     0	58.4	83.3	1659	OK
  73	     0	58.1	84.4	1685	OK
  74	     0	55.0	80.6	1713	OK
  75	     0	56.2	84.7	1685	OK
  76	     0	56.5	83.4	1681	OK
  77	     0	57.3	84.7	1686	OK
  78	     0	55.5	79.5	1721	OK
  79	     0	58.3	82.1	1677	OK
  80	     0	57.1	82.9	1680	OK
  81	     0	55.8	83.3	1647	OK
  82	     0	55.4	78.5	1669	OK
  83	     0	56.2	85.6	1679	OK
  84	     0	56.0	84.0	1700	OK
  85	     0	56.7	84.7	1720	OK
  86	     0	54.4	82.9	1697	OK
  87	     0	55.1	81.9	1682	OK
  88	     0	55.7	79.7	1700	OK
  89	     0	56.2	83.0	1690	OK
  90	     0	56.4	81.8	1711	OK
  91	     0	57.9	84.8	1679	OK
  92	     0	56.0	82.7	1678	OK
  93	     0	56.4	82.1	1679	OK
  94	     0	56.9	83.7	1694	OK
  95	     0	55.6	83.4	1730	OK
  96	     0	57.5	85.1	1691	OK
  97	     0	57.8	86.8	1669	OK
  98	     0	56.4	85.0	1694	OK
  99	     0	54.5	83.9	1711	OK
 100	     0	55.5	81.2	1686	OK
 101	     0	55.4	84.8	1674	OK
 102	     0	58.3	87.1	1655	OK
 103	     0	57.3	88.0	1669	OK
 104	     0	58.4	84.7	1701	OK
 105	     0	55.8	84.8	1675	OK
 106	     0	58.3	86.1	1689	OK
 107	     0	53.6	78.6	1728	OK
 108	     0	59.0	87.2	1659	OK
 109	     0	58.2	83.6	1705	OK
 110	     0	56.5	83.2	1701	OK
 111	     0	55.9	83.1	1703	OK
 112	     0	57.7	84.7	1669	OK
 113	     0	56.1	80.1	1698	OK
 114	     0	56.2	83.5	1707	OK
 115	     0	58.1	83.2	1713	OK
 116	     0	56.0	85.6	1710	OK
 117	     0	57.8	80.3	1667	OK
 118	     0	57.4	84.4	1697	OK
 119	     0	57.8	85.6	1696	OK
 120	     0	57.5	81.1	1682	OK
 121	     0	57.4	86.2	1697	OK
 122	     0	57.2	83.5	1651	OK
 123	     0	59.5	88.1	1681	OK
 124	     0	57.7	80.9	1701	OK
 125	     0	55.8	80.7	1769	OK
 126	     0	57.5	79.0	1771	OK
 127	  4000	55.2	76.4	1785	high noise
 128	     0	60.6	86.6	1628	OK
 129	     0	60.2	83.3	1650	OK
 130	     0	59.3	89.3	1577	OK
 131	     0	58.4	87.6	1592	OK
 132	     0	58.8	85.9	1607	OK
 133	     0	60.8	83.3	1618	OK
 134	     0	60.4	95.1	1596	OK
 135	     0	59.1	110.1	1493	OK
 136	     0	58.2	84.9	1623	OK
 137	     0	60.2	89.0	1572	OK
 138	     0	57.2	85.3	1642	OK
 139	     0	60.1	83.9	1621	OK
 140	     0	58.2	85.0	1627	OK
 141	     0	59.9	87.5	1570	OK
 142	     0	60.1	86.5	1605	OK
 143	     0	60.1	84.8	1614	OK
 144	     0	59.1	88.4	1593	OK
 145	     0	58.2	82.9	1623	OK
 146	     0	60.5	90.6	1593	OK
 147	     0	57.5	88.7	1592	OK
 148	     0	57.2	86.6	1592	OK
 149	     0	58.7	88.6	1584	OK
 150	     0	57.7	85.0	1570	OK
 151	     0	62.9	86.8	1604	OK
 152	     0	59.9	88.5	1603	OK
 153	     0	57.7	86.8	1584	OK
 154	     0	59.8	85.4	1603	OK
 155	     0	56.5	84.7	1590	OK
 156	     0	60.2	88.2	1587	OK
 157	     0	58.7	85.9	1603	OK
 158	     0	58.3	84.8	1593	OK
 159	     0	57.4	84.2	1607	OK
 160	     0	59.7	88.0	1587	OK
 161	     0	58.4	84.7	1614	OK
 162	     0	59.7	83.3	1604	OK
 163	     0	55.9	83.1	1629	OK
 164	     0	56.6	85.3	1605	OK
 165	     0	56.1	81.2	1624	OK
 166	     0	58.4	86.0	1608	OK
 167	     0	57.8	86.9	1619	OK
 168	     0	57.3	83.5	1643	OK
 169	     0	58.7	87.2	1625	OK
 170	     0	58.8	88.3	1612	OK
 171	     0	59.3	80.3	1637	OK
 172	     0	60.7	88.7	1604	OK
 173	     0	57.5	83.3	1603	OK
 174	     0	58.4	89.5	1613	OK
 175	     0	58.5	84.3	1641	OK
 176	     0	56.7	82.7	1621	OK
 177	     0	57.3	88.4	1595	OK
 178	     0	56.3	81.4	1640	OK
 179	     0	59.2	86.7	1635	OK
 180	     0	58.1	83.0	1629	OK
 181	     0	61.0	88.3	1609	OK
 182	     0	58.4	85.4	1627	OK
 183	     0	59.9	83.6	1636	OK
 184	     0	61.3	86.1	1639	OK
 185	     0	58.8	85.1	1646	OK
 186	     0	59.2	87.4	1595	OK
 187	     0	57.9	82.1	1631	OK
 188	     0	56.3	85.4	1653	OK
 189	     0	60.2	85.2	1634	OK
 190	     0	60.5	85.0	1643	OK
 191	     0	58.9	86.6	1630	OK
 192	     0	57.4	86.6	1668	OK
 193	     0	60.4	88.5	1604	OK
 194	     0	58.7	82.7	1634	OK
 195	     0	61.3	86.5	1633	OK
 196	     0	56.2	86.3	1639	OK
 197	     0	57.7	83.3	1668	OK
 198	     0	59.1	88.1	1620	OK
 199	     0	57.5	86.9	1654	OK
 200	     0	58.6	88.8	1638	OK
 201	     0	57.2	85.0	1624	OK
 202	     0	59.1	85.2	1612	OK
 203	     0	56.6	85.2	1664	OK
 204	     0	58.8	87.5	1636	OK
 205	     0	56.8	84.2	1644	OK
 206	     0	55.1	85.5	1674	OK
 207	     0	56.0	81.0	1648	OK
 208	     0	61.1	88.0	1644	OK
 209	     0	58.1	87.1	1648	OK
 210	     0	57.4	85.8	1670	OK
 211	     0	57.3	87.0	1657	OK
 212	     0	56.3	81.0	1687	OK
 213	     0	54.9	81.8	1687	OK
 214	     0	56.5	86.9	1667	OK
 215	     0	56.8	86.6	1655	OK
 216	     0	57.1	87.8	1655	OK
 217	     0	57.2	85.3	1662	OK
 218	     0	56.4	83.0	1693	OK
 219	     0	58.3	84.7	1642	OK
 220	     0	56.2	86.0	1632	OK
 221	     0	54.2	80.4	1671	OK
 222	     0	56.7	84.2	1667	OK
 223	     0	56.3	87.6	1675	OK
 224	     0	58.5	90.9	1611	OK
 225	     0	54.6	84.3	1673	OK
 226	     0	52.9	80.4	1701	OK
 227	     0	56.9	85.6	1641	OK
 228	     0	54.8	83.9	1690	OK
 229	     0	55.1	84.8	1643	OK
 230	     0	56.4	85.5	1615	OK
 231	     0	56.4	83.5	1654	OK
 232	     0	54.9	81.8	1676	OK
 233	     0	57.2	84.8	1657	OK
 234	     0	54.0	82.6	1669	OK
 235	     0	55.2	81.9	1697	OK
 236	     0	54.9	84.3	1658	OK
 237	     0	53.4	82.8	1670	OK
 238	     0	57.3	87.2	1635	OK
 239	     0	56.3	81.7	1702	OK
 240	     0	55.6	83.7	1620	OK
 241	     0	57.0	84.7	1680	OK
 242	     0	56.2	86.5	1657	OK
 243	     0	55.0	83.3	1690	OK
 244	     0	54.4	82.0	1677	OK
 245	     0	56.0	86.8	1662	OK
 246	     0	56.3	83.3	1649	OK
 247	     0	56.7	83.6	1686	OK
 248	     0	55.4	84.1	1667	OK
 249	     0	57.3	83.7	1683	OK
 250	     0	57.6	87.0	1683	OK
 251	     0	57.2	84.7	1674	OK
 252	     0	58.8	88.9	1659	OK
 253	     0	56.6	86.3	1673	OK
 254	     0	59.1	88.3	1655	OK
 255	     0	57.4	91.3	1658	OK
 256	  4000	66.3	89.8	1585	high noise
 257	  4000	69.1	90.4	1591	high noise
 258	  4000	69.1	92.8	1547	high noise
 259	  4000	65.8	87.0	1584	high noise
 260	  4000	67.2	94.5	1547	high noise
 261	  4000	66.5	88.3	1547	high noise
 262	  4000	67.9	94.2	1531	high noise
 263	  4000	66.1	94.7	1535	high noise
 264	     0	68.4	97.4	1511	OK
 265	  4000	67.6	91.1	1546	high noise
 266	  4000	69.4	98.5	1532	high noise
 267	  4000	69.5	92.1	1568	high noise
 268	  4000	66.1	93.5	1534	high noise
 269	  4000	69.0	89.8	1570	high noise
 270	  4000	70.4	94.4	1550	high noise
 271	  4000	67.3	98.2	1543	high noise
 272	  4000	69.1	93.4	1579	high noise
 273	  4000	67.2	90.5	1587	high noise
 274	  4000	66.2	94.1	1540	high noise
 275	  4000	67.3	96.2	1548	high noise
 276	  4000	65.7	95.1	1538	high noise
 277	  4000	68.2	93.7	1549	high noise
 278	  4000	68.4	86.7	1550	high noise
 279	  4000	65.3	90.0	1525	high noise
 280	     0	66.0	98.1	1494	OK
 281	  4000	68.0	89.1	1524	high noise
 282	  4000	65.0	86.3	1536	high noise
 283	     0	66.3	101.9	1449	OK
 284	     0	68.8	94.1	1487	OK
 285	     0	67.3	94.7	1464	OK
 286	     0	64.9	96.0	1461	OK
 287	     0	65.4	90.8	1455	OK
 288	     0	66.6	92.1	1490	OK
 289	     0	63.4	120.9	1378	OK
 290	     0	67.7	93.0	1427	OK
 291	     0	66.9	88.7	1445	OK
 292	     0	68.3	89.8	1444	OK
 293	     0	68.2	95.5	1406	OK
 294	     0	66.4	87.6	1447	OK
 295	     0	66.8	89.7	1432	OK
 296	     0	66.6	90.9	1408	OK
 297	     0	65.6	87.9	1400	OK
 298	     0	66.0	89.8	1404	OK
 299	     0	64.6	86.6	1420	OK
 300	     0	65.1	89.1	1415	OK
 301	     0	66.9	91.1	1411	OK
 302	     0	65.2	86.2	1406	OK
 303	     0	64.2	88.8	1445	OK
 304	     0	64.8	72.6	1441	OK
 305	     0	65.0	88.6	1403	OK
 306	     0	66.0	92.4	1390	OK
 307	     0	66.6	86.7	1391	OK
 308	     0	69.5	91.2	1418	OK
 309	     0	67.9	93.0	1402	OK
 310	     0	65.2	85.5	1408	OK
 311	     0	66.8	87.9	1407	OK
 312	     0	67.7	91.3	1391	OK
 313	     0	65.7	89.8	1402	OK
 314	     0	67.0	90.3	1420	OK
 315	     0	68.7	90.0	1402	OK
 316	     0	68.3	88.4	1415	OK
 317	     0	68.1	92.2	1381	OK
 318	     0	66.5	87.6	1420	OK
 319	     0	68.3	91.3	1411	OK
 320	     0	69.2	94.4	1388	OK
 321	     0	67.8	89.7	1407	OK
 322	     0	69.9	101.0	1405	OK
 323	     0	66.8	88.5	1443	OK
 324	     0	65.7	92.0	1417	OK
 325	     0	65.7	89.0	1413	OK
 326	     0	67.3	90.4	1413	OK
 327	     0	64.7	86.0	1437	OK
 328	     0	67.3	94.1	1403	OK
 329	     0	65.8	87.0	1455	OK
 330	     0	66.3	88.9	1402	OK
 331	     0	66.1	93.5	1426	OK
 332	     0	64.4	86.8	1454	OK
 333	     0	68.5	93.4	1392	OK
 334	     0	66.0	87.3	1414	OK
 335	     0	67.0	89.4	1415	OK
 336	     0	65.7	85.1	1429	OK
 337	     0	67.4	89.3	1416	OK
 338	     0	64.6	86.3	1419	OK
 339	     0	66.9	90.2	1406	OK
 340	     0	63.2	87.9	1416	OK
 341	     0	64.1	86.9	1399	OK
 342	     0	65.2	93.4	1404	OK
 343	     0	65.2	90.7	1402	OK
 344	     0	63.5	90.7	1416	OK
 345	     0	65.2	92.7	1420	OK
 346	     0	64.3	89.9	1417	OK
 347	     0	64.7	90.7	1428	OK
 348	     0	64.0	87.8	1428	OK
 349	     0	65.7	89.6	1410	OK
 350	     0	64.0	87.0	1403	OK
 351	     0	65.3	90.1	1437	OK
 352	     0	65.6	89.9	1401	OK
 353	     0	64.3	87.8	1437	OK
 354	     0	64.2	89.4	1443	OK
 355	     0	61.8	88.2	1453	OK
 356	     0	64.3	88.6	1415	OK
 357	     0	64.2	90.5	1436	OK
 358	     0	65.5	86.4	1426	OK
 359	     0	65.4	87.0	1418	OK
 360	     0	64.0	88.0	1437	OK
 361	     0	65.5	89.0	1398	OK
 362	     0	64.0	85.7	1394	OK
 363	     0	65.8	90.9	1394	OK
 364	     0	64.1	88.1	1384	OK
 365	     0	66.5	91.0	1400	OK
 366	     0	65.4	88.7	1387	OK
 367	     0	63.4	87.4	1395	OK
 368	     0	66.1	91.0	1374	OK
 369	     0	64.5	90.5	1376	OK
 370	     0	65.9	90.3	1396	OK
 371	     0	66.0	88.0	1399	OK
 372	     0	66.7	88.7	1394	OK
 373	     0	64.6	89.1	1391	OK
 374	     0	67.7	87.2	1391	OK
 375	     0	64.9	86.6	1383	OK
 376	     0	67.9	89.4	1405	OK
 377	     0	67.2	89.7	1400	OK
 378	     0	67.5	94.0	1397	OK
 379	     0	66.2	94.7	1374	OK
 380	     0	66.0	87.7	1434	OK
 381	     0	65.7	91.7	1423	OK
 382	     0	66.2	86.4	1417	OK
 383	     0	69.3	97.0	1380	OK
 384	     0	70.8	91.9	1558	OK
 385	     0	69.4	88.0	1574	OK
 386	     0	67.7	88.5	1583	OK
 387	     0	68.0	84.2	1605	OK
 388	     0	68.4	90.8	1573	OK
 389	     0	69.3	95.6	1527	OK
 390	     0	68.5	97.5	1505	OK
 391	     0	69.9	93.6	1550	OK
 392	     0	69.5	90.8	1541	OK
 393	     0	68.2	87.3	1565	OK
 394	     0	66.2	89.9	1552	OK
 395	     0	66.9	90.0	1555	OK
 396	     0	64.9	85.9	1570	OK
 397	     0	68.2	91.5	1533	OK
 398	     0	68.7	90.6	1558	OK
 399	     0	66.0	95.2	1515	OK
 400	     0	65.9	91.7	1520	OK
 401	     0	69.5	93.8	1508	OK
 402	     0	67.3	92.6	1493	OK
 403	     0	69.3	94.8	1485	OK
 404	     0	65.9	88.1	1498	OK
 405	     0	68.2	93.6	1487	OK
 406	     0	67.9	93.0	1458	OK
 407	     0	67.5	91.4	1479	OK
 408	     0	68.1	90.2	1478	OK
 409	     0	66.8	87.1	1473	OK
 410	     0	67.0	91.8	1435	OK
 411	     0	68.0	91.7	1441	OK
 412	     0	68.4	92.9	1413	OK
 413	     0	67.0	90.7	1448	OK
 414	     0	66.3	91.0	1415	OK
 415	     0	65.8	90.2	1426	OK
 416	     0	65.8	88.8	1417	OK
 417	     0	65.9	92.2	1408	OK
 418	     0	63.5	87.5	1396	OK
 419	     0	65.5	87.9	1393	OK
 420	     0	66.6	87.3	1384	OK
 421	     0	67.2	93.7	1379	OK
 422	     0	66.9	90.8	1389	OK
 423	     0	68.0	89.4	1394	OK
 424	     0	66.7	89.7	1367	OK
 425	     0	63.9	68.3	1440	OK
 426	     0	65.5	90.8	1373	OK
 427	     0	65.7	88.2	1386	OK
 428	     0	67.4	89.1	1360	OK
 429	     0	64.4	88.1	1362	OK
 430	     0	66.7	88.1	1354	OK
 431	     0	67.6	89.9	1371	OK
 432	     0	64.7	83.2	1380	OK
 433	     0	65.7	87.4	1386	OK
 434	     0	66.3	89.1	1376	OK
 435	     0	65.7	87.9	1356	OK
 436	     0	65.6	88.6	1393	OK
 437	     0	63.8	89.2	1363	OK
 438	     0	67.8	91.6	1353	OK
 439	     0	67.2	91.8	1363	OK
 440	     0	66.1	89.8	1355	OK
 441	     0	67.7	95.4	1332	OK
 442	     0	65.4	89.0	1387	OK
 443	     0	66.8	86.2	1406	OK
 444	     0	65.6	93.4	1376	OK
 445	     0	65.2	91.3	1366	OK
 446	     0	66.3	88.2	1428	OK
 447	     0	67.7	91.9	1380	OK
 448	     0	68.4	89.0	1403	OK
 449	     0	67.1	89.6	1438	OK
 450	     0	66.6	88.2	1432	OK
 451	     0	69.3	89.6	1474	OK
 452	     0	66.2	87.7	1474	OK
 453	     0	67.1	87.9	1485	OK
 454	     0	64.9	100.6	1425	OK
 455	     0	66.3	88.9	1448	OK
 456	     0	66.0	90.9	1487	OK
 457	     0	63.6	89.7	1481	OK
 458	     0	64.3	88.5	1528	OK
 459	     0	64.2	89.3	1513	OK
 460	     0	65.8	90.2	1544	OK
 461	     0	65.2	92.6	1516	OK
 462	     0	64.6	85.3	1592	OK
 463	     0	65.5	89.7	1560	OK
 464	     0	63.3	86.2	1594	OK
 465	     0	63.1	87.7	1615	OK
 466	     0	66.8	92.9	1618	OK
 467	  4000	60.1	58.9	1748	high noise
 468	  4000	65.5	92.2	1704	high noise
 469	  4000	65.5	85.8	1786	high noise
 470	  4000	64.5	89.8	1847	high noise
 471	  4000	63.0	91.9	1811	high noise
 472	  4000	64.5	90.5	1895	high noise
 473	  4000	66.6	84.4	1921	high noise
 474	  4000	64.8	78.2	1941	high noise
 475	  4000	65.0	52.3	1964	high noise
 476	  4000	65.7	88.9	1966	high noise
 477	  4000	63.3	93.3	1968	high noise
 478	  4000	66.5	94.9	1976	high noise
 479	 80000	64.7	85.5	2016	very high noise
 480	  4000	64.5	93.8	1953	high noise
 481	  4000	64.0	93.8	1942	high noise
 482	  4000	66.6	91.9	1976	high noise
 483	  4000	62.8	91.1	1976	high noise
 484	  4000	63.3	87.0	1951	high noise
 485	  4000	65.0	85.4	1957	high noise
 486	  4000	62.6	90.1	1898	high noise
 487	  4000	65.6	91.3	1884	high noise
 488	  4000	64.2	89.6	1917	high noise
 489	  4000	62.9	91.3	1891	high noise
 490	  4000	61.1	82.5	1862	high noise
 491	  4000	62.6	87.6	1832	high noise
 492	  4000	65.0	86.2	1810	high noise
 493	  4000	63.5	96.3	1767	high noise
 494	  4000	63.8	78.3	1797	high noise
 495	  4000	64.5	91.4	1764	high noise
 496	  4000	64.1	91.8	1758	high noise
 497	  4000	63.1	85.3	1760	high noise
 498	  4000	63.8	90.6	1747	high noise
 499	  4000	62.5	82.3	1745	high noise
 500	  4000	63.8	91.9	1678	high noise
 501	  4000	63.9	87.5	1721	high noise
 502	  4000	63.0	82.6	1709	high noise
 503	  4000	61.8	87.8	1666	high noise
 504	  4000	61.7	84.0	1673	high noise
 505	  4000	66.4	87.1	1648	high noise
 506	  4000	62.7	85.6	1661	high noise
 507	     0	62.0	87.2	1615	OK
 508	     0	65.1	91.4	1591	OK
 509	     0	63.5	86.0	1619	OK
 510	     0	64.2	86.6	1594	OK
 511	     0	65.4	89.4	1588	OK
 512	  4000	63.7	88.0	1509	high noise
 513	  4000	63.9	89.4	1533	high noise
 514	     0	63.3	91.3	1488	OK
 515	  4000	61.7	87.9	1528	high noise
 516	     0	63.0	90.6	1491	OK
 517	     0	64.0	84.0	1499	OK
 518	     0	63.0	87.6	1479	OK
 519	     0	62.8	87.1	1481	OK
 520	     0	61.3	89.5	1468	OK
 521	     0	61.2	111.2	1375	OK
 522	     0	61.6	86.5	1468	OK
 523	     0	63.9	94.0	1424	OK
 524	     0	64.0	90.3	1447	OK
 525	     0	63.5	87.1	1486	OK
 526	     0	63.8	89.3	1478	OK
 527	     0	61.8	88.3	1490	OK
 528	     0	63.4	89.3	1450	OK
 529	     0	62.7	91.1	1470	OK
 530	     0	59.3	87.0	1480	OK
 531	     0	61.9	88.3	1451	OK
 532	     0	62.6	89.9	1465	OK
 533	     0	61.0	91.5	1430	OK
 534	     0	62.4	89.1	1446	OK
 535	     0	63.6	91.3	1445	OK
 536	     0	61.1	93.4	1427	OK
 537	     0	61.1	84.1	1455	OK
 538	     0	61.5	88.4	1441	OK
 539	     0	62.1	89.9	1445	OK
 540	     0	64.2	90.3	1427	OK
 541	     0	62.6	88.1	1450	OK
 542	     0	63.4	98.4	1422	OK
 543	     0	65.2	90.0	1456	OK
 544	     0	62.7	88.4	1457	OK
 545	     0	64.5	93.0	1433	OK
 546	     0	64.2	89.4	1452	OK
 547	     0	64.0	89.4	1433	OK
 548	     0	63.5	90.2	1420	OK
 549	     0	64.3	93.4	1392	OK
 550	     0	63.0	91.6	1395	OK
 551	     0	61.8	88.5	1449	OK
 552	     0	62.6	86.9	1419	OK
 553	     0	62.4	91.2	1403	OK
 554	     0	64.3	87.9	1444	OK
 555	     0	64.4	88.5	1414	OK
 556	     0	63.0	90.6	1415	OK
 557	     0	60.4	88.9	1424	OK
 558	     0	62.3	88.4	1435	OK
 559	     0	64.2	91.0	1416	OK
 560	     0	59.4	84.9	1424	OK
 561	     0	63.0	89.6	1401	OK
 562	     0	62.9	93.1	1374	OK
 563	     0	63.7	91.1	1370	OK
 564	     0	63.9	97.9	1343	OK
 565	     0	62.8	90.8	1415	OK
 566	     0	65.0	91.7	1376	OK
 567	     0	61.6	90.0	1377	OK
 568	     0	64.4	93.1	1384	OK
 569	     0	62.9	90.3	1319	OK
 570	     0	65.0	93.4	1366	OK
 571	     0	65.5	89.0	1353	OK
 572	     0	67.1	91.1	1400	OK
 573	     0	65.0	92.7	1402	OK
 574	     0	63.6	88.0	1359	OK
 575	     0	65.2	93.8	1380	OK
 576	     0	69.4	97.1	1364	OK
 577	     0	64.8	89.5	1377	OK
 578	     0	66.7	91.1	1391	OK
 579	     0	68.0	95.6	1375	OK
 580	     0	64.2	90.3	1395	OK
 581	     0	66.1	94.9	1353	OK
 582	     0	65.7	94.0	1389	OK
 583	     0	64.9	93.6	1403	OK
 584	     0	62.9	89.4	1361	OK
 585	     0	65.9	92.8	1398	OK
 586	     0	64.4	91.3	1399	OK
 587	     0	62.1	90.8	1361	OK
 588	     0	66.1	93.7	1397	OK
 589	     0	64.3	93.8	1378	OK
 590	     0	64.7	91.3	1390	OK
 591	     0	63.8	90.3	1402	OK
 592	     0	64.1	89.7	1395	OK
 593	     0	65.8	93.0	1409	OK
 594	     0	63.6	92.4	1398	OK
 595	     0	65.5	91.3	1394	OK
 596	     0	64.1	90.8	1399	OK
 597	     0	63.5	92.3	1416	OK
 598	     0	64.6	89.2	1426	OK
 599	     0	64.1	88.7	1418	OK
 600	     0	63.6	92.1	1401	OK
 601	     0	65.8	86.3	1414	OK
 602	     0	64.6	94.3	1400	OK
 603	     0	63.3	88.9	1454	OK
 604	     0	64.6	91.6	1438	OK
 605	     0	64.7	90.0	1440	OK
 606	     0	63.8	91.5	1416	OK
 607	     0	63.5	90.5	1465	OK
 608	     0	65.5	88.8	1429	OK
 609	     0	66.2	88.8	1470	OK
 610	     0	64.9	86.9	1474	OK
 611	     0	64.2	88.1	1448	OK
 612	     0	64.8	90.8	1451	OK
 613	     0	67.0	93.8	1452	OK
 614	     0	65.6	93.9	1447	OK
 615	     0	63.9	92.6	1470	OK
 616	  4000	65.4	89.1	1511	high noise
 617	     0	65.2	90.6	1495	OK
 618	  4000	65.5	87.3	1509	high noise
 619	  4000	65.4	87.6	1522	high noise
 620	     0	66.7	91.0	1492	OK
 621	  4000	65.1	86.7	1528	high noise
 622	  4000	64.6	90.9	1507	high noise
 623	  4000	65.6	87.7	1541	high noise
 624	  4000	69.0	96.2	1515	high noise
 625	  4000	63.5	85.2	1600	high noise
 626	  4000	65.8	90.3	1551	high noise
 627	  4000	63.9	90.8	1546	high noise
 628	  4000	66.0	87.4	1571	high noise
 629	  4000	67.0	89.8	1577	high noise
 630	  4000	64.4	90.0	1535	high noise
 631	  4000	64.0	87.1	1580	high noise
 632	  4000	63.9	92.0	1548	high noise
 633	  4000	65.0	89.1	1560	high noise
 634	  4000	66.2	94.5	1550	high noise
 635	  4000	67.1	88.3	1564	high noise
 636	  4000	66.4	96.1	1535	high noise
 637	  4000	65.8	86.5	1627	high noise
 638	  4000	66.4	89.8	1580	high noise
 639	  4000	65.3	87.7	1597	high noise
 640	     0	68.3	91.2	1507	OK
 641	     0	69.2	94.6	1470	OK
 642	     0	67.4	92.1	1450	OK
 643	     0	67.1	94.7	1463	OK
 644	     0	68.2	102.3	1391	OK
 645	     0	68.2	96.5	1418	OK
 646	     0	69.7	92.9	1414	OK
 647	     0	64.8	90.2	1452	OK
 648	     0	66.2	89.1	1432	OK
 649	     0	65.3	89.2	1428	OK
 650	     0	64.1	90.2	1419	OK
 651	     0	69.9	95.0	1415	OK
 652	     0	63.3	92.3	1434	OK
 653	     0	64.7	91.0	1429	OK
 654	     0	66.6	94.7	1396	OK
 655	     0	65.5	90.7	1424	OK
 656	     0	64.7	91.3	1394	OK
 657	     0	68.4	95.9	1389	OK
 658	     0	64.9	92.8	1428	OK
 659	     0	67.4	89.2	1433	OK
 660	     0	68.1	92.3	1416	OK
 661	     0	68.4	98.3	1386	OK
 662	     0	68.1	88.9	1405	OK
 663	     0	67.9	98.8	1385	OK
 664	     0	66.4	89.0	1406	OK
 665	     0	67.3	90.9	1429	OK
 666	     0	65.5	93.5	1421	OK
 667	     0	66.8	93.8	1390	OK
 668	     0	66.5	91.4	1428	OK
 669	     0	67.9	93.9	1403	OK
 670	     0	65.2	88.0	1409	OK
 671	     0	66.6	90.3	1398	OK
 672	     0	63.5	88.8	1400	OK
 673	     0	63.1	88.5	1405	OK
 674	     0	66.1	95.2	1379	OK
 675	     0	68.4	92.5	1402	OK
 676	     0	66.2	94.5	1378	OK
 677	     0	64.3	87.8	1419	OK
 678	     0	64.8	87.2	1414	OK
 679	     0	66.2	92.8	1440	OK
 680	     0	65.5	91.2	1417	OK
 681	     0	67.5	94.5	1411	OK
 682	     0	65.2	90.4	1406	OK
 683	     0	67.6	89.6	1432	OK
 684	     0	63.5	88.7	1442	OK
 685	     0	63.4	85.6	1450	OK
 686	     0	65.7	88.8	1432	OK
 687	     0	64.8	90.2	1437	OK
 688	     0	66.0	96.1	1415	OK
 689	     0	66.3	90.0	1444	OK
 690	     0	65.3	89.6	1465	OK
 691	     0	62.9	90.4	1457	OK
 692	     0	66.6	90.4	1445	OK
 693	     0	66.6	92.4	1419	OK
 694	     0	68.3	89.7	1463	OK
 695	     0	64.6	94.6	1457	OK
 696	     0	69.2	93.1	1422	OK
 697	     0	67.5	90.7	1459	OK
 698	     0	68.4	94.4	1453	OK
 699	     0	65.4	93.2	1442	OK
 700	     0	69.1	91.5	1449	OK
 701	     0	68.4	95.8	1441	OK
 702	     0	66.2	92.2	1445	OK
 703	     0	69.0	96.0	1410	OK
 704	     0	67.5	90.7	1461	OK
 705	     0	68.2	95.6	1429	OK
 706	     0	68.1	91.9	1415	OK
 707	     0	66.7	94.8	1436	OK
 708	     0	66.7	91.5	1457	OK
 709	     0	67.5	92.4	1484	OK
 710	     0	65.5	91.6	1460	OK
 711	     0	63.8	93.5	1425	OK
 712	     0	63.8	90.8	1471	OK
 713	     0	65.1	87.8	1483	OK
 714	     0	64.0	88.1	1447	OK
 715	     0	64.3	92.4	1451	OK
 716	     0	65.8	97.1	1456	OK
 717	     0	67.4	93.2	1451	OK
 718	     0	65.8	89.6	1480	OK
 719	     0	64.7	87.3	1444	OK
 720	     0	63.2	89.4	1468	OK
 721	     0	63.7	85.7	1474	OK
 722	     0	64.3	85.9	1478	OK
 723	     0	62.6	86.9	1461	OK
 724	     0	64.8	93.3	1446	OK
 725	     0	64.7	90.8	1442	OK
 726	     0	65.3	96.3	1445	OK
 727	     0	65.4	90.3	1453	OK
 728	     0	64.6	89.1	1472	OK
 729	     0	63.3	86.3	1473	OK
 730	     0	67.4	94.6	1425	OK
 731	     0	65.7	88.8	1476	OK
 732	     0	66.2	96.1	1450	OK
 733	     0	66.6	89.3	1469	OK
 734	     0	64.8	92.0	1453	OK
 735	     0	66.3	89.5	1468	OK
 736	     0	64.3	88.7	1462	OK
 737	     0	66.0	87.6	1445	OK
 738	     0	67.6	94.6	1451	OK
 739	     0	65.7	92.0	1459	OK
 740	     0	63.0	89.7	1482	OK
 741	     0	65.3	90.4	1446	OK
 742	     0	67.4	91.2	1466	OK
 743	     0	64.0	90.1	1463	OK
 744	     0	65.2	89.7	1447	OK
 745	     0	66.9	87.9	1475	OK
 746	     0	62.6	88.6	1458	OK
 747	     0	66.0	91.4	1446	OK
 748	     0	66.4	91.6	1457	OK
 749	     0	64.4	87.6	1479	OK
 750	     0	65.1	94.2	1439	OK
 751	     0	63.8	92.9	1468	OK
 752	     0	65.8	92.8	1457	OK
 753	     0	64.0	91.1	1462	OK
 754	     0	64.1	93.7	1429	OK
 755	     0	63.7	93.6	1420	OK
 756	     0	62.8	87.1	1484	OK
 757	     0	63.8	87.4	1447	OK
 758	     0	64.3	89.0	1514	OK
 759	     0	63.5	88.9	1498	OK
 760	     0	67.5	91.4	1455	OK
 761	     0	63.1	89.9	1451	OK
 762	     0	63.6	89.3	1483	OK
 763	     0	65.0	90.5	1425	OK
 764	     0	63.8	86.4	1542	OK
 765	     0	63.9	88.3	1492	OK
 766	     0	65.7	87.3	1470	OK
 767	     0	64.9	89.9	1480	OK
 768	     0	63.7	86.9	1490	OK
 769	     0	61.5	87.7	1487	OK
 770	     0	61.7	88.2	1462	OK
 771	     0	60.3	86.6	1462	OK
 772	     0	58.9	83.1	1459	OK
 773	     0	61.3	82.9	1493	OK
 774	     0	59.3	87.8	1424	OK
 775	     0	57.5	85.2	1453	OK
 776	     0	61.0	84.9	1443	OK
 777	     0	61.2	86.6	1432	OK
 778	     0	62.0	83.9	1391	OK
 779	     0	61.4	88.1	1417	OK
 780	     0	62.7	91.5	1386	OK
 781	     0	60.5	83.5	1421	OK
 782	     0	62.5	88.3	1411	OK
 783	     0	60.6	87.7	1423	OK
 784	     0	61.2	84.7	1434	OK
 785	     0	63.5	88.4	1388	OK
 786	     0	60.0	84.4	1417	OK
 787	     0	61.9	88.9	1424	OK
 788	     0	60.3	86.5	1423	OK
 789	     0	60.9	83.3	1415	OK
 790	     0	61.3	89.5	1390	OK
 791	     0	59.4	85.5	1418	OK
 792	     0	59.8	85.9	1381	OK
 793	     0	60.4	86.9	1407	OK
 794	     0	61.7	85.9	1413	OK
 795	     0	61.0	86.3	1411	OK
 796	     0	62.7	89.3	1386	OK
 797	     0	60.5	84.6	1439	OK
 798	     0	61.5	82.1	1394	OK
 799	     0	62.0	85.7	1398	OK
 800	     0	59.1	83.2	1405	OK
 801	     0	61.9	87.1	1387	OK
 802	     0	59.1	85.2	1437	OK
 803	     0	59.7	82.2	1417	OK
 804	     0	61.3	85.8	1388	OK
 805	     0	62.9	86.2	1415	OK
 806	     0	60.7	86.5	1453	OK
 807	     0	58.9	83.4	1456	OK
 808	     0	60.7	86.2	1499	OK
 809	     0	58.6	86.0	1479	OK
 810	     0	60.6	91.2	1438	OK
 811	     0	58.7	84.1	1461	OK
 812	     0	58.9	84.8	1508	OK
 813	     0	57.6	84.2	1491	OK
 814	     0	58.6	83.8	1459	OK
 815	     0	58.8	82.2	1499	OK
 816	     0	59.3	85.4	1488	OK
 817	     0	59.3	85.8	1459	OK
 818	     0	61.7	81.9	1523	OK
 819	     0	60.0	83.9	1489	OK
 820	     0	57.8	82.2	1492	OK
 821	     0	59.3	82.1	1500	OK
 822	     0	62.3	85.4	1470	OK
 823	     0	61.7	88.7	1487	OK
 824	     0	60.2	81.1	1500	OK
 825	     0	60.7	83.7	1471	OK
 826	     0	61.4	86.9	1483	OK
 827	     0	61.3	89.2	1472	OK
 828	     0	61.0	83.9	1514	OK
 829	     0	63.2	92.4	1478	OK
 830	     0	61.4	84.8	1519	OK
 831	     0	62.3	91.1	1475	OK
 832	     0	64.3	88.5	1446	OK
 833	     0	63.4	90.7	1490	OK
 834	     0	63.0	90.4	1480	OK
 835	     0	59.0	83.2	1493	OK
 836	     0	61.6	89.0	1459	OK
 837	     0	59.9	85.5	1481	OK
 838	     0	61.1	87.9	1441	OK
 839	     0	61.5	86.0	1507	OK
 840	     0	61.1	84.5	1494	OK
 841	     0	60.2	82.6	1489	OK
 842	     0	61.7	85.7	1486	OK
 843	     0	60.2	81.6	1520	OK
 844	     0	61.6	85.5	1479	OK
 845	     0	59.1	81.3	1472	OK
 846	     0	60.3	86.3	1483	OK
 847	     0	60.2	81.3	1502	OK
 848	     0	62.8	96.1	1420	OK
 849	     0	61.8	90.1	1481	OK
 850	     0	60.8	86.4	1458	OK
 851	     0	61.4	86.0	1445	OK
 852	     0	61.8	88.0	1483	OK
 853	     0	59.2	85.5	1492	OK
 854	     0	61.5	86.8	1471	OK
 855	     0	60.7	85.9	1475	OK
 856	     0	60.4	80.9	1511	OK
 857	     0	60.9	89.1	1465	OK
 858	     0	61.5	86.7	1470	OK
 859	     0	58.5	81.7	1475	OK
 860	     0	59.8	81.2	1456	OK
 861	     0	60.7	85.0	1476	OK
 862	     0	61.8	86.3	1461	OK
 863	     0	60.7	81.6	1485	OK
 864	     0	59.3	86.3	1444	OK
 865	     0	59.5	84.8	1502	OK
 866	     0	59.8	84.9	1453	OK
 867	     0	61.4	84.2	1472	OK
 868	     0	61.0	84.8	1463	OK
 869	     0	61.1	85.8	1483	OK
 870	     0	60.2	80.6	1491	OK
 871	     0	60.6	86.3	1458	OK
 872	     0	61.5	83.5	1488	OK
 873	     0	61.0	86.8	1485	OK
 874	     0	63.3	87.5	1475	OK
 875	     0	60.7	83.6	1465	OK
 876	     0	63.1	91.5	1455	OK
 877	     0	60.1	82.3	1494	OK
 878	     0	60.5	83.7	1441	OK
 879	     0	62.5	84.5	1460	OK
 880	     0	60.7	82.1	1472	OK
 881	     0	60.3	82.8	1452	OK
 882	     0	62.5	80.7	1493	OK
 883	     0	63.8	90.4	1478	OK
 884	     0	63.1	87.3	1480	OK
 885	     0	64.5	87.1	1476	OK
 886	     0	65.0	87.3	1461	OK
 887	     0	64.0	85.1	1472	OK
 888	     0	62.3	85.4	1462	OK
 889	     0	62.9	88.8	1484	OK
 890	     0	61.0	87.8	1482	OK
 891	     0	61.4	88.4	1466	OK
 892	     0	64.0	89.8	1462	OK
 893	     0	62.1	83.4	1456	OK
 894	     0	63.5	86.8	1449	OK
 895	     0	62.1	84.0	1462	OK
 896	     0	66.7	83.8	1402	OK
 897	     0	65.0	90.2	1400	OK
 898	     0	64.9	86.2	1379	OK
 899	     0	63.9	85.5	1373	OK
 900	     0	65.0	93.1	1323	OK
 901	     0	62.3	87.1	1369	OK
 902	     0	63.0	87.1	1373	OK
 903	     0	64.2	90.7	1372	OK
 904	     0	63.4	90.3	1346	OK
 905	     0	61.7	86.8	1366	OK
 906	     0	62.5	82.3	1375	OK
 907	     0	63.2	87.5	1365	OK
 908	     0	62.5	89.2	1357	OK
 909	     0	62.8	87.8	1353	OK
 910	     0	64.0	89.0	1372	OK
 911	     0	63.3	92.3	1365	OK
 912	     0	63.9	89.9	1368	OK
 913	     0	63.5	89.0	1380	OK
 914	     0	61.3	83.6	1390	OK
 915	     0	61.7	87.8	1372	OK
 916	     0	61.0	81.9	1399	OK
 917	     0	62.5	83.8	1432	OK
 918	     0	62.2	85.3	1423	OK
 919	     0	60.9	88.2	1423	OK
 920	     0	63.0	88.1	1440	OK
 921	     0	60.4	87.6	1439	OK
 922	     0	62.9	86.5	1442	OK
 923	     0	60.7	85.0	1501	OK
 924	     0	61.1	82.6	1459	OK
 925	     0	59.4	84.2	1458	OK
 926	     0	62.7	83.7	1451	OK
 927	     0	61.6	88.1	1450	OK
 928	     0	61.0	81.3	1468	OK
 929	     0	61.9	83.6	1470	OK
 930	     0	61.3	88.0	1492	OK
 931	     0	63.1	86.3	1478	OK
 932	     0	62.6	82.1	1469	OK
 933	     0	61.7	88.9	1479	OK
 934	     0	61.7	86.9	1477	OK
 935	     0	62.2	83.1	1496	OK
 936	     0	58.1	51.8	1549	OK
 937	     0	62.9	96.1	1429	OK
 938	     0	61.0	82.9	1510	OK
 939	     0	61.0	85.7	1501	OK
 940	     0	60.7	81.2	1508	OK
 941	     0	61.8	80.9	1516	OK
 942	     0	60.6	83.4	1544	OK
 943	     0	61.0	86.0	1475	OK
 944	     0	61.2	84.2	1483	OK
 945	     0	61.3	85.8	1496	OK
 946	     0	62.3	83.9	1540	OK
 947	     0	60.1	82.3	1523	OK
 948	     0	59.9	84.7	1503	OK
 949	     0	61.5	86.0	1541	OK
 950	     0	65.3	91.6	1445	OK
 951	     0	62.1	81.8	1532	OK
 952	     0	63.4	89.7	1498	OK
 953	     0	63.6	87.0	1485	OK
 954	     0	63.7	93.0	1484	OK
 955	     0	64.1	88.5	1498	OK
 956	     0	66.0	88.3	1523	OK
 957	     0	63.5	89.4	1516	OK
 958	     0	64.5	86.3	1496	OK
 959	     0	62.6	83.9	1517	OK
 960	     0	66.0	91.4	1494	OK
 961	     0	64.6	87.6	1520	OK
 962	     0	66.2	88.0	1491	OK
 963	     0	62.3	85.4	1536	OK
 964	     0	63.3	87.1	1521	OK
 965	     0	63.8	88.6	1498	OK
 966	     0	60.2	87.2	1514	OK
 967	     0	60.3	83.6	1513	OK
 968	     0	64.2	86.4	1515	OK
 969	     0	62.8	83.8	1535	OK
 970	     0	62.7	89.8	1502	OK
 971	     0	61.8	89.0	1482	OK
 972	     0	60.3	87.3	1497	OK
 973	     0	62.2	87.3	1516	OK
 974	     0	58.5	83.7	1545	OK
 975	     0	62.7	85.7	1486	OK
 976	     0	60.4	84.3	1522	OK
 977	     0	63.0	87.2	1525	OK
 978	     0	61.0	83.1	1505	OK
 979	     0	59.9	86.4	1531	OK
 980	     0	61.8	84.7	1546	OK
 981	     0	60.9	86.0	1505	OK
 982	     0	59.6	84.2	1532	OK
 983	     0	62.1	87.3	1507	OK
 984	     0	62.7	84.4	1510	OK
 985	     0	61.2	89.4	1517	OK
 986	     0	61.0	88.9	1517	OK
 987	     0	60.5	85.8	1505	OK
 988	     0	61.7	88.4	1498	OK
 989	     0	62.1	90.0	1509	OK
 990	     0	61.0	83.8	1513	OK
 991	     0	61.7	85.2	1530	OK
 992	     0	62.3	87.7	1518	OK
 993	     0	60.5	88.8	1506	OK
 994	     0	60.2	87.2	1482	OK
 995	     0	62.5	88.0	1548	OK
 996	     0	60.1	83.9	1529	OK
 997	     0	61.6	84.5	1550	OK
 998	     0	61.5	86.7	1503	OK
 999	     0	60.3	84.8	1527	OK
1000	     0	62.4	85.7	1509	OK
1001	     0	60.5	88.3	1520	OK
1002	     0	62.6	85.9	1504	OK
1003	     0	61.6	85.6	1495	OK
1004	     0	61.9	85.2	1513	OK
1005	     0	60.2	86.1	1518	OK
1006	     0	64.0	88.0	1492	OK
1007	     0	61.0	89.9	1506	OK
1008	     0	61.9	84.4	1503	OK
1009	     0	61.4	91.0	1471	OK
1010	     0	60.7	84.5	1516	OK
1011	     0	61.6	87.2	1489	OK
1012	     0	62.8	100.4	1415	OK
1013	     0	62.1	87.1	1483	OK
1014	     0	63.1	85.6	1495	OK
1015	     0	63.3	90.0	1488	OK
1016	     0	61.3	85.8	1493	OK
1017	     0	62.5	85.7	1494	OK
1018	     0	62.2	82.9	1498	OK
1019	     0	65.3	92.7	1421	OK
1020	     0	61.0	86.1	1459	OK
1021	     0	60.7	87.9	1468	OK
1022	     0	64.1	90.0	1445	OK
1023	     0	62.7	87.7	1458	OK
1024	     0	61.8	86.1	1552	OK
1025	     0	63.0	87.7	1564	OK
1026	     0	60.2	85.3	1563	OK
1027	     0	58.1	83.9	1557	OK
1028	     0	57.8	81.9	1583	OK
1029	     0	57.9	90.9	1531	OK
1030	     0	58.2	83.0	1574	OK
1031	     0	57.8	83.3	1584	OK
1032	     0	57.2	81.5	1558	OK
1033	     0	56.3	80.8	1551	OK
1034	     0	58.6	88.5	1577	OK
1035	     0	55.4	79.7	1581	OK
1036	     0	59.1	88.3	1539	OK
1037	     0	59.7	87.6	1588	OK
1038	     0	57.5	86.6	1553	OK
1039	     0	55.5	77.9	1570	OK
1040	     0	58.2	83.7	1553	OK
1041	     0	58.4	85.0	1551	OK
1042	     0	57.1	85.3	1557	OK
1043	     0	57.2	84.0	1530	OK
1044	     0	59.1	84.5	1558	OK
1045	     0	57.1	79.8	1566	OK
1046	     0	57.7	81.1	1551	OK
1047	     0	57.3	83.0	1572	OK
1048	     0	57.9	84.0	1563	OK
1049	     0	58.7	84.3	1590	OK
1050	     0	58.9	84.8	1564	OK
1051	     0	62.2	88.3	1551	OK
1052	     0	59.6	83.5	1591	OK
1053	     0	60.7	85.9	1557	OK
1054	     0	61.6	94.6	1525	OK
1055	     0	59.6	87.6	1570	OK
1056	     0	62.3	88.1	1568	OK
1057	     0	57.5	82.8	1546	OK
1058	     0	60.0	86.0	1599	OK
1059	     0	58.6	85.0	1581	OK
1060	     0	61.2	84.8	1570	OK
1061	     0	59.8	85.2	1586	OK
1062	     0	57.4	84.5	1557	OK
1063	     0	57.5	82.3	1562	OK
1064	     0	57.8	84.5	1603	OK
1065	     0	58.4	84.3	1590	OK
1066	     0	60.4	98.6	1512	OK
1067	     0	59.0	85.2	1565	OK
1068	     0	60.6	90.2	1551	OK
1069	     0	59.5	88.0	1562	OK
1070	     0	60.6	85.9	1578	OK
1071	     0	58.6	87.8	1587	OK
1072	     0	57.8	84.5	1566	OK
1073	     0	56.8	86.1	1601	OK
1074	     0	57.8	79.7	1588	OK
1075	     0	58.2	87.3	1604	OK
1076	     0	59.8	84.1	1568	OK
1077	     0	58.5	83.9	1612	OK
1078	     0	59.3	83.0	1585	OK
1079	     0	59.1	87.3	1556	OK
1080	     0	58.0	87.3	1561	OK
1081	     0	60.5	86.6	1574	OK
1082	     0	61.8	87.0	1558	OK
1083	     0	62.1	85.1	1605	OK
1084	     0	59.3	83.0	1592	OK
1085	     0	58.2	84.4	1608	OK
1086	     0	62.5	87.1	1579	OK
1087	     0	62.3	86.6	1570	OK
1088	     0	62.5	90.7	1549	OK
1089	     0	58.8	88.0	1573	OK
1090	     0	60.8	85.6	1562	OK
1091	     0	59.4	84.2	1592	OK
1092	     0	58.8	82.9	1566	OK
1093	     0	59.2	83.5	1574	OK
1094	     0	60.5	87.5	1594	OK
1095	     0	59.8	84.3	1553	OK
1096	     0	61.7	83.9	1572	OK
1097	     0	64.5	91.3	1556	OK
1098	     0	60.9	89.0	1558	OK
1099	     0	57.9	85.9	1583	OK
1100	     0	58.7	83.9	1577	OK
1101	     0	59.3	84.6	1582	OK
1102	     0	58.3	84.0	1574	OK
1103	     0	59.0	81.6	1580	OK
1104	     0	57.5	87.4	1562	OK
1105	     0	58.6	85.3	1619	OK
1106	     0	60.4	85.3	1592	OK
1107	     0	56.3	86.8	1570	OK
1108	     0	56.9	83.5	1603	OK
1109	     0	58.6	83.3	1614	OK
1110	     0	56.4	64.5	1611	OK
1111	     0	54.9	83.0	1581	OK
1112	     0	59.2	84.1	1583	OK
1113	     0	58.8	86.6	1536	OK
1114	     0	60.1	88.0	1586	OK
1115	     0	57.6	86.2	1604	OK
1116	     0	60.6	86.4	1564	OK
1117	     0	58.1	82.7	1580	OK
1118	     0	57.8	84.6	1584	OK
1119	     0	59.4	85.9	1566	OK
1120	     0	58.2	80.6	1581	OK
1121	     0	58.4	86.2	1576	OK
1122	     0	58.5	85.8	1558	OK
1123	     0	58.7	85.1	1576	OK
1124	     0	59.2	85.4	1564	OK
1125	     0	58.3	83.0	1570	OK
1126	     0	59.0	85.0	1565	OK
1127	     0	61.8	89.6	1564	OK
1128	     0	60.5	86.5	1568	OK
1129	     0	59.2	81.2	1583	OK
1130	     0	58.4	81.9	1601	OK
1131	     0	59.5	81.3	1576	OK
1132	     0	58.1	85.9	1551	OK
1133	     0	61.9	86.5	1575	OK
1134	     0	60.4	87.1	1567	OK
1135	     0	59.0	86.5	1578	OK
1136	     0	57.7	80.3	1587	OK
1137	     0	58.8	86.6	1556	OK
1138	     0	60.1	86.5	1558	OK
1139	     0	57.8	74.9	1593	OK
1140	     0	60.2	87.6	1555	OK
1141	     0	61.0	85.0	1576	OK
1142	     0	57.9	81.4	1585	OK
1143	     0	60.1	85.5	1587	OK
1144	     0	60.0	86.1	1582	OK
1145	     0	60.5	90.0	1563	OK
1146	     0	59.1	83.0	1620	OK
1147	     0	60.5	85.7	1595	OK
1148	     0	59.6	81.2	1617	OK
1149	     0	59.2	85.4	1597	OK
1150	  4000	60.3	81.3	1667	high noise
1151	  4000	59.1	81.5	1719	high noise
1152	     0	58.5	86.4	1541	OK
1153	     0	60.7	91.1	1508	OK
1154	     0	61.7	102.3	1446	OK
1155	     0	59.7	87.0	1480	OK
1156	     0	60.5	88.0	1524	OK
1157	     0	63.0	89.5	1488	OK
1158	     0	61.0	80.4	1541	OK
1159	     0	59.4	85.9	1505	OK
1160	     0	61.8	87.9	1528	OK
1161	     0	61.6	87.3	1528	OK
1162	     0	58.8	87.5	1515	OK
1163	     0	60.5	85.5	1497	OK
1164	     0	58.9	88.0	1521	OK
1165	     0	57.4	82.8	1537	OK
1166	     0	59.5	85.5	1500	OK
1167	     0	58.3	83.2	1534	OK
1168	     0	58.5	86.3	1532	OK
1169	     0	60.5	90.5	1471	OK
1170	     0	59.3	84.0	1499	OK
1171	     0	61.4	88.8	1498	OK
1172	     0	58.9	84.9	1476	OK
1173	     0	62.1	92.1	1482	OK
1174	     0	60.1	83.2	1521	OK
1175	     0	58.1	87.6	1515	OK
1176	     0	59.1	83.4	1519	OK
1177	     0	58.3	85.2	1502	OK
1178	     0	59.7	86.3	1551	OK
1179	     0	62.0	87.4	1511	OK
1180	     0	59.5	83.4	1512	OK
1181	     0	58.8	84.5	1519	OK
1182	     0	58.1	82.3	1531	OK
1183	     0	56.7	84.7	1529	OK
1184	     0	57.4	82.9	1529	OK
1185	     0	59.1	90.0	1525	OK
1186	     0	59.3	88.2	1520	OK
1187	     0	60.4	91.2	1470	OK
1188	     0	59.0	87.8	1534	OK
1189	     0	59.4	85.6	1513	OK
1190	     0	58.6	85.9	1501	OK
1191	     0	58.8	86.7	1539	OK
1192	     0	58.8	88.7	1521	OK
1193	     0	58.9	84.3	1529	OK
1194	     0	58.3	86.5	1535	OK
1195	     0	59.2	86.9	1493	OK
1196	     0	61.3	87.6	1563	OK
1197	     0	58.4	86.3	1555	OK
1198	     0	59.9	84.9	1532	OK
1199	     0	58.9	84.0	1546	OK
1200	     0	61.5	86.7	1519	OK
1201	     0	60.2	85.9	1529	OK
1202	     0	59.3	87.2	1507	OK
1203	     0	57.0	86.3	1528	OK
1204	     0	60.0	85.1	1540	OK
1205	     0	60.7	85.9	1526	OK
1206	     0	59.6	83.1	1559	OK
1207	     0	63.5	90.4	1506	OK
1208	     0	58.4	81.0	1548	OK
1209	     0	59.9	89.5	1551	OK
1210	     0	59.8	86.4	1517	OK
1211	     0	57.1	82.3	1562	OK
1212	     0	58.7	83.6	1574	OK
1213	     0	60.4	87.9	1524	OK
1214	     0	58.1	86.3	1517	OK
1215	     0	60.8	88.3	1512	OK
1216	     0	59.0	86.5	1530	OK
1217	     0	59.1	82.3	1571	OK
1218	     0	59.7	87.3	1545	OK
1219	     0	59.6	89.5	1560	OK
1220	     0	58.9	83.9	1565	OK
1221	     0	58.5	83.6	1547	OK
1222	     0	57.6	85.8	1583	OK
1223	     0	58.1	87.9	1551	OK
1224	     0	58.3	87.1	1511	OK
1225	     0	58.9	85.1	1546	OK
1226	     0	59.2	88.0	1545	OK
1227	     0	57.3	84.6	1552	OK
1228	     0	59.1	86.4	1572	OK
1229	     0	58.7	85.2	1567	OK
1230	     0	60.0	88.6	1548	OK
1231	     0	58.0	85.6	1538	OK
1232	     0	59.2	84.9	1559	OK
1233	     0	59.7	86.6	1540	OK
1234	     0	58.6	85.4	1558	OK
1235	     0	56.7	89.7	1538	OK
1236	     0	58.3	86.4	1555	OK
1237	     0	57.7	90.6	1510	OK
1238	     0	58.9	87.8	1524	OK
1239	     0	58.1	82.6	1576	OK
1240	     0	58.7	87.7	1510	OK
1241	     0	59.6	87.4	1517	OK
1242	     0	58.1	84.6	1505	OK
1243	     0	56.4	88.4	1550	OK
1244	     0	56.4	82.4	1569	OK
1245	     0	55.6	83.4	1556	OK
1246	     0	57.6	82.7	1535	OK
1247	     0	58.5	85.8	1544	OK
1248	     0	59.0	88.6	1541	OK
1249	     0	57.9	80.7	1579	OK
1250	     0	59.1	88.0	1521	OK
1251	     0	56.3	85.6	1537	OK
1252	     0	56.0	84.9	1549	OK
1253	     0	56.3	80.3	1573	OK
1254	     0	55.5	83.4	1593	OK
1255	     0	59.0	86.2	1539	OK
1256	     0	56.2	81.2	1586	OK
1257	     0	58.1	86.9	1560	OK
1258	     0	55.1	82.0	1554	OK
1259	     0	58.1	85.8	1568	OK
1260	     0	58.0	85.1	1554	OK
1261	     0	59.5	105.3	1423	OK
1262	     0	57.6	89.6	1538	OK
1263	     0	56.2	82.5	1581	OK
1264	     0	55.9	85.6	1579	OK
1265	     0	57.1	80.4	1561	OK
1266	     0	59.1	84.1	1571	OK
1267	     0	56.6	83.6	1567	OK
1268	     0	58.1	85.4	1556	OK
1269	     0	57.7	82.7	1586	OK
1270	     0	58.4	87.2	1506	OK
1271	     0	56.4	86.3	1570	OK
1272	     0	58.4	83.2	1563	OK
1273	     0	57.9	84.5	1520	OK
1274	     0	57.9	83.4	1542	OK
1275	     0	57.8	87.5	1575	OK
1276	     0	59.6	84.6	1568	OK
1277	     0	57.5	82.3	1594	OK
1278	     0	60.1	86.1	1568	OK
1279	     0	58.6	87.8	1555	OK
1280	     0	68.7	96.6	1309	OK
1281	     0	68.3	92.5	1326	OK
1282	     0	68.4	94.6	1303	OK
1283	     0	71.6	95.0	1305	OK
1284	     0	70.8	98.1	1298	OK
1285	     0	69.0	91.9	1333	OK
1286	     0	72.2	94.7	1288	OK
1287	     0	70.8	93.9	1344	OK
1288	     0	69.9	94.1	1298	OK
1289	     0	69.1	94.3	1322	OK
1290	     0	66.1	88.2	1353	OK
1291	     0	72.0	93.9	1327	OK
1292	     0	70.2	91.1	1316	OK
1293	     0	68.0	91.9	1311	OK
1294	     0	72.5	93.4	1331	OK
1295	     0	68.6	92.1	1329	OK
1296	     0	68.7	90.7	1352	OK
1297	     0	67.9	94.4	1307	OK
1298	     0	68.6	93.4	1339	OK
1299	     0	68.4	90.9	1334	OK
1300	     0	69.7	97.3	1306	OK
1301	     0	67.3	93.4	1322	OK
1302	     0	66.6	90.0	1352	OK
1303	     0	67.6	91.2	1316	OK
1304	     0	69.4	95.3	1306	OK
1305	     0	65.8	89.4	1352	OK
1306	     0	67.3	92.5	1300	OK
1307	     0	67.7	94.0	1341	OK
1308	     0	66.8	91.1	1352	OK
1309	     0	66.6	88.6	1343	OK
1310	     0	69.2	92.3	1333	OK
1311	     0	68.7	90.7	1355	OK
1312	     0	66.7	93.2	1355	OK
1313	     0	67.2	91.8	1321	OK
1314	     0	69.2	92.2	1338	OK
1315	     0	66.9	93.6	1314	OK
1316	     0	69.8	91.4	1331	OK
1317	     0	69.6	92.1	1335	OK
1318	     0	67.2	94.8	1298	OK
1319	     0	66.9	92.7	1327	OK
1320	     0	70.4	95.9	1345	OK
1321	     0	68.5	93.1	1316	OK
1322	     0	67.1	89.6	1363	OK
1323	     0	67.6	93.3	1339	OK
1324	     0	67.6	93.3	1315	OK
1325	     0	68.7	95.3	1327	OK
1326	     0	68.2	92.4	1324	OK
1327	     0	67.3	90.3	1342	OK
1328	     0	68.7	91.5	1354	OK
1329	     0	67.4	90.9	1347	OK
1330	     0	67.7	92.9	1340	OK
1331	     0	66.4	91.8	1358	OK
1332	     0	70.2	90.7	1348	OK
1333	     0	68.9	91.3	1350	OK
1334	     0	67.0	94.6	1330	OK
1335	     0	68.6	94.4	1357	OK
1336	     0	66.9	90.3	1346	OK
1337	     0	67.9	89.8	1346	OK
1338	     0	66.7	90.1	1353	OK
1339	     0	68.5	93.6	1334	OK
1340	     0	69.0	94.3	1362	OK
1341	     0	66.9	89.9	1348	OK
1342	     0	71.9	94.6	1344	OK
1343	     0	71.9	93.5	1328	OK
1344	     0	68.1	89.1	1348	OK
1345	     0	69.5	96.8	1306	OK
1346	     0	66.4	91.7	1344	OK
1347	     0	67.1	90.2	1353	OK
1348	     0	67.0	90.1	1354	OK
1349	     0	68.4	93.7	1368	OK
1350	     0	66.2	92.3	1330	OK
1351	     0	66.5	90.5	1353	OK
1352	     0	67.4	81.7	1388	OK
1353	     0	68.6	93.2	1336	OK
1354	     0	68.3	88.3	1366	OK
1355	     0	66.6	88.6	1374	OK
1356	     0	66.6	91.8	1383	OK
1357	     0	67.2	96.6	1346	OK
1358	     0	69.7	93.7	1361	OK
1359	     0	65.3	89.0	1383	OK
1360	     0	66.5	91.0	1342	OK
1361	     0	66.5	88.1	1397	OK
1362	     0	66.8	90.5	1364	OK
1363	     0	67.2	90.7	1391	OK
1364	     0	69.0	94.3	1365	OK
1365	     0	66.7	94.9	1353	OK
1366	     0	67.7	91.4	1372	OK
1367	     0	66.8	94.3	1341	OK
1368	     0	66.8	95.2	1321	OK
1369	     0	64.0	91.9	1349	OK
1370	     0	65.3	91.6	1368	OK
1371	     0	66.5	91.9	1381	OK
1372	     0	66.1	92.9	1357	OK
1373	     0	67.1	93.6	1348	OK
1374	     0	67.2	90.6	1341	OK
1375	     0	67.8	92.0	1358	OK
1376	     0	64.1	85.9	1371	OK
1377	     0	63.9	91.0	1366	OK
1378	     0	67.3	86.2	1374	OK
1379	     0	67.4	90.7	1375	OK
1380	     0	66.9	89.9	1377	OK
1381	     0	66.0	87.5	1390	OK
1382	     0	65.4	89.0	1387	OK
1383	     0	65.1	88.8	1349	OK
1384	     0	64.3	86.3	1389	OK
1385	     0	65.4	87.4	1358	OK
1386	     0	67.1	93.9	1352	OK
1387	     0	66.6	92.9	1358	OK
1388	     0	65.7	89.3	1374	OK
1389	     0	66.2	110.6	1295	OK
1390	     0	67.7	92.2	1320	OK
1391	     0	68.3	89.1	1379	OK
1392	     0	67.2	91.6	1363	OK
1393	     0	68.3	90.9	1355	OK
1394	     0	65.4	92.4	1375	OK
1395	     0	65.8	93.7	1368	OK
1396	     0	66.8	91.2	1384	OK
1397	     0	69.3	95.1	1334	OK
1398	     0	65.4	87.8	1408	OK
1399	     0	68.2	93.1	1376	OK
1400	     0	66.0	86.3	1387	OK
1401	     0	66.1	90.1	1382	OK
1402	     0	66.9	92.7	1363	OK
1403	     0	69.2	93.3	1362	OK
1404	     0	68.4	90.4	1364	OK
1405	     0	68.4	94.1	1344	OK
1406	     0	66.8	87.4	1405	OK
1407	     0	68.8	91.7	1366	OK
1408	     0	71.3	94.0	1315	OK
1409	     0	68.8	93.6	1305	OK
1410	     0	68.6	89.1	1328	OK
1411	     0	69.4	92.1	1319	OK
1412	     0	65.6	93.3	1324	OK
1413	     0	68.0	94.6	1300	OK
1414	     0	66.4	88.9	1333	OK
1415	     0	67.1	90.2	1327	OK
1416	     0	69.6	95.6	1295	OK
1417	     0	66.1	95.0	1300	OK
1418	     0	69.7	90.8	1333	OK
1419	     0	65.7	89.5	1342	OK
1420	     0	64.7	92.5	1314	OK
1421	     0	65.7	87.3	1320	OK
1422	     0	66.1	93.1	1355	OK
1423	     0	67.9	91.3	1313	OK
1424	     0	65.9	87.5	1315	OK
1425	     0	67.2	89.6	1311	OK
1426	     0	66.9	91.1	1335	OK
1427	     0	64.0	89.1	1314	OK
1428	     0	66.7	88.3	1357	OK
1429	     0	67.3	91.8	1325	OK
1430	     0	67.9	89.1	1339	OK
1431	     0	66.4	91.3	1315	OK
1432	     0	66.2	91.9	1339	OK
1433	     0	66.1	91.9	1330	OK
1434	     0	65.9	88.7	1340	OK
1435	     0	65.9	90.1	1358	OK
1436	     0	68.2	93.6	1327	OK
1437	     0	65.5	89.1	1354	OK
1438	     0	66.4	95.8	1336	OK
1439	     0	67.6	93.6	1333	OK
1440	     0	65.8	93.4	1337	OK
1441	     0	66.1	91.2	1317	OK
1442	     0	65.4	93.0	1315	OK
1443	     0	67.8	92.2	1329	OK
1444	     0	67.6	90.4	1344	OK
1445	     0	65.7	90.7	1342	OK
1446	     0	67.8	91.2	1356	OK
1447	     0	66.3	89.9	1351	OK
1448	     0	66.9	132.5	1322	OK
1449	     0	65.7	88.5	1352	OK
1450	     0	65.1	92.2	1369	OK
1451	     0	64.5	90.6	1321	OK
1452	     0	65.2	88.7	1374	OK
1453	     0	64.6	94.9	1320	OK
1454	     0	65.1	91.4	1337	OK
1455	     0	68.1	94.2	1339	OK
1456	     0	66.5	93.9	1334	OK
1457	     0	64.1	87.8	1374	OK
1458	     0	65.8	87.9	1351	OK
1459	     0	68.3	89.4	1335	OK
1460	     0	66.5	90.6	1357	OK
1461	     0	67.9	92.9	1334	OK
1462	     0	67.2	92.1	1349	OK
1463	     0	65.9	90.1	1345	OK
1464	     0	66.7	90.7	1378	OK
1465	     0	68.5	94.6	1356	OK
1466	     0	64.0	91.9	1334	OK
1467	     0	63.5	90.6	1355	OK
1468	     0	66.0	91.7	1340	OK
1469	     0	66.6	89.4	1346	OK
1470	     0	67.5	94.5	1345	OK
1471	     0	71.6	97.8	1323	OK
1472	     0	66.7	90.9	1368	OK
1473	     0	65.9	90.1	1368	OK
1474	     0	66.5	88.7	1398	OK
1475	     0	66.2	88.3	1379	OK
1476	     0	64.7	86.9	1381	OK
1477	     0	67.1	89.8	1364	OK
1478	     0	63.7	88.7	1369	OK
1479	     0	64.0	88.4	1382	OK
1480	     0	66.2	88.5	1380	OK
1481	     0	66.7	91.3	1341	OK
1482	     0	63.1	84.3	1369	OK
1483	     0	67.0	90.4	1363	OK
1484	     0	64.7	88.7	1360	OK
1485	     0	65.5	87.9	1384	OK
1486	     0	64.5	89.4	1349	OK
1487	     0	65.4	91.5	1378	OK
1488	     0	66.6	91.7	1334	OK
1489	     0	65.7	88.5	1388	OK
1490	     0	62.7	89.6	1378	OK
1491	     0	64.1	86.8	1358	OK
1492	     0	64.4	88.7	1384	OK
1493	     0	65.9	89.9	1344	OK
1494	     0	64.7	86.4	1402	OK
1495	     0	66.1	88.2	1381	OK
1496	     0	67.9	92.4	1370	OK
1497	     0	64.7	93.8	1327	OK
1498	     0	67.0	91.4	1368	OK
1499	     0	63.6	85.6	1395	OK
1500	     0	64.7	90.5	1377	OK
1501	     0	64.0	88.5	1397	OK
1502	     0	64.5	89.0	1356	OK
1503	     0	64.1	86.8	1366	OK
1504	     0	65.0	91.0	1334	OK
1505	     0	65.1	91.6	1340	OK
1506	     0	65.4	90.5	1388	OK
1507	     0	64.2	87.1	1364	OK
1508	     0	64.6	89.1	1378	OK
1509	     0	67.1	90.9	1345	OK
1510	     0	64.6	89.5	1365	OK
1511	     0	64.2	85.9	1402	OK
1512	     0	63.4	86.7	1379	OK
1513	     0	63.2	92.8	1356	OK
1514	     0	65.1	88.3	1360	OK
1515	     0	63.6	88.5	1373	OK
1516	     0	65.3	86.0	1382	OK
1517	     0	67.0	92.0	1378	OK
1518	     0	62.5	85.1	1416	OK
1519	     0	65.7	92.4	1366	OK
1520	     0	64.5	87.6	1384	OK
1521	     0	64.2	88.1	1378	OK
1522	     0	65.1	90.1	1403	OK
1523	     0	65.7	92.4	1349	OK
1524	     0	67.1	93.2	1374	OK
1525	     0	62.2	85.9	1369	OK
1526	     0	62.4	91.9	1355	OK
1527	     0	64.0	88.2	1391	OK
1528	     0	67.4	95.9	1344	OK
1529	     0	68.4	95.2	1379	OK
1530	     0	65.0	90.0	1383	OK
1531	     0	64.8	87.2	1405	OK
1532	     0	67.2	88.8	1388	OK
1533	     0	66.4	93.0	1378	OK
1534	     0	67.0	93.7	1375	OK
1535	     0	66.7	90.5	1376	OK
1536	     0	62.8	89.1	1355	OK
1537	     0	65.5	91.3	1347	OK
1538	     0	62.6	89.6	1341	OK
1539	     0	63.8	90.9	1358	OK
1540	     0	64.8	90.0	1348	OK
1541	     0	63.0	88.8	1372	OK
1542	     0	65.1	88.9	1346	OK
1543	     0	61.5	89.3	1363	OK
1544	     0	64.4	87.6	1363	OK
1545	     0	61.8	87.2	1331	OK
1546	     0	63.8	91.9	1349	OK
1547	     0	64.3	87.3	1359	OK
1548	     0	64.6	92.8	1331	OK
1549	     0	63.4	91.0	1332	OK
1550	     0	62.9	89.5	1342	OK
1551	     0	62.0	89.7	1343	OK
1552	     0	64.5	90.3	1342	OK
1553	     0	62.6	91.5	1352	OK
1554	     0	62.6	87.9	1333	OK
1555	     0	62.9	88.9	1329	OK
1556	     0	62.5	88.1	1349	OK
1557	     0	65.0	92.1	1317	OK
1558	     0	61.6	86.1	1353	OK
1559	     0	65.7	90.7	1359	OK
1560	     0	63.6	72.2	1387	OK
1561	     0	64.0	85.8	1331	OK
1562	     0	64.6	89.5	1358	OK
1563	     0	64.8	88.2	1370	OK
1564	     0	63.9	88.2	1341	OK
1565	     0	62.6	87.2	1334	OK
1566	     0	62.7	90.8	1304	OK
1567	     0	64.1	89.1	1349	OK
1568	     0	63.7	86.9	1351	OK
1569	     0	63.0	88.4	1358	OK
1570	     0	65.7	92.2	1331	OK
1571	     0	64.5	89.5	1360	OK
1572	     0	61.6	88.6	1364	OK
1573	     0	64.5	92.8	1333	OK
1574	     0	63.9	86.4	1338	OK
1575	     0	64.0	88.7	1361	OK
1576	     0	63.1	111.3	1265	OK
1577	     0	64.3	90.3	1345	OK
1578	     0	63.7	98.4	1313	OK
1579	     0	64.2	87.7	1381	OK
1580	     0	65.2	88.0	1362	OK
1581	     0	63.5	91.2	1364	OK
1582	     0	62.7	86.7	1356	OK
1583	     0	61.9	89.1	1340	OK
1584	     0	63.1	89.9	1351	OK
1585	     0	65.3	90.2	1365	OK
1586	     0	62.2	88.2	1320	OK
1587	     0	63.0	88.6	1363	OK
1588	     0	63.2	87.5	1328	OK
1589	     0	65.0	90.8	1333	OK
1590	     0	65.6	93.4	1329	OK
1591	     0	65.0	89.5	1352	OK
1592	     0	62.4	85.2	1352	OK
1593	     0	63.8	89.1	1344	OK
1594	     0	66.6	92.9	1347	OK
1595	     0	66.0	93.3	1337	OK
1596	     0	64.7	88.1	1374	OK
1597	     0	64.7	89.9	1377	OK
1598	     0	66.4	86.2	1385	OK
1599	     0	66.9	91.6	1347	OK
1600	     0	65.2	89.7	1329	OK
1601	     0	65.6	92.4	1319	OK
1602	     0	65.7	90.1	1343	OK
1603	     0	66.4	93.7	1310	OK
1604	     0	64.1	90.9	1343	OK
1605	     0	65.6	96.2	1299	OK
1606	     0	62.8	91.7	1347	OK
1607	     0	64.2	88.5	1370	OK
1608	     0	64.7	98.2	1318	OK
1609	     0	64.6	92.3	1325	OK
1610	     0	65.6	92.1	1334	OK
1611	     0	65.6	88.9	1339	OK
1612	     0	63.2	91.9	1311	OK
1613	     0	64.7	91.2	1323	OK
1614	     0	64.0	92.2	1345	OK
1615	     0	65.3	89.9	1326	OK
1616	     0	63.6	86.7	1347	OK
1617	     0	65.5	91.9	1343	OK
1618	     0	64.2	85.3	1334	OK
1619	     0	62.7	85.8	1348	OK
1620	     0	65.5	91.0	1332	OK
1621	     0	62.7	90.0	1335	OK
1622	     0	63.8	87.7	1352	OK
1623	     0	65.5	96.4	1280	OK
1624	     0	66.3	89.7	1316	OK
1625	     0	62.7	87.1	1379	OK
1626	     0	64.3	88.4	1341	OK
1627	     0	65.2	88.5	1332	OK
1628	     0	64.6	90.0	1345	OK
1629	     0	63.6	89.6	1340	OK
1630	     0	65.0	91.7	1324	OK
1631	     0	65.3	93.3	1322	OK
1632	     0	64.6	91.6	1323	OK
1633	     0	64.0	89.4	1346	OK
1634	     0	63.5	91.5	1314	OK
1635	     0	63.6	91.4	1339	OK
1636	     0	63.4	88.7	1321	OK
1637	     0	63.5	86.7	1369	OK
1638	     0	63.0	89.6	1330	OK
1639	     0	64.9	90.9	1358	OK
1640	     0	67.7	93.4	1324	OK
1641	     0	65.5	95.3	1298	OK
1642	     0	63.8	88.0	1350	OK
1643	     0	63.6	89.1	1320	OK
1644	     0	63.0	91.6	1320	OK
1645	     0	64.8	89.9	1340	OK
1646	     0	65.0	92.2	1308	OK
1647	     0	65.4	91.3	1342	OK
1648	     0	63.0	93.7	1299	OK
1649	     0	66.8	89.5	1350	OK
1650	     0	66.2	92.2	1337	OK
1651	     0	64.7	94.0	1299	OK
1652	     0	66.5	90.0	1328	OK
1653	     0	64.4	90.7	1331	OK
1654	     0	65.0	90.6	1341	OK
1655	     0	64.5	91.1	1323	OK
1656	     0	63.9	91.2	1326	OK
1657	     0	64.8	87.3	1347	OK
1658	     0	64.6	90.4	1355	OK
1659	     0	64.8	92.7	1336	OK
1660	     0	64.4	90.4	1334	OK
1661	     0	65.5	89.9	1361	OK
1662	     0	66.5	91.0	1348	OK
1663	     0	66.3	95.4	1333	OK
1664	     0	68.4	93.9	1316	OK
1665	     0	69.4	97.0	1297	OK
1666	     0	69.6	94.0	1262	OK
1667	     0	69.8	95.5	1293	OK
1668	     0	68.4	94.8	1287	OK
1669	     0	68.9	94.4	1283	OK
1670	     0	70.1	94.7	1279	OK
1671	     0	68.8	91.3	1296	OK
1672	     0	65.7	93.5	1277	OK
1673	     0	68.3	94.9	1270	OK
1674	     0	66.5	89.5	1308	OK
1675	     0	69.1	97.8	1256	OK
1676	     0	64.8	90.4	1299	OK
1677	     0	66.2	91.0	1289	OK
1678	     0	69.2	93.9	1289	OK
1679	     0	68.7	94.6	1282	OK
1680	     0	68.6	93.8	1266	OK
1681	     0	65.8	91.6	1285	OK
1682	     0	64.7	91.9	1295	OK
1683	     0	67.4	95.5	1259	OK
1684	     0	67.4	110.4	1269	OK
1685	     0	67.8	95.5	1270	OK
1686	     0	67.7	89.2	1323	OK
1687	     0	67.7	94.1	1312	OK
1688	     0	66.2	89.5	1276	OK
1689	     0	65.1	93.2	1288	OK
1690	     0	68.0	92.7	1279	OK
1691	     0	66.6	89.1	1307	OK
1692	     0	67.6	91.8	1290	OK
1693	     0	65.0	89.5	1295	OK
1694	     0	68.7	93.5	1285	OK
1695	     0	67.9	93.9	1290	OK
1696	     0	65.2	91.0	1278	OK
1697	     0	68.0	98.4	1268	OK
1698	     0	68.0	91.0	1293	OK
1699	     0	65.2	88.1	1310	OK
1700	     0	67.3	97.2	1276	OK
1701	     0	65.8	88.1	1310	OK
1702	     0	67.7	94.4	1321	OK
1703	     0	65.9	94.6	1280	OK
1704	     0	68.3	92.4	1313	OK
1705	     0	65.5	92.4	1309	OK
1706	     0	67.8	93.3	1288	OK
1707	     0	68.5	94.8	1335	OK
1708	     0	66.6	93.2	1303	OK
1709	     0	66.6	90.9	1320	OK
1710	     0	66.2	92.4	1331	OK
1711	     0	67.5	90.4	1304	OK
1712	     0	68.4	98.2	1296	OK
1713	     0	69.4	94.1	1283	OK
1714	     0	67.6	95.8	1330	OK
1715	     0	71.7	92.9	1322	OK
1716	     0	70.7	97.1	1280	OK
1717	     0	67.7	89.3	1319	OK
1718	     0	72.3	94.3	1319	OK
1719	     0	66.5	92.4	1319	OK
1720	     0	67.9	96.1	1288	OK
1721	     0	70.0	93.4	1306	OK
1722	     0	66.1	91.1	1320	OK
1723	     0	68.5	95.9	1313	OK
1724	     0	69.2	97.5	1311	OK
1725	     0	68.1	98.6	1330	OK
1726	     0	70.1	94.4	1325	OK
1727	     0	70.6	96.7	1286	OK
1728	     0	69.3	93.8	1338	OK
1729	     0	64.1	89.1	1323	OK
1730	     0	69.3	93.9	1308	OK
1731	     0	67.2	92.7	1302	OK
1732	     0	69.2	95.7	1298	OK
1733	     0	69.6	95.3	1288	OK
1734	     0	66.6	93.7	1323	OK
1735	     0	67.4	92.4	1318	OK
1736	     0	69.0	95.1	1316	OK
1737	     0	64.6	90.1	1334	OK
1738	     0	67.3	92.4	1320	OK
1739	     0	65.2	89.3	1309	OK
1740	     0	68.2	93.9	1303	OK
1741	     0	67.3	91.6	1332	OK
1742	     0	65.5	89.7	1350	OK
1743	     0	62.8	89.6	1313	OK
1744	     0	66.4	91.1	1327	OK
1745	     0	64.7	92.3	1321	OK
1746	     0	66.0	88.5	1320	OK
1747	     0	63.9	86.4	1333	OK
1748	     0	64.8	92.4	1343	OK
1749	     0	62.9	89.6	1323	OK
1750	     0	64.8	90.5	1310	OK
1751	     0	64.6	92.6	1313	OK
1752	     0	66.5	92.4	1328	OK
1753	     0	67.4	95.7	1314	OK
1754	     0	66.4	93.2	1331	OK
1755	     0	66.1	94.1	1286	OK
1756	     0	69.7	96.9	1284	OK
1757	     0	66.4	89.7	1353	OK
1758	     0	66.1	91.4	1297	OK
1759	     0	70.9	97.7	1283	OK
1760	     0	67.9	93.4	1321	OK
1761	     0	68.2	92.0	1319	OK
1762	     0	66.2	90.2	1335	OK
1763	     0	65.4	91.8	1336	OK
1764	     0	66.5	90.3	1319	OK
1765	     0	67.0	88.5	1309	OK
1766	     0	65.0	91.2	1341	OK
1767	     0	62.7	90.5	1314	OK
1768	     0	65.3	89.9	1331	OK
1769	  4000	62.6	53.3	1413	high noise
1770	     0	64.9	89.3	1322	OK
1771	     0	66.6	91.2	1339	OK
1772	     0	64.7	88.9	1335	OK
1773	     0	68.2	94.0	1316	OK
1774	     0	67.2	94.8	1301	OK
1775	     0	65.4	91.5	1329	OK
1776	     0	66.3	87.9	1324	OK
1777	     0	66.9	93.6	1276	OK
1778	     0	65.7	89.4	1321	OK
1779	     0	66.9	89.9	1303	OK
1780	     0	65.8	91.5	1347	OK
1781	     0	65.6	92.0	1309	OK
1782	     0	68.7	92.2	1302	OK
1783	     0	64.2	91.1	1329	OK
1784	     0	67.6	96.1	1268	OK
1785	     0	69.1	96.0	1317	OK
1786	     0	66.9	93.6	1330	OK
1787	     0	64.0	89.2	1331	OK
1788	     0	65.9	92.8	1311	OK
1789	     0	67.9	93.1	1316	OK
1790	     0	67.2	93.1	1334	OK
1791	     0	68.5	94.5	1330	OK
1792	     0	63.2	87.6	1329	OK
1793	     0	63.3	85.5	1390	OK
1794	     0	64.5	88.0	1298	OK
1795	     0	63.2	87.2	1328	OK
1796	     0	62.4	89.6	1312	OK
1797	     0	61.0	84.7	1317	OK
1798	     0	61.3	86.6	1322	OK
1799	     0	59.7	85.3	1330	OK
1800	     0	59.8	87.7	1315	OK
1801	     0	62.7	91.3	1300	OK
1802	     0	63.2	83.9	1317	OK
1803	     0	62.5	88.2	1293	OK
1804	     0	62.1	86.2	1339	OK
1805	     0	62.8	87.9	1297	OK
1806	     0	63.3	88.5	1325	OK
1807	     0	62.7	85.9	1299	OK
1808	     0	61.6	87.5	1329	OK
1809	     0	61.6	89.7	1309	OK
1810	     0	61.8	86.3	1297	OK
1811	     0	64.3	90.2	1303	OK
1812	     0	60.3	86.0	1313	OK
1813	     0	60.6	87.5	1303	OK
1814	     0	62.9	86.7	1275	OK
1815	     0	61.6	88.0	1300	OK
1816	     0	61.9	87.9	1313	OK
1817	     0	60.2	86.8	1275	OK
1818	     0	60.2	88.9	1322	OK
1819	     0	62.5	88.5	1318	OK
1820	     0	62.7	85.1	1314	OK
1821	     0	63.3	88.1	1314	OK
1822	     0	59.8	84.4	1343	OK
1823	     0	61.0	84.0	1322	OK
1824	     0	62.2	138.6	1289	OK
1825	     0	59.8	84.6	1298	OK
1826	     0	61.9	88.6	1315	OK
1827	     0	59.4	87.4	1330	OK
1828	     0	61.5	86.2	1310	OK
1829	     0	60.8	85.4	1332	OK
1830	     0	64.3	89.9	1277	OK
1831	     0	62.1	88.7	1301	OK
1832	     0	60.8	87.1	1327	OK
1833	     0	61.6	86.5	1333	OK
1834	     0	61.0	86.2	1287	OK
1835	     0	61.9	88.0	1320	OK
1836	     0	60.7	83.9	1349	OK
1837	     0	62.6	86.5	1310	OK
1838	     0	60.8	86.0	1325	OK
1839	     0	60.4	91.7	1301	OK
1840	     0	63.3	103.5	1253	OK
1841	     0	60.6	84.5	1332	OK
1842	     0	61.2	86.3	1315	OK
1843	     0	62.1	86.7	1292	OK
1844	     0	63.1	85.8	1289	OK
1845	     0	62.6	89.0	1315	OK
1846	     0	62.6	92.3	1331	OK
1847	     0	62.0	88.7	1295	OK
1848	     0	61.7	87.3	1303	OK
1849	     0	62.7	87.0	1356	OK
1850	     0	61.6	83.1	1343	OK
1851	     0	65.2	90.7	1328	OK
1852	     0	62.9	88.0	1336	OK
1853	     0	65.5	91.6	1320	OK
1854	     0	62.6	87.1	1310	OK
1855	     0	65.0	91.2	1330	OK
1856	     0	64.8	85.2	1330	OK
1857	     0	63.9	88.6	1301	OK
1858	     0	61.4	90.1	1323	OK
1859	     0	63.2	89.7	1356	OK
1860	     0	64.9	88.1	1312	OK
1861	     0	64.8	89.1	1300	OK
1862	     0	63.5	89.2	1292	OK
1863	     0	64.6	91.2	1318	OK
1864	     0	65.1	89.3	1317	OK
1865	     0	63.9	86.0	1315	OK
1866	     0	64.5	90.6	1314	OK
1867	     0	65.0	91.3	1318	OK
1868	     0	62.8	83.9	1303	OK
1869	     0	64.1	88.4	1339	OK
1870	     0	60.8	89.4	1297	OK
1871	     0	63.2	90.4	1280	OK
1872	     0	61.4	88.4	1323	OK
1873	     0	63.5	90.5	1347	OK
1874	     0	60.9	84.8	1321	OK
1875	     0	64.0	90.5	1304	OK
1876	     0	65.2	89.7	1298	OK
1877	     0	62.6	83.9	1319	OK
1878	     0	60.8	85.9	1336	OK
1879	     0	63.3	84.8	1313	OK
1880	     0	64.0	89.5	1286	OK
1881	     0	63.9	87.6	1321	OK
1882	     0	60.4	83.1	1302	OK
1883	     0	60.8	85.8	1326	OK
1884	     0	61.9	87.6	1299	OK
1885	     0	63.6	89.7	1267	OK
1886	     0	63.7	89.6	1294	OK
1887	     0	62.2	85.2	1295	OK
1888	     0	60.2	83.4	1287	OK
1889	     0	63.3	92.1	1248	OK
1890	     0	63.6	87.3	1311	OK
1891	     0	63.3	87.8	1278	OK
1892	     0	62.5	87.9	1330	OK
1893	     0	64.2	89.9	1282	OK
1894	     0	60.8	85.4	1293	OK
1895	     0	62.2	89.3	1276	OK
1896	     0	63.3	90.6	1286	OK
1897	     0	60.7	85.4	1307	OK
1898	     0	63.7	88.4	1295	OK
1899	     0	62.8	86.7	1284	OK
1900	     0	61.5	86.9	1310	OK
1901	     0	64.1	88.0	1308	OK
1902	     0	65.5	90.2	1284	OK
1903	     0	63.4	88.0	1302	OK
1904	     0	64.4	90.3	1292	OK
1905	     0	63.4	89.4	1284	OK
1906	     0	63.2	85.6	1301	OK
1907	     0	64.5	90.2	1301	OK
1908	     0	64.0	88.5	1284	OK
1909	     0	64.5	89.1	1316	OK
1910	     0	63.0	87.1	1312	OK
1911	     0	62.4	85.4	1309	OK
1912	     0	65.5	86.9	1320	OK
1913	     0	65.8	88.6	1289	OK
1914	     0	64.6	87.4	1321	OK
1915	     0	65.5	87.6	1304	OK
1916	     0	64.8	89.0	1307	OK
1917	     0	66.5	89.0	1317	OK
1918	     0	68.0	91.8	1301	OK
1919	     0	64.2	90.0	1280	OK
1920	     0	65.3	84.2	1379	OK
1921	     0	65.6	89.1	1347	OK
1922	     0	63.6	87.9	1318	OK
1923	     0	65.1	87.6	1301	OK
1924	     0	65.8	88.7	1339	OK
1925	     0	63.7	88.2	1305	OK
1926	     0	65.6	90.7	1290	OK
1927	     0	67.6	94.6	1278	OK
1928	     0	62.2	86.5	1325	OK
1929	     0	64.6	90.4	1287	OK
1930	     0	63.8	85.7	1310	OK
1931	     0	65.5	87.5	1292	OK
1932	     0	64.6	86.3	1264	OK
1933	     0	65.9	92.3	1302	OK
1934	     0	65.3	90.8	1268	OK
1935	     0	63.6	86.2	1328	OK
1936	     0	63.8	88.1	1298	OK
1937	     0	65.7	90.7	1293	OK
1938	     0	62.6	86.6	1306	OK
1939	     0	64.3	86.7	1289	OK
1940	     0	62.4	85.9	1311	OK
1941	     0	63.4	87.5	1288	OK
1942	     0	62.2	88.6	1302	OK
1943	     0	62.0	86.0	1311	OK
1944	     0	64.9	88.7	1264	OK
1945	     0	61.7	87.7	1295	OK
1946	     0	61.7	89.3	1307	OK
1947	     0	63.1	89.5	1294	OK
1948	     0	64.7	88.6	1289	OK
1949	     0	62.6	88.2	1303	OK
1950	     0	64.2	90.1	1311	OK
1951	     0	64.5	89.5	1290	OK
1952	     0	63.3	90.3	1285	OK
1953	     0	64.0	90.5	1272	OK
1954	     0	64.1	89.3	1290	OK
1955	     0	63.0	89.1	1282	OK
1956	     0	62.7	86.0	1286	OK
1957	     0	64.7	87.6	1320	OK
1958	     0	63.5	87.6	1306	OK
1959	     0	64.0	89.6	1279	OK
1960	     0	61.8	88.6	1302	OK
1961	     0	64.4	90.4	1307	OK
1962	     0	64.9	91.1	1307	OK
1963	     0	63.8	90.9	1308	OK
1964	     0	63.4	90.3	1306	OK
1965	     0	64.3	103.0	1257	OK
1966	     0	64.4	89.8	1278	OK
1967	     0	66.3	92.6	1266	OK
1968	     0	64.4	93.7	1293	OK
1969	     0	61.9	87.7	1307	OK
1970	     0	63.6	89.3	1310	OK
1971	     0	66.0	91.7	1282	OK
1972	     0	66.1	88.9	1302	OK
1973	     0	65.5	88.8	1314	OK
1974	     0	65.4	88.5	1301	OK
1975	     0	63.4	90.5	1300	OK
1976	     0	65.5	89.9	1288	OK
1977	     0	66.0	89.0	1324	OK
1978	     0	64.8	87.6	1294	OK
1979	     0	64.6	89.2	1300	OK
1980	     0	63.8	88.6	1287	OK
1981	     0	65.8	89.9	1306	OK
1982	     0	64.9	89.0	1321	OK
1983	     0	67.4	93.6	1269	OK
1984	     0	67.2	92.9	1309	OK
1985	     0	64.1	88.8	1303	OK
1986	     0	65.9	90.0	1296	OK
1987	     0	66.2	89.1	1316	OK
1988	     0	67.1	90.1	1298	OK
1989	     0	63.5	87.0	1317	OK
1990	     0	61.1	84.4	1330	OK
1991	     0	63.8	87.9	1311	OK
1992	     0	63.9	78.6	1349	OK
1993	     0	64.7	88.6	1286	OK
1994	     0	66.5	95.5	1295	OK
1995	     0	62.5	85.2	1340	OK
1996	     0	64.5	93.1	1333	OK
1997	     0	63.6	90.3	1292	OK
1998	     0	61.5	88.2	1287	OK
1999	     0	63.3	88.6	1290	OK
2000	     0	64.9	87.9	1323	OK
2001	     0	63.9	89.4	1335	OK
2002	     0	64.0	88.1	1310	OK
2003	     0	64.0	91.6	1291	OK
2004	     0	62.3	85.9	1295	OK
2005	     0	64.9	90.1	1300	OK
2006	     0	62.5	87.9	1327	OK
2007	     0	63.8	88.4	1300	OK
2008	     0	62.3	87.2	1285	OK
2009	     0	62.5	85.7	1323	OK
2010	     0	65.9	90.7	1286	OK
2011	     0	65.2	95.5	1295	OK
2012	     0	64.0	94.6	1287	OK
2013	     0	63.9	88.6	1321	OK
2014	     0	64.1	88.6	1273	OK
2015	     0	65.9	91.3	1333	OK
2016	     0	64.8	87.1	1294	OK
2017	     0	64.2	87.2	1296	OK
2018	     0	64.6	88.1	1337	OK
2019	     0	63.8	85.0	1310	OK
2020	     0	65.5	91.1	1309	OK
2021	     0	65.9	89.5	1280	OK
2022	     0	62.8	87.1	1336	OK
2023	     0	63.1	86.3	1331	OK
2024	     0	63.8	86.0	1296	OK
2025	     0	62.9	86.7	1326	OK
2026	     0	64.3	86.2	1298	OK
2027	     0	64.9	87.2	1319	OK
2028	     0	65.6	91.6	1306	OK
2029	     0	64.3	92.8	1266	OK
2030	     0	65.5	88.1	1300	OK
2031	     0	63.6	88.5	1304	OK
2032	     0	65.3	85.8	1337	OK
2033	     0	66.2	91.9	1322	OK
2034	     0	64.3	89.4	1318	OK
2035	     0	64.3	89.6	1306	OK
2036	     0	63.2	86.3	1303	OK
2037	     0	63.1	88.4	1293	OK
2038	     0	62.7	87.4	1339	OK
2039	     0	64.7	87.7	1308	OK
2040	     0	64.7	89.6	1317	OK
2041	     0	65.5	91.2	1286	OK
2042	     0	65.4	88.6	1314	OK
2043	     0	65.6	88.1	1318	OK
2044	     0	68.4	92.1	1280	OK
2045	     0	65.5	91.8	1306	OK
2046	     0	67.3	93.5	1312	OK
2047	     0	65.1	89.6	1330	OK
