#chan	code	gain	vt50	innse	comment
   0	     0	77.4	145.3	 680	OK
   1	     0	75.6	140.2	 673	OK
   2	     0	76.6	142.0	 659	OK
   3	     0	78.6	145.2	 686	OK
   4	     0	75.7	140.2	 667	OK
   5	     0	76.7	141.8	 688	OK
   6	     0	76.2	143.1	 677	OK
   7	     0	76.3	143.1	 670	OK
   8	     0	75.4	141.9	 692	OK
   9	     0	77.0	143.5	 684	OK
  10	     0	74.5	140.0	 692	OK
  11	     0	76.1	141.7	 680	OK
  12	     0	77.1	144.7	 686	OK
  13	     0	75.8	141.1	 672	OK
  14	     0	78.1	147.4	 693	OK
  15	     0	77.4	142.8	 688	OK
  16	     0	76.2	140.5	 681	OK
  17	     0	76.8	144.7	 669	OK
  18	     0	72.9	137.3	 669	OK
  19	     0	75.8	141.5	 670	OK
  20	     0	75.5	140.3	 684	OK
  21	     0	77.7	143.6	 669	OK
  22	     0	74.9	140.0	 664	OK
  23	     0	75.1	142.3	 683	OK
  24	     0	76.2	139.6	 656	OK
  25	     0	75.7	140.6	 671	OK
  26	     0	77.2	142.8	 692	OK
  27	     0	75.9	141.8	 685	OK
  28	     0	76.6	141.7	 692	OK
  29	     0	75.1	139.3	 661	OK
  30	     0	75.0	139.7	 692	OK
  31	     0	75.0	140.1	 661	OK
  32	     0	74.8	140.7	 664	OK
  33	     0	75.1	139.9	 686	OK
  34	     0	76.5	143.7	 676	OK
  35	     0	76.3	140.4	 676	OK
  36	     0	77.4	142.2	 676	OK
  37	     0	74.4	139.1	 674	OK
  38	     0	75.9	140.0	 701	OK
  39	     0	76.0	139.4	 672	OK
  40	     0	77.1	143.1	 698	OK
  41	     0	76.0	142.6	 685	OK
  42	     0	77.1	144.1	 673	OK
  43	     0	78.4	144.6	 684	OK
  44	     0	75.7	142.4	 680	OK
  45	     0	75.1	140.2	 687	OK
  46	     0	75.7	140.6	 675	OK
  47	     0	77.3	142.4	 661	OK
  48	     0	73.3	137.6	 685	OK
  49	     0	76.7	141.4	 671	OK
  50	     0	76.9	142.5	 687	OK
  51	     0	76.0	142.2	 687	OK
  52	     0	76.9	145.6	 662	OK
  53	     0	75.4	140.1	 665	OK
  54	     0	76.5	143.0	 675	OK
  55	     0	79.6	146.8	 692	OK
  56	     0	74.7	139.4	 671	OK
  57	     0	77.1	143.2	 676	OK
  58	     0	77.9	143.0	 682	OK
  59	     0	76.2	141.5	 673	OK
  60	     0	77.0	144.7	 679	OK
  61	     0	77.2	142.7	 684	OK
  62	     0	77.1	142.5	 701	OK
  63	     0	78.3	147.0	 676	OK
  64	     0	78.3	145.7	 678	OK
  65	     0	79.4	145.6	 681	OK
  66	     0	75.5	140.9	 681	OK
  67	     0	77.7	144.0	 657	OK
  68	     0	79.6	146.9	 679	OK
  69	     0	78.2	146.1	 678	OK
  70	     0	79.1	146.9	 683	OK
  71	     0	75.0	141.8	 681	OK
  72	     0	79.3	147.3	 679	OK
  73	     0	77.6	145.0	 675	OK
  74	     0	79.7	146.6	 669	OK
  75	     0	80.4	149.0	 680	OK
  76	     0	76.2	139.9	 666	OK
  77	     0	78.0	144.1	 674	OK
  78	     0	77.5	143.7	 666	OK
  79	     0	77.3	141.5	 678	OK
  80	     0	78.4	143.8	 663	OK
  81	     0	77.1	141.7	 663	OK
  82	     0	79.7	146.6	 686	OK
  83	     0	80.3	149.7	 667	OK
  84	     0	79.8	149.2	 666	OK
  85	     0	77.0	144.4	 663	OK
  86	     0	79.1	146.0	 653	OK
  87	     0	79.0	146.1	 667	OK
  88	     0	78.1	143.8	 668	OK
  89	     0	76.9	141.8	 674	OK
  90	     0	78.9	147.0	 664	OK
  91	     0	76.6	143.0	 661	OK
  92	     0	77.7	145.1	 656	OK
  93	     0	80.5	149.7	 639	OK
  94	     0	77.3	141.8	 642	OK
  95	     0	76.7	142.0	 650	OK
  96	     0	78.2	145.2	 661	OK
  97	     0	80.1	147.6	 643	OK
  98	     0	78.5	143.1	 654	OK
  99	     0	78.3	144.6	 653	OK
 100	     0	79.1	144.8	 649	OK
 101	     0	77.2	142.6	 646	OK
 102	     0	78.8	146.4	 636	OK
 103	     0	79.3	145.2	 655	OK
 104	     0	80.3	148.0	 649	OK
 105	     0	78.3	145.9	 649	OK
 106	     0	82.1	152.9	 640	OK
 107	     0	79.8	147.0	 640	OK
 108	     0	79.8	144.3	 658	OK
 109	     0	80.5	148.8	 641	OK
 110	     0	78.0	142.5	 667	OK
 111	     0	79.5	146.5	 634	OK
 112	     0	77.6	141.7	 641	OK
 113	     0	79.8	147.3	 639	OK
 114	     0	78.5	145.4	 649	OK
 115	     0	80.1	148.2	 650	OK
 116	     0	76.6	139.7	 646	OK
 117	     0	77.8	142.8	 644	OK
 118	     0	81.3	148.9	 631	OK
 119	     0	78.7	145.5	 653	OK
 120	     0	80.3	147.1	 636	OK
 121	     0	78.4	145.7	 653	OK
 122	     0	79.1	147.8	 618	OK
 123	     0	81.4	149.8	 633	OK
 124	     0	80.6	149.4	 620	OK
 125	     0	80.8	147.6	 653	OK
 126	     0	80.6	148.5	 636	OK
 127	     0	85.0	154.6	 648	OK
 128	     0	78.8	146.1	 692	OK
 129	     0	77.7	143.1	 691	OK
 130	     0	79.8	147.4	 659	OK
 131	     0	78.4	143.5	 689	OK
 132	     0	77.8	143.9	 670	OK
 133	     0	78.5	142.9	 672	OK
 134	     0	80.0	148.5	 666	OK
 135	     0	78.3	145.4	 671	OK
 136	     0	79.8	146.4	 694	OK
 137	     0	78.1	145.7	 691	OK
 138	     0	77.2	141.6	 659	OK
 139	     0	78.1	144.7	 698	OK
 140	     0	79.0	145.0	 693	OK
 141	     0	77.8	142.3	 696	OK
 142	     0	77.5	142.0	 704	OK
 143	     0	79.5	147.8	 696	OK
 144	     0	77.7	140.9	 686	OK
 145	     0	77.1	143.2	 684	OK
 146	     0	77.0	142.3	 687	OK
 147	     0	79.1	146.3	 681	OK
 148	     0	77.7	143.8	 679	OK
 149	     0	77.8	143.9	 676	OK
 150	     0	75.8	139.1	 684	OK
 151	     0	76.7	141.0	 691	OK
 152	     0	77.3	143.6	 700	OK
 153	     0	78.4	144.5	 683	OK
 154	     0	77.2	142.9	 678	OK
 155	     0	76.2	140.3	 681	OK
 156	     0	78.7	145.5	 678	OK
 157	     0	76.1	142.4	 689	OK
 158	     0	78.1	145.1	 687	OK
 159	     0	76.6	143.7	 683	OK
 160	     0	77.6	143.0	 676	OK
 161	     0	76.2	143.1	 695	OK
 162	     0	76.2	140.3	 679	OK
 163	     0	77.4	145.1	 688	OK
 164	     0	77.3	143.7	 682	OK
 165	     0	77.9	144.9	 678	OK
 166	     0	76.2	142.8	 675	OK
 167	     0	77.8	144.6	 681	OK
 168	     0	75.7	141.2	 697	OK
 169	     0	76.8	141.0	 686	OK
 170	     0	76.7	142.8	 692	OK
 171	     0	74.9	140.6	 682	OK
 172	     0	77.6	144.2	 688	OK
 173	     0	78.9	146.0	 704	OK
 174	     0	76.9	143.6	 690	OK
 175	     0	76.7	143.3	 697	OK
 176	     0	79.3	146.8	 680	OK
 177	     0	78.3	144.0	 696	OK
 178	     0	76.9	143.2	 693	OK
 179	     0	77.6	143.5	 676	OK
 180	     0	75.5	138.0	 669	OK
 181	     0	76.5	143.7	 696	OK
 182	     0	75.5	142.3	 686	OK
 183	     0	75.6	140.8	 696	OK
 184	     0	75.2	139.7	 686	OK
 185	     0	78.0	147.2	 696	OK
 186	     0	76.4	142.8	 689	OK
 187	     0	77.1	144.0	 707	OK
 188	     0	79.0	145.8	 692	OK
 189	     0	78.7	148.7	 702	OK
 190	     0	80.3	150.0	 697	OK
 191	     0	79.8	147.2	 692	OK
 192	     0	76.6	143.6	 686	OK
 193	     0	78.1	148.6	 691	OK
 194	     0	77.5	143.9	 700	OK
 195	     0	76.1	140.5	 673	OK
 196	     0	75.8	141.3	 709	OK
 197	     0	75.8	141.4	 693	OK
 198	     0	74.6	139.6	 698	OK
 199	     0	76.9	144.2	 672	OK
 200	     0	75.9	143.6	 685	OK
 201	     0	74.4	140.5	 687	OK
 202	     0	75.0	141.5	 668	OK
 203	     0	76.8	144.5	 675	OK
 204	     0	75.7	142.6	 673	OK
 205	     0	74.5	139.4	 679	OK
 206	     0	75.3	141.4	 678	OK
 207	     0	76.8	144.2	 673	OK
 208	     0	75.6	142.3	 672	OK
 209	     0	75.4	141.4	 671	OK
 210	     0	78.3	147.6	 663	OK
 211	     0	76.8	144.7	 688	OK
 212	     0	75.9	142.8	 685	OK
 213	     0	75.5	140.6	 683	OK
 214	     0	73.7	139.1	 676	OK
 215	     0	75.5	140.6	 674	OK
 216	     0	75.9	144.1	 675	OK
 217	     0	73.7	138.0	 699	OK
 218	     0	78.3	145.0	 654	OK
 219	     0	76.6	144.2	 666	OK
 220	     0	76.0	142.6	 665	OK
 221	     0	75.5	142.4	 673	OK
 222	     0	75.9	141.4	 674	OK
 223	     0	74.6	140.5	 684	OK
 224	     0	76.3	143.4	 709	OK
 225	     0	76.6	143.5	 688	OK
 226	     0	78.1	145.1	 691	OK
 227	     0	74.4	139.1	 695	OK
 228	     0	74.4	140.4	 698	OK
 229	     0	76.8	144.0	 675	OK
 230	     0	76.2	142.2	 688	OK
 231	     0	73.5	140.0	 682	OK
 232	     0	76.5	143.5	 706	OK
 233	     0	74.2	138.2	 677	OK
 234	     0	77.0	143.6	 703	OK
 235	     0	73.4	137.7	 698	OK
 236	     0	76.7	143.4	 708	OK
 237	     0	75.2	138.9	 694	OK
 238	     0	75.2	141.4	 690	OK
 239	     0	76.3	140.6	 690	OK
 240	     0	75.3	140.1	 703	OK
 241	     0	75.6	140.4	 688	OK
 242	     0	75.5	142.4	 691	OK
 243	     0	74.7	140.0	 693	OK
 244	     0	74.1	140.9	 698	OK
 245	     0	74.8	138.9	 685	OK
 246	     0	74.0	138.6	 671	OK
 247	     0	75.1	139.4	 700	OK
 248	     0	73.6	138.1	 702	OK
 249	     0	75.1	140.4	 688	OK
 250	     0	74.0	140.5	 707	OK
 251	     0	76.6	142.3	 689	OK
 252	     0	77.4	144.1	 684	OK
 253	     0	74.8	140.4	 689	OK
 254	     0	75.9	143.1	 713	OK
 255	     0	74.9	140.9	 708	OK
 256	     0	77.8	146.0	 718	OK
 257	     0	78.9	147.3	 699	OK
 258	     0	77.4	144.1	 702	OK
 259	     0	77.5	143.1	 708	OK
 260	     0	77.4	146.7	 698	OK
 261	     0	76.2	142.3	 716	OK
 262	     0	74.2	139.1	 717	OK
 263	     0	76.2	142.3	 680	OK
 264	     0	75.0	141.1	 682	OK
 265	     0	77.2	144.4	 713	OK
 266	     0	74.5	139.9	 680	OK
 267	     0	75.8	141.4	 699	OK
 268	     0	75.5	142.6	 692	OK
 269	     0	75.2	141.1	 677	OK
 270	     0	76.1	142.8	 688	OK
 271	     0	75.1	141.5	 674	OK
 272	     0	73.8	138.8	 675	OK
 273	     0	77.6	145.6	 673	OK
 274	     0	74.1	139.7	 669	OK
 275	     0	76.1	141.3	 690	OK
 276	     0	75.0	141.7	 690	OK
 277	     0	76.6	144.7	 682	OK
 278	     0	74.0	138.0	 669	OK
 279	     0	75.2	140.7	 678	OK
 280	     0	74.8	142.1	 677	OK
 281	     0	76.9	144.5	 683	OK
 282	     0	75.2	142.1	 677	OK
 283	     0	76.9	145.0	 702	OK
 284	     0	74.0	139.1	 684	OK
 285	     0	74.6	139.8	 670	OK
 286	     0	75.8	143.4	 706	OK
 287	     0	74.4	140.2	 687	OK
 288	     0	75.3	139.4	 672	OK
 289	     0	72.7	137.5	 669	OK
 290	     0	74.9	139.8	 696	OK
 291	     0	76.6	145.5	 686	OK
 292	     0	75.8	142.0	 679	OK
 293	     0	75.5	143.0	 690	OK
 294	     0	76.1	142.5	 692	OK
 295	     0	77.0	144.7	 693	OK
 296	     0	76.4	140.3	 682	OK
 297	     0	76.6	142.6	 683	OK
 298	     0	77.0	144.0	 689	OK
 299	     0	75.4	139.8	 669	OK
 300	     0	75.4	141.8	 685	OK
 301	     0	77.0	143.1	 698	OK
 302	     0	76.6	145.1	 670	OK
 303	     0	76.1	142.1	 671	OK
 304	     0	75.6	140.1	 708	OK
 305	     0	76.4	143.6	 682	OK
 306	     0	77.3	145.5	 708	OK
 307	     0	76.7	143.4	 690	OK
 308	     0	77.3	146.1	 678	OK
 309	     0	76.5	143.8	 705	OK
 310	     0	78.0	145.6	 707	OK
 311	     0	76.3	143.0	 687	OK
 312	     0	76.7	141.9	 705	OK
 313	     0	75.3	142.4	 697	OK
 314	     0	76.2	144.5	 688	OK
 315	     0	77.8	147.6	 684	OK
 316	     0	76.7	145.9	 701	OK
 317	     0	76.7	143.8	 700	OK
 318	     0	78.6	146.0	 695	OK
 319	     0	76.4	141.1	 695	OK
 320	     0	79.5	150.0	 694	OK
 321	     0	78.2	145.1	 699	OK
 322	     0	75.8	143.0	 690	OK
 323	     0	74.7	140.1	 706	OK
 324	     0	77.1	143.9	 684	OK
 325	     0	77.9	143.9	 694	OK
 326	     0	76.4	142.4	 694	OK
 327	     0	76.3	143.0	 698	OK
 328	     0	76.9	144.8	 691	OK
 329	     0	76.4	144.8	 694	OK
 330	     0	78.1	145.3	 672	OK
 331	     0	75.8	141.1	 676	OK
 332	     0	76.1	144.9	 695	OK
 333	     0	75.8	141.0	 698	OK
 334	     0	77.7	144.7	 678	OK
 335	     0	77.3	145.6	 697	OK
 336	     0	76.1	145.4	 689	OK
 337	     0	76.9	143.0	 698	OK
 338	     0	74.4	138.5	 685	OK
 339	     0	77.2	145.0	 700	OK
 340	     0	76.6	142.7	 709	OK
 341	     0	78.4	147.7	 696	OK
 342	     0	77.9	145.9	 688	OK
 343	     0	78.3	146.1	 697	OK
 344	     0	75.7	140.8	 682	OK
 345	     0	75.5	140.8	 688	OK
 346	     0	76.6	142.8	 681	OK
 347	     0	78.5	147.0	 693	OK
 348	     0	77.2	145.4	 688	OK
 349	     0	77.9	143.5	 666	OK
 350	     0	76.4	142.8	 687	OK
 351	     0	75.0	140.2	 682	OK
 352	     0	76.3	143.1	 678	OK
 353	     0	77.1	142.0	 681	OK
 354	     0	77.0	145.3	 692	OK
 355	     0	76.6	142.0	 682	OK
 356	     0	77.8	146.6	 669	OK
 357	     0	77.4	142.8	 687	OK
 358	     0	73.5	138.8	 662	OK
 359	     0	74.8	141.7	 681	OK
 360	     0	77.1	145.0	 684	OK
 361	     0	76.7	143.6	 683	OK
 362	     0	77.2	144.9	 670	OK
 363	     0	76.9	140.7	 677	OK
 364	     0	78.0	143.8	 687	OK
 365	     0	79.4	148.9	 698	OK
 366	     0	79.8	146.1	 691	OK
 367	     0	74.8	139.6	 678	OK
 368	     0	77.3	145.7	 678	OK
 369	     0	79.0	145.1	 685	OK
 370	     0	78.4	146.3	 692	OK
 371	     0	78.0	143.5	 698	OK
 372	     0	78.4	144.5	 689	OK
 373	     0	76.9	144.3	 670	OK
 374	     0	78.0	146.6	 661	OK
 375	     0	77.1	144.4	 676	OK
 376	     0	78.5	146.4	 666	OK
 377	     0	78.9	145.9	 669	OK
 378	     0	80.7	149.1	 680	OK
 379	     0	77.6	141.9	 696	OK
 380	     0	80.5	150.5	 680	OK
 381	     0	79.2	146.4	 684	OK
 382	     0	76.3	140.1	 676	OK
 383	     0	80.4	147.7	 664	OK
 384	     0	83.8	156.0	 644	OK
 385	     0	84.9	155.5	 629	OK
 386	     0	85.7	158.2	 653	OK
 387	     0	83.4	152.6	 643	OK
 388	     0	82.8	152.3	 632	OK
 389	     0	82.8	152.4	 635	OK
 390	     0	82.1	151.2	 625	OK
 391	     0	83.3	156.3	 636	OK
 392	     0	83.8	154.2	 624	OK
 393	     0	81.5	152.1	 638	OK
 394	     0	83.4	153.1	 645	OK
 395	     0	83.7	154.2	 627	OK
 396	     0	83.0	152.9	 655	OK
 397	     0	83.3	153.8	 629	OK
 398	     0	83.0	152.6	 635	OK
 399	     0	81.2	152.9	 631	OK
 400	     0	81.7	151.8	 632	OK
 401	     0	81.4	151.5	 640	OK
 402	     0	80.9	150.6	 638	OK
 403	     0	80.8	150.4	 626	OK
 404	     0	81.2	152.0	 623	OK
 405	     0	81.1	151.1	 630	OK
 406	     0	81.3	149.7	 659	OK
 407	     0	81.3	150.7	 648	OK
 408	     0	80.2	148.1	 638	OK
 409	     0	81.9	151.4	 646	OK
 410	     0	83.3	154.9	 630	OK
 411	     0	81.3	153.4	 653	OK
 412	     0	80.5	147.9	 648	OK
 413	     0	82.2	151.7	 645	OK
 414	     0	81.9	152.0	 623	OK
 415	     0	80.9	148.6	 638	OK
 416	     0	80.9	148.9	 651	OK
 417	     0	81.3	151.7	 650	OK
 418	     0	82.8	154.4	 650	OK
 419	     0	83.4	154.8	 629	OK
 420	     0	83.4	156.2	 655	OK
 421	     0	81.1	151.9	 651	OK
 422	     0	80.2	151.2	 654	OK
 423	     0	82.1	153.7	 646	OK
 424	     0	80.7	151.1	 634	OK
 425	     0	80.7	148.8	 654	OK
 426	     0	80.8	151.0	 630	OK
 427	     0	83.9	155.5	 662	OK
 428	     0	81.0	151.0	 662	OK
 429	     0	80.6	151.6	 653	OK
 430	     0	82.0	152.0	 647	OK
 431	     0	81.0	152.2	 657	OK
 432	     0	82.9	152.4	 669	OK
 433	     0	83.1	153.8	 643	OK
 434	     0	79.9	148.2	 660	OK
 435	     0	79.5	148.2	 658	OK
 436	     0	82.8	154.4	 662	OK
 437	     0	82.6	153.8	 654	OK
 438	     0	83.0	156.2	 680	OK
 439	     0	78.8	147.8	 642	OK
 440	     0	82.7	155.1	 660	OK
 441	     0	83.0	153.3	 676	OK
 442	     0	82.3	151.4	 667	OK
 443	     0	79.6	148.3	 673	OK
 444	     0	83.3	155.1	 681	OK
 445	     0	82.3	153.6	 666	OK
 446	     0	82.3	154.1	 663	OK
 447	     0	80.6	153.0	 645	OK
 448	     0	81.8	149.9	 666	OK
 449	     0	83.1	154.2	 647	OK
 450	     0	80.2	150.8	 658	OK
 451	     0	80.7	151.0	 668	OK
 452	     0	82.5	153.3	 672	OK
 453	     0	80.0	147.5	 665	OK
 454	     0	81.9	152.3	 668	OK
 455	     0	79.3	148.9	 646	OK
 456	     0	81.2	151.5	 663	OK
 457	     0	80.5	151.1	 674	OK
 458	     0	81.0	150.4	 654	OK
 459	     0	82.9	155.2	 672	OK
 460	     0	80.3	152.0	 672	OK
 461	     0	79.9	150.6	 665	OK
 462	     0	80.4	147.8	 669	OK
 463	     0	82.3	153.8	 660	OK
 464	     0	80.4	149.7	 654	OK
 465	     0	84.5	155.7	 668	OK
 466	     0	81.7	153.1	 662	OK
 467	     0	80.5	149.7	 668	OK
 468	     0	80.9	152.1	 669	OK
 469	     0	83.0	151.9	 669	OK
 470	     0	82.3	154.3	 670	OK
 471	     0	77.8	144.9	 665	OK
 472	     0	79.5	150.3	 653	OK
 473	     0	81.1	152.0	 654	OK
 474	     0	81.0	150.2	 662	OK
 475	     0	80.2	149.9	 658	OK
 476	     0	79.3	146.6	 654	OK
 477	     0	78.7	145.5	 656	OK
 478	     0	80.2	147.4	 662	OK
 479	     0	81.1	150.5	 664	OK
 480	     0	81.4	150.1	 652	OK
 481	     0	83.6	153.9	 663	OK
 482	     0	81.1	149.8	 663	OK
 483	     0	80.7	151.5	 665	OK
 484	     0	79.1	148.8	 656	OK
 485	     0	80.7	149.2	 673	OK
 486	     0	82.7	154.0	 639	OK
 487	     0	81.7	151.8	 657	OK
 488	     0	80.5	150.9	 651	OK
 489	     0	78.2	146.4	 668	OK
 490	     0	80.0	151.0	 648	OK
 491	     0	80.1	148.1	 648	OK
 492	     0	78.0	145.1	 662	OK
 493	     0	79.5	148.5	 641	OK
 494	     0	81.6	153.1	 651	OK
 495	     0	79.4	147.6	 673	OK
 496	     0	82.0	152.2	 666	OK
 497	     0	81.8	151.9	 659	OK
 498	     0	79.4	149.7	 648	OK
 499	     0	81.5	152.5	 669	OK
 500	     0	80.5	150.8	 674	OK
 501	     0	81.0	151.4	 661	OK
 502	     0	79.6	149.5	 636	OK
 503	     0	78.9	149.1	 671	OK
 504	     0	80.0	150.5	 673	OK
 505	     0	81.7	151.4	 661	OK
 506	     0	81.5	153.2	 656	OK
 507	     0	80.7	152.2	 677	OK
 508	     0	81.8	151.9	 664	OK
 509	     0	79.9	149.8	 653	OK
 510	     0	79.9	149.8	 679	OK
 511	     0	82.7	154.5	 658	OK
 512	     0	73.1	135.1	 666	OK
 513	     0	75.4	142.3	 687	OK
 514	     0	77.1	141.7	 682	OK
 515	     0	74.3	139.8	 695	OK
 516	     0	72.8	137.6	 660	OK
 517	     0	76.8	142.8	 696	OK
 518	     0	74.6	140.1	 690	OK
 519	     0	73.8	138.3	 683	OK
 520	     0	73.8	137.5	 680	OK
 521	     0	75.9	141.8	 668	OK
 522	     0	73.3	137.3	 682	OK
 523	     0	76.3	142.6	 687	OK
 524	     0	73.5	138.9	 687	OK
 525	     0	74.4	139.9	 677	OK
 526	     0	75.2	138.0	 696	OK
 527	     0	76.8	143.4	 691	OK
 528	     0	75.9	140.3	 692	OK
 529	     0	75.6	139.9	 681	OK
 530	     0	74.3	140.2	 698	OK
 531	     0	74.9	141.2	 694	OK
 532	     0	77.2	144.2	 693	OK
 533	     0	74.9	140.2	 691	OK
 534	     0	75.3	140.2	 685	OK
 535	     0	76.3	141.8	 687	OK
 536	     0	75.1	140.0	 683	OK
 537	     0	76.1	141.9	 699	OK
 538	     0	75.7	141.7	 701	OK
 539	     0	76.0	141.4	 698	OK
 540	     0	75.9	142.0	 691	OK
 541	     0	75.0	140.1	 704	OK
 542	     0	76.2	141.6	 704	OK
 543	     0	75.6	141.2	 698	OK
 544	     0	73.6	136.6	 716	OK
 545	     0	75.9	141.3	 697	OK
 546	     0	73.8	138.1	 701	OK
 547	     0	73.5	136.6	 676	OK
 548	     0	74.6	140.8	 701	OK
 549	     0	76.8	141.9	 688	OK
 550	     0	73.6	136.7	 694	OK
 551	     0	75.8	140.2	 696	OK
 552	     0	74.5	139.6	 698	OK
 553	     0	73.9	138.0	 698	OK
 554	     0	73.8	137.5	 708	OK
 555	     0	75.3	140.5	 704	OK
 556	     0	75.5	143.2	 730	OK
 557	     0	76.7	143.9	 703	OK
 558	     0	76.9	143.1	 685	OK
 559	     0	76.6	142.3	 679	OK
 560	     0	75.9	140.6	 687	OK
 561	     0	73.5	138.9	 690	OK
 562	     0	73.7	136.9	 669	OK
 563	     0	74.3	138.9	 678	OK
 564	     0	74.7	137.3	 682	OK
 565	     0	76.1	140.8	 698	OK
 566	     0	77.0	144.1	 700	OK
 567	     0	76.0	140.6	 696	OK
 568	     0	75.8	141.0	 703	OK
 569	     0	76.5	140.7	 686	OK
 570	     0	76.5	143.0	 707	OK
 571	     0	78.4	147.0	 676	OK
 572	     0	77.7	146.1	 699	OK
 573	     0	75.6	140.1	 691	OK
 574	     0	76.7	142.6	 698	OK
 575	     0	74.9	141.4	 701	OK
 576	     0	74.2	139.3	 676	OK
 577	     0	77.5	144.9	 691	OK
 578	     0	75.2	138.9	 674	OK
 579	     0	76.1	141.7	 675	OK
 580	     0	75.4	140.7	 666	OK
 581	     0	77.1	143.3	 690	OK
 582	     0	76.7	143.6	 684	OK
 583	     0	76.0	139.3	 694	OK
 584	     0	74.6	140.4	 697	OK
 585	     0	77.1	144.8	 681	OK
 586	     0	76.3	142.4	 672	OK
 587	     0	77.1	141.6	 683	OK
 588	     0	74.2	139.1	 682	OK
 589	     0	77.5	143.2	 694	OK
 590	     0	77.2	143.6	 689	OK
 591	     0	73.0	135.5	 680	OK
 592	     0	76.8	142.9	 678	OK
 593	     0	73.5	138.0	 663	OK
 594	     0	75.0	139.3	 686	OK
 595	     0	76.6	142.0	 686	OK
 596	     0	73.0	135.6	 711	OK
 597	     0	76.0	141.5	 682	OK
 598	     0	73.8	137.3	 682	OK
 599	     0	77.6	143.3	 679	OK
 600	     0	75.5	141.1	 679	OK
 601	     0	74.7	140.0	 690	OK
 602	     0	77.1	142.3	 674	OK
 603	     0	75.8	144.2	 667	OK
 604	     0	77.3	143.5	 687	OK
 605	     0	76.1	141.7	 675	OK
 606	     0	78.1	146.5	 680	OK
 607	     0	76.2	142.6	 669	OK
 608	     0	77.4	143.0	 677	OK
 609	     0	78.7	145.7	 694	OK
 610	     0	76.1	141.2	 664	OK
 611	     0	73.9	138.5	 667	OK
 612	     0	75.5	139.3	 680	OK
 613	     0	77.1	141.5	 678	OK
 614	     0	75.2	139.8	 659	OK
 615	     0	75.8	139.4	 662	OK
 616	     0	76.7	141.2	 669	OK
 617	     0	77.2	143.2	 652	OK
 618	     0	76.9	142.9	 640	OK
 619	     0	76.8	142.3	 665	OK
 620	     0	78.2	144.2	 669	OK
 621	     0	75.6	139.9	 654	OK
 622	     0	75.8	139.2	 652	OK
 623	     0	75.5	139.9	 644	OK
 624	     0	75.3	139.2	 657	OK
 625	     0	76.6	141.9	 648	OK
 626	     0	74.8	137.6	 647	OK
 627	     0	76.8	140.9	 645	OK
 628	     0	74.4	140.1	 650	OK
 629	     0	76.5	142.3	 667	OK
 630	     0	78.0	144.8	 629	OK
 631	     0	75.7	139.0	 659	OK
 632	     0	76.6	141.6	 657	OK
 633	     0	76.1	140.0	 663	OK
 634	     0	76.0	140.0	 656	OK
 635	     0	77.7	144.6	 672	OK
 636	     0	78.3	146.4	 657	OK
 637	     0	78.0	143.2	 651	OK
 638	     0	77.0	142.2	 656	OK
 639	     0	77.6	144.0	 651	OK
 640	     0	77.8	143.2	 714	OK
 641	     0	79.8	149.0	 699	OK
 642	     0	77.3	142.4	 723	OK
 643	     0	77.0	144.3	 711	OK
 644	     0	77.4	143.2	 717	OK
 645	     0	76.0	141.3	 721	OK
 646	     0	74.9	138.7	 694	OK
 647	     0	75.8	142.3	 707	OK
 648	     0	75.5	140.1	 706	OK
 649	     0	77.1	143.0	 710	OK
 650	     0	76.5	141.7	 702	OK
 651	     0	76.7	143.9	 736	OK
 652	     0	76.0	141.6	 710	OK
 653	     0	77.2	141.7	 724	OK
 654	     0	78.2	144.5	 711	OK
 655	     0	76.0	140.1	 709	OK
 656	     0	74.9	138.8	 725	OK
 657	     0	76.6	142.1	 703	OK
 658	     0	77.5	142.7	 727	OK
 659	     0	76.5	142.5	 717	OK
 660	     0	78.3	145.8	 709	OK
 661	     0	74.9	139.4	 717	OK
 662	     0	77.1	141.9	 717	OK
 663	     0	77.2	142.5	 730	OK
 664	     0	76.5	139.9	 721	OK
 665	     0	73.1	136.6	 714	OK
 666	     0	73.8	137.2	 724	OK
 667	     0	76.0	142.7	 694	OK
 668	     0	73.3	137.5	 725	OK
 669	     0	75.2	138.9	 723	OK
 670	     0	74.3	137.0	 696	OK
 671	     0	75.6	140.6	 710	OK
 672	     0	75.0	137.2	 711	OK
 673	     0	75.5	139.6	 707	OK
 674	     0	74.7	136.7	 716	OK
 675	     0	72.2	135.5	 715	OK
 676	     0	75.5	140.5	 699	OK
 677	     0	74.9	140.2	 708	OK
 678	     0	76.5	140.1	 710	OK
 679	     0	77.2	143.3	 705	OK
 680	     0	76.9	142.1	 712	OK
 681	     0	74.0	138.0	 705	OK
 682	     0	74.9	138.7	 707	OK
 683	     0	76.3	143.1	 725	OK
 684	     0	75.3	139.7	 727	OK
 685	     0	74.7	138.3	 735	OK
 686	     0	75.1	140.8	 689	OK
 687	     0	76.0	142.3	 717	OK
 688	     0	75.9	143.0	 720	OK
 689	     0	76.9	142.9	 704	OK
 690	     0	77.2	144.8	 718	OK
 691	     0	76.9	142.7	 712	OK
 692	     0	76.6	141.3	 715	OK
 693	     0	72.6	136.4	 695	OK
 694	     0	76.8	141.7	 710	OK
 695	     0	76.8	142.9	 707	OK
 696	     0	76.3	143.9	 733	OK
 697	     0	76.2	142.4	 706	OK
 698	     0	74.1	139.9	 713	OK
 699	     0	76.3	143.5	 716	OK
 700	     0	75.4	138.1	 716	OK
 701	     0	75.0	139.2	 701	OK
 702	     0	75.1	138.9	 729	OK
 703	     0	77.1	142.9	 713	OK
 704	     0	74.8	141.4	 727	OK
 705	     0	74.6	141.2	 711	OK
 706	     0	75.4	141.3	 724	OK
 707	     0	76.2	143.4	 725	OK
 708	     0	73.5	137.8	 705	OK
 709	     0	75.9	141.6	 716	OK
 710	     0	75.7	142.0	 736	OK
 711	     0	74.0	139.1	 689	OK
 712	     0	74.8	140.3	 724	OK
 713	     0	74.3	139.6	 717	OK
 714	     0	74.5	139.0	 708	OK
 715	     0	73.2	136.8	 711	OK
 716	     0	74.2	138.6	 693	OK
 717	     0	75.3	141.5	 702	OK
 718	     0	74.2	136.6	 714	OK
 719	     0	75.3	139.3	 710	OK
 720	     0	72.9	136.6	 724	OK
 721	     0	75.1	139.1	 682	OK
 722	     0	74.0	135.2	 716	OK
 723	     0	72.4	134.8	 683	OK
 724	     0	75.2	141.1	 707	OK
 725	     0	72.3	135.7	 694	OK
 726	     0	74.5	139.1	 689	OK
 727	     0	73.5	137.2	 682	OK
 728	     0	72.4	134.8	 696	OK
 729	     0	74.6	139.2	 694	OK
 730	     0	74.1	136.4	 697	OK
 731	     0	75.3	140.7	 678	OK
 732	     0	74.7	138.0	 685	OK
 733	     0	73.8	138.4	 662	OK
 734	     0	74.3	139.8	 676	OK
 735	     0	74.3	139.1	 717	OK
 736	     0	74.0	138.2	 695	OK
 737	     0	73.3	136.4	 684	OK
 738	     0	76.0	142.7	 708	OK
 739	     0	76.7	141.4	 690	OK
 740	     0	74.4	137.3	 682	OK
 741	     0	72.6	135.4	 677	OK
 742	     0	75.8	141.1	 675	OK
 743	     0	74.6	138.3	 689	OK
 744	     0	72.9	136.8	 692	OK
 745	     0	72.4	133.9	 690	OK
 746	     0	74.0	139.2	 689	OK
 747	     0	73.2	136.9	 681	OK
 748	     0	74.9	139.9	 676	OK
 749	     0	71.3	132.7	 691	OK
 750	     0	74.5	139.9	 673	OK
 751	     0	74.6	137.7	 667	OK
 752	     0	74.9	138.2	 703	OK
 753	     0	74.5	139.9	 680	OK
 754	     0	72.4	135.0	 691	OK
 755	     0	75.1	139.9	 682	OK
 756	     0	73.7	137.9	 695	OK
 757	     0	72.6	134.3	 666	OK
 758	     0	72.0	135.7	 691	OK
 759	     0	74.5	138.6	 668	OK
 760	     0	74.1	137.7	 683	OK
 761	     0	73.6	138.8	 696	OK
 762	     0	73.4	135.7	 691	OK
 763	     0	74.3	140.2	 680	OK
 764	     0	73.0	136.9	 668	OK
 765	     0	72.8	136.7	 662	OK
 766	     0	77.5	145.4	 697	OK
 767	     0	73.5	136.3	 690	OK
 768	     0	77.5	144.6	 657	OK
 769	     0	79.5	146.7	 651	OK
 770	     0	76.1	140.8	 658	OK
 771	     0	77.3	145.1	 667	OK
 772	     0	78.7	144.6	 659	OK
 773	     0	79.1	146.3	 658	OK
 774	     0	76.7	142.7	 656	OK
 775	     0	74.7	138.3	 647	OK
 776	     0	76.9	142.6	 652	OK
 777	     0	76.6	143.7	 664	OK
 778	     0	78.7	147.0	 647	OK
 779	     0	79.7	148.2	 638	OK
 780	     0	76.9	141.6	 650	OK
 781	     0	76.5	142.5	 650	OK
 782	     0	78.5	144.5	 677	OK
 783	     0	77.4	143.0	 652	OK
 784	     0	78.6	145.7	 645	OK
 785	     0	76.1	140.5	 644	OK
 786	     0	78.9	145.4	 660	OK
 787	     0	74.7	139.8	 636	OK
 788	     0	76.5	142.8	 648	OK
 789	     0	77.0	144.9	 642	OK
 790	     0	79.2	146.1	 645	OK
 791	     0	79.6	147.6	 652	OK
 792	     0	78.7	146.3	 665	OK
 793	     0	76.5	141.6	 663	OK
 794	     0	75.9	140.9	 658	OK
 795	     0	78.0	143.9	 679	OK
 796	     0	74.9	139.6	 682	OK
 797	     0	76.7	142.6	 663	OK
 798	     0	77.7	144.6	 674	OK
 799	     0	76.7	142.3	 651	OK
 800	     0	78.7	145.9	 678	OK
 801	     0	78.9	145.7	 647	OK
 802	     0	79.3	147.0	 646	OK
 803	     0	79.2	146.2	 677	OK
 804	     0	79.3	146.6	 655	OK
 805	     0	78.4	144.4	 648	OK
 806	     0	79.2	144.9	 654	OK
 807	     0	79.2	144.5	 665	OK
 808	     0	77.4	141.8	 666	OK
 809	     0	80.5	148.7	 659	OK
 810	     0	78.0	145.1	 657	OK
 811	     0	77.1	143.9	 652	OK
 812	     0	78.0	143.4	 679	OK
 813	     0	77.8	142.7	 669	OK
 814	     0	79.2	145.9	 654	OK
 815	     0	77.9	146.7	 672	OK
 816	     0	77.6	143.2	 687	OK
 817	     0	77.4	144.1	 664	OK
 818	     0	76.6	141.0	 678	OK
 819	     0	80.4	146.5	 669	OK
 820	     0	79.4	146.1	 658	OK
 821	     0	77.6	142.1	 669	OK
 822	     0	78.7	146.6	 656	OK
 823	     0	79.2	144.7	 672	OK
 824	     0	79.1	145.8	 683	OK
 825	     0	79.2	145.4	 667	OK
 826	     0	80.3	148.2	 665	OK
 827	     0	79.7	145.9	 690	OK
 828	     0	80.5	148.8	 654	OK
 829	     0	80.3	149.2	 677	OK
 830	     0	79.9	147.9	 661	OK
 831	     0	78.7	145.8	 654	OK
 832	     0	79.5	146.2	 653	OK
 833	     0	78.7	144.9	 659	OK
 834	     0	75.8	142.4	 647	OK
 835	     0	78.0	145.3	 674	OK
 836	     0	78.0	143.7	 676	OK
 837	     0	79.5	145.5	 679	OK
 838	     0	75.9	142.4	 656	OK
 839	     0	78.4	144.1	 655	OK
 840	     0	79.6	148.4	 666	OK
 841	     0	79.5	147.0	 665	OK
 842	     0	81.1	148.6	 657	OK
 843	     0	80.1	147.4	 651	OK
 844	     0	78.5	144.3	 637	OK
 845	     0	79.9	148.4	 674	OK
 846	     0	78.9	145.6	 662	OK
 847	     0	77.9	144.5	 653	OK
 848	     0	79.0	144.2	 668	OK
 849	     0	79.1	145.7	 650	OK
 850	     0	77.6	142.2	 664	OK
 851	     0	76.9	139.5	 649	OK
 852	     0	79.3	146.2	 648	OK
 853	     0	77.6	141.8	 664	OK
 854	     0	78.9	142.9	 649	OK
 855	     0	78.8	144.3	 644	OK
 856	     0	79.2	146.1	 640	OK
 857	     0	79.1	146.0	 644	OK
 858	     0	78.9	142.8	 641	OK
 859	     0	79.3	144.6	 635	OK
 860	     0	78.0	144.7	 653	OK
 861	     0	78.4	143.8	 654	OK
 862	     0	79.7	144.6	 647	OK
 863	     0	79.3	146.8	 665	OK
 864	     0	75.3	139.5	 652	OK
 865	     0	78.9	143.7	 670	OK
 866	     0	79.9	145.1	 659	OK
 867	     0	79.2	144.0	 658	OK
 868	     0	80.8	147.9	 642	OK
 869	     0	77.3	141.9	 647	OK
 870	     0	80.7	149.1	 656	OK
 871	     0	79.2	143.3	 654	OK
 872	     0	80.5	147.3	 661	OK
 873	     0	77.3	140.8	 653	OK
 874	     0	79.6	146.2	 659	OK
 875	     0	80.4	146.2	 657	OK
 876	     0	79.1	146.1	 663	OK
 877	     0	79.3	148.1	 644	OK
 878	     0	78.9	146.5	 637	OK
 879	     0	79.5	145.4	 636	OK
 880	     0	77.8	143.4	 637	OK
 881	     0	80.2	147.1	 667	OK
 882	     0	78.9	146.5	 663	OK
 883	     0	79.0	145.0	 650	OK
 884	     0	78.7	145.4	 689	OK
 885	     0	80.7	147.8	 660	OK
 886	     0	81.6	149.1	 659	OK
 887	     0	82.1	150.9	 657	OK
 888	     0	81.2	148.9	 667	OK
 889	     0	81.0	148.7	 640	OK
 890	     0	80.9	148.7	 668	OK
 891	     0	80.2	146.0	 653	OK
 892	     0	79.9	145.9	 660	OK
 893	     0	80.4	146.7	 663	OK
 894	     0	83.3	154.5	 661	OK
 895	     0	79.0	145.1	 685	OK
 896	     0	79.4	147.5	 693	OK
 897	     0	75.3	139.2	 687	OK
 898	     0	76.4	141.3	 665	OK
 899	     0	76.6	140.3	 680	OK
 900	     0	77.7	143.6	 678	OK
 901	     0	76.1	140.1	 655	OK
 902	     0	74.9	139.8	 687	OK
 903	     0	77.7	144.9	 646	OK
 904	     0	78.1	144.6	 661	OK
 905	     0	77.8	145.4	 671	OK
 906	     0	77.9	145.2	 670	OK
 907	     0	74.8	140.5	 688	OK
 908	     0	78.5	146.1	 672	OK
 909	     0	77.5	145.3	 702	OK
 910	     0	76.9	141.9	 703	OK
 911	     0	77.8	144.1	 665	OK
 912	     0	76.7	144.4	 674	OK
 913	     0	75.4	141.9	 698	OK
 914	     0	77.5	142.8	 675	OK
 915	     0	77.1	145.1	 669	OK
 916	     0	75.7	140.6	 687	OK
 917	     0	77.1	143.3	 677	OK
 918	     0	75.6	139.9	 675	OK
 919	     0	74.9	139.6	 692	OK
 920	     0	75.9	141.0	 687	OK
 921	     0	74.3	139.4	 672	OK
 922	     0	75.7	140.2	 694	OK
 923	     0	75.5	139.3	 685	OK
 924	     0	76.7	142.5	 682	OK
 925	     0	76.0	142.0	 696	OK
 926	     0	76.1	140.9	 664	OK
 927	     0	75.7	139.2	 675	OK
 928	     0	76.5	142.0	 689	OK
 929	     0	76.5	142.8	 689	OK
 930	     0	76.5	144.3	 685	OK
 931	     0	78.3	144.7	 678	OK
 932	     0	74.9	139.0	 683	OK
 933	     0	75.4	140.4	 679	OK
 934	     0	77.1	144.6	 689	OK
 935	     0	79.3	148.5	 682	OK
 936	     0	76.3	142.0	 686	OK
 937	     0	76.5	143.9	 689	OK
 938	     0	74.0	140.0	 679	OK
 939	     0	76.8	142.2	 676	OK
 940	     0	74.3	139.8	 680	OK
 941	     0	74.8	139.6	 674	OK
 942	     0	74.7	138.9	 697	OK
 943	     0	76.5	142.0	 685	OK
 944	     0	75.8	138.6	 690	OK
 945	     0	74.0	139.6	 689	OK
 946	     0	76.3	141.9	 678	OK
 947	     0	75.3	141.9	 679	OK
 948	     0	75.3	141.1	 681	OK
 949	     0	77.1	142.2	 673	OK
 950	     0	77.6	142.0	 662	OK
 951	     0	76.3	143.2	 692	OK
 952	     0	75.7	142.8	 683	OK
 953	     0	77.3	145.5	 684	OK
 954	     0	75.0	140.8	 683	OK
 955	     0	76.8	142.9	 683	OK
 956	     0	76.1	139.7	 684	OK
 957	     0	76.0	142.0	 677	OK
 958	     0	77.0	145.9	 680	OK
 959	     0	77.4	143.9	 673	OK
 960	     0	75.6	141.4	 667	OK
 961	     0	77.2	143.8	 685	OK
 962	     0	75.8	141.2	 663	OK
 963	     0	72.6	136.6	 684	OK
 964	     0	73.0	136.8	 679	OK
 965	     0	73.2	137.6	 673	OK
 966	     0	75.7	143.4	 666	OK
 967	     0	74.1	138.1	 672	OK
 968	     0	75.5	140.9	 686	OK
 969	     0	77.4	143.8	 675	OK
 970	     0	74.6	140.3	 669	OK
 971	     0	76.5	142.2	 676	OK
 972	     0	74.5	139.2	 662	OK
 973	     0	74.4	138.0	 679	OK
 974	     0	75.0	138.3	 659	OK
 975	     0	74.8	139.7	 682	OK
 976	     0	74.2	139.6	 674	OK
 977	     0	75.0	140.4	 669	OK
 978	     0	75.5	140.4	 687	OK
 979	     0	74.4	140.7	 691	OK
 980	     0	75.9	142.5	 685	OK
 981	     0	75.5	139.6	 670	OK
 982	     0	76.6	142.7	 692	OK
 983	     0	74.7	138.9	 672	OK
 984	     0	74.2	138.7	 691	OK
 985	     0	73.7	138.0	 693	OK
 986	     0	75.5	138.7	 676	OK
 987	     0	74.7	141.1	 695	OK
 988	     0	74.9	139.6	 687	OK
 989	     0	73.2	137.1	 677	OK
 990	     0	77.5	145.0	 685	OK
 991	     0	76.2	142.8	 680	OK
 992	     0	75.3	139.2	 693	OK
 993	     0	76.2	142.8	 683	OK
 994	     0	75.9	144.0	 663	OK
 995	     0	75.8	142.3	 677	OK
 996	     0	74.7	138.6	 669	OK
 997	     0	74.2	140.6	 661	OK
 998	     0	75.8	142.4	 683	OK
 999	     0	75.1	141.6	 658	OK
1000	     0	73.5	137.2	 681	OK
1001	     0	72.4	136.8	 679	OK
1002	     0	74.3	138.0	 667	OK
1003	     0	74.4	141.3	 680	OK
1004	     0	75.6	143.2	 676	OK
1005	     0	72.7	135.6	 664	OK
1006	     0	73.9	136.1	 666	OK
1007	     0	77.3	145.6	 687	OK
1008	     0	74.7	141.8	 674	OK
1009	     0	72.1	136.0	 683	OK
1010	     0	76.5	142.4	 662	OK
1011	     0	75.5	142.0	 679	OK
1012	     0	73.0	135.2	 684	OK
1013	     0	75.1	142.4	 679	OK
1014	     0	75.9	141.7	 687	OK
1015	     0	74.1	138.0	 672	OK
1016	     0	74.8	140.4	 666	OK
1017	     0	74.7	138.6	 691	OK
1018	     0	75.8	141.0	 668	OK
1019	     0	77.3	144.2	 678	OK
1020	     0	78.4	143.7	 684	OK
1021	     0	75.9	140.1	 673	OK
1022	     0	78.3	147.8	 686	OK
1023	     0	75.8	144.9	 677	OK
1024	     0	76.4	142.2	 678	OK
1025	     0	77.8	145.2	 659	OK
1026	     0	76.4	141.6	 665	OK
1027	     0	78.1	143.3	 675	OK
1028	     0	75.2	141.4	 662	OK
1029	     0	77.1	143.5	 655	OK
1030	     0	75.7	141.0	 662	OK
1031	     0	78.9	143.4	 669	OK
1032	     0	75.5	140.6	 660	OK
1033	     0	75.4	141.2	 666	OK
1034	     0	75.9	140.6	 660	OK
1035	     0	74.9	139.1	 654	OK
1036	     0	72.7	134.6	 671	OK
1037	     0	74.2	137.1	 670	OK
1038	     0	75.0	138.7	 646	OK
1039	     0	76.4	141.3	 638	OK
1040	     0	74.4	137.0	 677	OK
1041	     0	77.7	143.0	 645	OK
1042	     0	74.4	137.9	 648	OK
1043	     0	75.7	139.9	 659	OK
1044	     0	76.2	140.9	 648	OK
1045	     0	73.8	137.0	 635	OK
1046	     0	77.9	142.8	 648	OK
1047	     0	76.6	141.6	 645	OK
1048	     0	74.4	136.9	 651	OK
1049	     0	76.9	142.6	 670	OK
1050	     0	74.9	140.0	 640	OK
1051	     0	73.7	135.3	 665	OK
1052	     0	74.5	137.4	 661	OK
1053	     0	75.0	136.3	 646	OK
1054	     0	75.7	137.7	 655	OK
1055	     0	75.0	138.6	 665	OK
1056	     0	76.6	141.7	 662	OK
1057	     0	76.4	140.2	 658	OK
1058	     0	74.6	138.2	 661	OK
1059	     0	75.9	140.4	 668	OK
1060	     0	74.7	136.4	 653	OK
1061	     0	75.3	141.2	 654	OK
1062	     0	78.4	144.0	 672	OK
1063	     0	77.2	143.5	 663	OK
1064	     0	74.2	137.7	 666	OK
1065	     0	76.7	142.8	 644	OK
1066	     0	77.5	143.3	 677	OK
1067	     0	76.8	142.0	 657	OK
1068	     0	75.4	138.7	 651	OK
1069	     0	77.8	143.4	 680	OK
1070	     0	76.4	138.8	 659	OK
1071	     0	75.8	140.6	 668	OK
1072	     0	76.1	140.5	 647	OK
1073	     0	75.8	141.4	 658	OK
1074	     0	74.0	134.9	 682	OK
1075	     0	75.4	138.5	 688	OK
1076	     0	76.0	141.5	 665	OK
1077	     0	78.2	145.1	 667	OK
1078	     0	75.8	138.7	 668	OK
1079	     0	75.2	137.6	 693	OK
1080	     0	77.5	142.5	 659	OK
1081	     0	76.2	142.3	 673	OK
1082	     0	76.5	139.6	 670	OK
1083	     0	76.7	141.4	 665	OK
1084	     0	76.8	141.3	 687	OK
1085	     0	74.9	140.5	 674	OK
1086	     0	76.7	143.6	 671	OK
1087	     0	75.3	140.2	 662	OK
1088	     0	78.7	146.0	 681	OK
1089	     0	75.0	141.3	 700	OK
1090	     0	76.2	140.0	 679	OK
1091	     0	74.7	139.4	 684	OK
1092	     0	72.9	135.4	 688	OK
1093	     0	77.1	142.8	 672	OK
1094	     0	73.8	135.6	 681	OK
1095	     0	76.6	139.9	 669	OK
1096	     0	75.6	138.3	 677	OK
1097	     0	75.7	138.3	 689	OK
1098	     0	74.7	137.7	 682	OK
1099	     0	75.4	140.6	 685	OK
1100	     0	76.7	140.2	 674	OK
1101	     0	77.7	144.0	 679	OK
1102	     0	76.3	140.1	 682	OK
1103	     0	75.8	139.1	 689	OK
1104	     0	74.8	138.6	 666	OK
1105	     0	77.0	141.4	 668	OK
1106	     0	74.1	137.2	 661	OK
1107	     0	78.4	144.8	 662	OK
1108	     0	75.3	140.7	 659	OK
1109	     0	77.3	142.8	 658	OK
1110	     0	75.6	138.5	 673	OK
1111	     0	75.3	139.7	 671	OK
1112	     0	76.0	141.0	 673	OK
1113	     0	78.2	142.9	 689	OK
1114	     0	77.6	144.3	 663	OK
1115	     0	78.2	146.1	 662	OK
1116	     0	77.3	142.7	 679	OK
1117	     0	74.3	138.5	 667	OK
1118	     0	75.1	140.0	 658	OK
1119	     0	76.2	141.4	 652	OK
1120	     0	75.4	138.5	 668	OK
1121	     0	76.0	141.7	 672	OK
1122	     0	74.9	139.5	 671	OK
1123	     0	74.8	137.3	 674	OK
1124	     0	75.6	138.3	 668	OK
1125	     0	78.0	141.3	 664	OK
1126	     0	76.2	142.1	 654	OK
1127	     0	77.0	140.5	 670	OK
1128	     0	74.6	138.9	 658	OK
1129	     0	79.6	146.8	 683	OK
1130	     0	74.7	140.7	 658	OK
1131	     0	75.5	138.3	 663	OK
1132	     0	74.3	137.5	 661	OK
1133	     0	75.2	140.0	 683	OK
1134	     0	80.8	148.5	 656	OK
1135	     0	75.4	138.0	 691	OK
1136	     0	75.4	139.9	 661	OK
1137	     0	76.6	141.6	 672	OK
1138	     0	75.4	138.8	 671	OK
1139	     0	77.4	142.1	 677	OK
1140	     0	77.5	142.8	 681	OK
1141	     0	75.6	138.6	 661	OK
1142	     0	76.4	140.9	 672	OK
1143	     0	74.8	137.3	 671	OK
1144	     0	76.6	141.5	 674	OK
1145	     0	78.0	143.0	 659	OK
1146	     0	78.1	143.4	 669	OK
1147	     0	79.8	144.7	 674	OK
1148	     0	78.7	143.7	 678	OK
1149	     0	77.7	142.8	 673	OK
1150	     0	78.8	145.5	 666	OK
1151	     0	78.8	146.4	 672	OK
1152	     0	72.0	134.4	 724	OK
1153	     0	73.0	136.4	 716	OK
1154	     0	72.5	135.5	 727	OK
1155	     0	70.0	131.1	 725	OK
1156	     0	72.0	133.8	 715	OK
1157	     0	74.7	137.6	 709	OK
1158	     0	70.1	130.0	 717	OK
1159	     0	70.1	129.0	 719	OK
1160	     0	72.4	135.9	 720	OK
1161	     0	72.7	135.4	 740	OK
1162	     0	72.0	134.4	 715	OK
1163	     0	73.6	135.3	 728	OK
1164	     0	71.6	131.7	 728	OK
1165	     0	70.8	131.4	 699	OK
1166	     0	71.4	133.8	 727	OK
1167	     0	69.6	129.7	 719	OK
1168	     0	72.8	135.3	 708	OK
1169	     0	70.4	132.0	 708	OK
1170	     0	70.6	130.9	 701	OK
1171	     0	71.0	131.6	 714	OK
1172	     0	70.9	131.8	 695	OK
1173	     0	71.2	133.7	 702	OK
1174	     0	69.5	129.0	 735	OK
1175	     0	72.7	133.3	 732	OK
1176	     0	71.7	134.4	 733	OK
1177	     0	70.6	133.4	 713	OK
1178	     0	71.0	133.7	 728	OK
1179	     0	73.1	136.0	 690	OK
1180	     0	70.3	132.8	 717	OK
1181	     0	72.5	136.2	 700	OK
1182	     0	72.0	134.5	 704	OK
1183	     0	70.0	130.9	 722	OK
1184	     0	71.1	132.5	 712	OK
1185	     0	71.8	132.9	 720	OK
1186	     0	71.9	135.5	 714	OK
1187	     0	70.7	132.6	 715	OK
1188	     0	71.6	132.5	 708	OK
1189	     0	70.0	130.4	 724	OK
1190	     0	71.9	132.9	 717	OK
1191	     0	72.6	134.4	 703	OK
1192	     0	71.5	133.3	 718	OK
1193	     0	71.3	133.0	 709	OK
1194	     0	70.2	130.6	 708	OK
1195	     0	71.2	133.6	 717	OK
1196	     0	70.9	134.2	 711	OK
1197	     0	72.3	134.8	 721	OK
1198	     0	70.4	130.7	 723	OK
1199	     0	71.4	132.2	 724	OK
1200	     0	71.1	132.1	 708	OK
1201	     0	71.2	131.4	 739	OK
1202	     0	73.7	137.0	 702	OK
1203	     0	72.4	135.7	 720	OK
1204	     0	72.1	133.4	 734	OK
1205	     0	71.8	133.9	 724	OK
1206	     0	69.9	130.4	 707	OK
1207	     0	71.9	132.7	 706	OK
1208	     0	71.8	131.4	 723	OK
1209	     0	75.4	138.7	 718	OK
1210	     0	68.8	127.4	 715	OK
1211	     0	73.1	135.8	 725	OK
1212	     0	73.3	135.0	 718	OK
1213	     0	72.7	136.0	 720	OK
1214	     0	73.1	135.7	 740	OK
1215	     0	73.6	137.6	 725	OK
1216	     0	75.7	140.8	 721	OK
1217	     0	72.6	134.1	 722	OK
1218	     0	75.3	140.9	 721	OK
1219	     0	72.9	133.8	 715	OK
1220	     0	73.5	135.8	 708	OK
1221	     0	74.2	137.6	 693	OK
1222	     0	71.2	131.3	 708	OK
1223	     0	73.2	134.5	 702	OK
1224	     0	73.2	135.9	 715	OK
1225	     0	72.1	133.8	 733	OK
1226	     0	73.0	135.5	 723	OK
1227	     0	70.6	129.9	 711	OK
1228	     0	74.0	135.8	 698	OK
1229	     0	75.4	138.9	 723	OK
1230	     0	74.6	139.9	 699	OK
1231	     0	75.1	140.3	 732	OK
1232	     0	72.3	134.9	 699	OK
1233	     0	73.6	137.4	 710	OK
1234	     0	73.0	134.0	 712	OK
1235	     0	70.3	129.8	 706	OK
1236	     0	72.8	135.8	 709	OK
1237	     0	73.4	135.5	 715	OK
1238	     0	72.6	136.3	 713	OK
1239	     0	72.0	133.7	 706	OK
1240	     0	72.9	136.7	 706	OK
1241	     0	74.9	136.8	 696	OK
1242	     0	73.0	132.8	 707	OK
1243	     0	74.2	138.0	 712	OK
1244	     0	72.5	133.1	 690	OK
1245	     0	73.9	136.6	 704	OK
1246	     0	71.6	131.4	 714	OK
1247	     0	73.4	134.2	 690	OK
1248	     0	73.0	134.8	 700	OK
1249	     0	72.0	132.4	 706	OK
1250	     0	73.2	136.2	 703	OK
1251	     0	71.6	133.3	 692	OK
1252	     0	71.3	133.0	 687	OK
1253	     0	73.0	134.0	 683	OK
1254	     0	74.2	135.4	 713	OK
1255	     0	71.7	134.2	 695	OK
1256	     0	73.7	135.5	 682	OK
1257	     0	70.7	131.0	 684	OK
1258	     0	70.5	130.8	 683	OK
1259	     0	72.7	134.3	 685	OK
1260	     0	75.5	139.7	 696	OK
1261	     0	74.7	137.3	 686	OK
1262	     0	73.5	137.8	 685	OK
1263	     0	75.5	137.0	 700	OK
1264	     0	73.1	137.5	 671	OK
1265	     0	74.1	139.4	 694	OK
1266	     0	72.8	134.3	 711	OK
1267	     0	74.5	138.7	 695	OK
1268	     0	73.4	135.8	 715	OK
1269	     0	73.1	136.7	 690	OK
1270	     0	73.4	136.7	 684	OK
1271	     0	75.2	139.1	 684	OK
1272	     0	74.2	139.0	 696	OK
1273	     0	72.9	134.5	 684	OK
1274	     0	75.5	140.3	 683	OK
1275	     0	74.2	134.2	 698	OK
1276	     0	75.4	138.7	 675	OK
1277	     0	74.0	135.6	 707	OK
1278	     0	75.2	138.4	 688	OK
1279	     0	74.4	138.9	 690	OK
1280	     0	79.2	141.7	 701	OK
1281	     0	77.7	140.8	 671	OK
1282	     0	78.5	142.6	 675	OK
1283	     0	78.2	142.2	 705	OK
1284	     0	78.4	143.2	 675	OK
1285	     0	76.2	139.6	 685	OK
1286	     0	75.6	137.8	 675	OK
1287	     0	79.3	144.6	 673	OK
1288	     0	78.3	143.9	 684	OK
1289	     0	76.7	139.6	 668	OK
1290	     0	77.0	139.0	 690	OK
1291	     0	76.7	141.4	 673	OK
1292	     0	78.1	141.4	 683	OK
1293	     0	76.6	139.8	 674	OK
1294	     0	77.9	141.4	 699	OK
1295	     0	77.3	139.8	 659	OK
1296	     0	75.9	140.3	 684	OK
1297	     0	74.8	137.4	 683	OK
1298	     0	75.4	139.3	 666	OK
1299	     0	73.7	137.1	 687	OK
1300	     0	76.4	140.8	 699	OK
1301	     0	76.6	140.7	 692	OK
1302	     0	78.2	142.4	 700	OK
1303	     0	75.9	140.3	 697	OK
1304	     0	75.4	140.2	 693	OK
1305	     0	77.2	141.4	 681	OK
1306	     0	73.4	135.1	 703	OK
1307	     0	75.0	137.6	 678	OK
1308	     0	74.2	137.1	 698	OK
1309	     0	73.9	135.0	 719	OK
1310	     0	76.3	138.2	 690	OK
1311	     0	77.9	141.3	 719	OK
1312	     0	74.0	134.0	 702	OK
1313	     0	77.9	144.2	 689	OK
1314	     0	75.8	137.8	 699	OK
1315	     0	75.1	137.9	 689	OK
1316	     0	76.3	139.1	 697	OK
1317	     0	76.4	141.5	 711	OK
1318	     0	77.3	141.1	 688	OK
1319	     0	75.5	141.1	 689	OK
1320	     0	76.2	139.6	 689	OK
1321	     0	74.9	138.6	 704	OK
1322	     0	75.8	138.6	 699	OK
1323	     0	76.0	138.2	 696	OK
1324	     0	76.6	140.7	 671	OK
1325	     0	76.5	141.7	 692	OK
1326	     0	76.6	138.7	 690	OK
1327	     0	77.2	141.1	 699	OK
1328	     0	75.9	137.0	 697	OK
1329	     0	75.3	138.6	 713	OK
1330	     0	76.9	139.7	 716	OK
1331	     0	76.2	140.2	 704	OK
1332	     0	74.5	137.8	 705	OK
1333	     0	75.0	140.4	 687	OK
1334	     0	73.9	137.8	 693	OK
1335	     0	75.5	136.9	 685	OK
1336	     0	76.8	141.8	 708	OK
1337	     0	79.4	148.4	 702	OK
1338	     0	76.2	139.5	 704	OK
1339	     0	76.4	140.2	 698	OK
1340	     0	77.6	141.3	 704	OK
1341	     0	76.8	140.9	 693	OK
1342	     0	77.3	140.5	 704	OK
1343	     0	76.1	138.8	 707	OK
1344	     0	76.2	140.3	 702	OK
1345	     0	75.2	137.0	 713	OK
1346	     0	77.1	140.9	 689	OK
1347	     0	76.6	142.6	 712	OK
1348	     0	75.4	138.2	 715	OK
1349	     0	77.0	140.9	 709	OK
1350	     0	75.7	138.2	 708	OK
1351	     0	76.8	142.1	 715	OK
1352	     0	76.1	141.5	 694	OK
1353	     0	75.6	137.4	 711	OK
1354	     0	76.8	140.3	 705	OK
1355	     0	74.7	137.4	 717	OK
1356	     0	72.7	133.8	 694	OK
1357	     0	74.1	135.5	 698	OK
1358	     0	75.6	137.6	 707	OK
1359	     0	73.8	137.1	 712	OK
1360	     0	72.5	133.7	 686	OK
1361	     0	74.9	137.5	 709	OK
1362	     0	76.4	139.7	 708	OK
1363	     0	75.3	137.7	 686	OK
1364	     0	76.8	141.5	 672	OK
1365	     0	75.4	137.9	 705	OK
1366	     0	73.9	136.6	 692	OK
1367	     0	74.0	136.4	 700	OK
1368	     0	76.5	140.5	 694	OK
1369	     0	75.7	137.4	 706	OK
1370	     0	74.2	134.4	 703	OK
1371	     0	75.7	140.3	 694	OK
1372	     0	73.3	136.8	 700	OK
1373	     0	74.0	137.6	 692	OK
1374	     0	73.4	133.9	 683	OK
1375	     0	75.1	139.1	 688	OK
1376	     0	73.4	134.7	 705	OK
1377	     0	76.4	139.8	 681	OK
1378	     0	74.1	136.3	 692	OK
1379	     0	75.5	137.7	 690	OK
1380	     0	75.1	138.2	 700	OK
1381	     0	73.6	135.8	 704	OK
1382	     0	74.6	138.1	 717	OK
1383	     0	74.7	139.0	 688	OK
1384	     0	75.3	139.3	 705	OK
1385	     0	73.2	136.8	 693	OK
1386	     0	75.2	136.9	 690	OK
1387	     0	76.5	141.1	 706	OK
1388	     0	76.4	140.3	 708	OK
1389	     0	74.2	137.0	 699	OK
1390	     0	75.0	138.6	 692	OK
1391	     0	76.3	139.6	 678	OK
1392	     0	74.9	138.0	 709	OK
1393	     0	74.9	136.9	 684	OK
1394	     0	75.8	138.1	 694	OK
1395	     0	73.8	137.1	 702	OK
1396	     0	74.3	139.1	 708	OK
1397	     0	75.0	139.0	 692	OK
1398	     0	75.4	139.0	 709	OK
1399	     0	73.7	136.4	 721	OK
1400	     0	74.4	137.2	 701	OK
1401	     0	74.2	140.2	 702	OK
1402	     0	75.7	139.3	 707	OK
1403	     0	74.6	138.9	 726	OK
1404	     0	74.2	135.4	 698	OK
1405	     0	75.2	139.5	 693	OK
1406	     0	75.1	139.8	 704	OK
1407	     0	74.7	138.1	 693	OK
1408	     0	75.8	142.7	 544	OK
1409	     0	78.4	146.3	 557	OK
1410	     0	74.9	142.5	 551	OK
1411	     0	78.1	145.7	 561	OK
1412	     0	75.0	141.6	 548	OK
1413	     0	75.2	142.2	 553	OK
1414	  1000	74.0	142.1	 540	unbonded
1415	     0	79.2	148.6	 541	OK
1416	     0	76.1	141.8	 554	OK
1417	     0	77.2	145.1	 529	OK
1418	  1000	73.8	141.7	 536	unbonded
1419	     0	73.0	140.1	 567	OK
1420	     0	76.3	143.9	 539	OK
1421	     0	76.2	144.9	 547	OK
1422	     0	75.8	143.3	 546	OK
1423	     0	76.9	148.1	 539	OK
1424	     0	75.7	144.6	 554	OK
1425	  1000	75.0	142.9	 537	unbonded
1426	     0	75.6	143.1	 540	OK
1427	  1000	74.3	140.3	 537	unbonded
1428	  1000	75.8	142.4	 523	unbonded
1429	     0	75.3	142.3	 547	OK
1430	     0	77.0	145.4	 536	OK
1431	  1000	74.5	141.4	 530	unbonded
1432	     0	77.3	145.7	 543	OK
1433	     0	78.8	148.7	 557	OK
1434	  1000	74.8	141.3	 542	unbonded
1435	     0	78.5	146.4	 559	OK
1436	     0	77.2	145.4	 542	OK
1437	     0	78.4	147.5	 545	OK
1438	     0	75.4	141.3	 559	OK
1439	     0	77.4	145.8	 565	OK
1440	     0	74.6	141.0	 552	OK
1441	     0	77.7	144.9	 547	OK
1442	     0	78.3	145.5	 564	OK
1443	     0	75.2	141.6	 545	OK
1444	     0	78.3	146.1	 535	OK
1445	     0	75.3	141.9	 547	OK
1446	     0	75.6	142.4	 539	OK
1447	     0	78.6	148.2	 528	OK
1448	  1000	75.3	144.5	 538	unbonded
1449	     0	76.9	145.2	 542	OK
1450	  1000	76.1	143.8	 524	unbonded
1451	     0	76.5	144.0	 540	OK
1452	     0	77.5	147.1	 546	OK
1453	  1000	75.0	142.7	 541	unbonded
1454	     0	76.8	144.4	 552	OK
1455	     0	75.4	140.9	 539	OK
1456	     0	75.7	142.6	 547	OK
1457	     0	76.3	142.5	 544	OK
1458	     0	78.9	147.4	 546	OK
1459	     0	77.2	145.7	 535	OK
1460	     0	77.8	147.0	 552	OK
1461	     0	76.4	145.8	 548	OK
1462	     0	77.1	147.6	 543	OK
1463	     0	77.9	145.6	 534	OK
1464	     0	74.6	141.3	 548	OK
1465	     0	79.4	149.6	 542	OK
1466	     0	77.2	145.6	 541	OK
1467	     0	77.8	147.6	 552	OK
1468	     0	76.8	143.8	 552	OK
1469	     0	78.8	148.5	 557	OK
1470	     0	78.1	146.2	 540	OK
1471	     0	80.1	150.1	 566	OK
1472	     0	80.6	151.1	 544	OK
1473	     0	79.2	148.3	 537	OK
1474	     0	80.2	150.1	 549	OK
1475	     0	76.1	143.0	 556	OK
1476	     0	78.2	145.6	 545	OK
1477	     0	79.1	148.1	 531	OK
1478	     0	77.5	145.3	 542	OK
1479	     0	78.0	147.3	 549	OK
1480	     0	77.4	144.5	 542	OK
1481	     0	78.4	148.3	 535	OK
1482	     0	77.7	146.3	 540	OK
1483	     0	77.1	144.8	 541	OK
1484	     0	79.1	146.6	 533	OK
1485	     0	81.0	149.8	 535	OK
1486	     0	76.3	142.6	 548	OK
1487	     0	77.7	146.0	 545	OK
1488	     0	76.4	145.3	 539	OK
1489	     0	76.7	144.2	 537	OK
1490	     0	76.7	144.0	 551	OK
1491	  1000	76.5	142.6	 527	unbonded
1492	  1000	75.9	142.5	 534	unbonded
1493	     0	79.5	148.7	 544	OK
1494	     0	78.9	149.2	 537	OK
1495	     0	75.3	142.6	 549	OK
1496	  1000	77.1	145.9	 526	unbonded
1497	     0	79.5	148.6	 546	OK
1498	     0	76.9	145.9	 537	OK
1499	     0	80.3	149.5	 544	OK
1500	     0	80.6	148.5	 546	OK
1501	     0	77.4	144.7	 537	OK
1502	     0	78.7	146.3	 549	OK
1503	     0	77.4	145.8	 532	OK
1504	     0	79.3	147.8	 547	OK
1505	     0	80.3	147.4	 531	OK
1506	     0	81.2	151.4	 546	OK
1507	     0	77.0	142.5	 539	OK
1508	     0	79.8	150.5	 533	OK
1509	     0	78.1	147.2	 534	OK
1510	     0	78.3	146.2	 541	OK
1511	     0	78.0	145.2	 552	OK
1512	     0	78.4	146.3	 561	OK
1513	     0	77.8	145.3	 539	OK
1514	     0	80.3	148.1	 535	OK
1515	     0	78.3	144.5	 549	OK
1516	     0	80.9	150.2	 535	OK
1517	     0	81.1	152.7	 554	OK
1518	     0	82.1	154.9	 553	OK
1519	     0	80.1	150.0	 521	OK
1520	     0	80.8	150.5	 525	OK
1521	     0	80.3	149.4	 534	OK
1522	     0	76.8	143.2	 533	OK
1523	     0	78.0	144.7	 540	OK
1524	     0	79.1	147.2	 537	OK
1525	     0	77.3	144.6	 531	OK
1526	     0	80.9	150.9	 544	OK
1527	     0	79.5	147.2	 534	OK
1528	     0	79.0	146.9	 536	OK
1529	     0	81.7	151.8	 539	OK
1530	     0	79.2	145.8	 547	OK
1531	     0	79.3	147.3	 539	OK
1532	     0	80.0	151.4	 533	OK
1533	     0	78.9	147.0	 552	OK
1534	     0	81.6	151.8	 523	OK
1535	     0	81.2	150.5	 556	OK
1536	     0	79.9	149.6	 563	OK
1537	     0	79.4	149.8	 565	OK
1538	     0	78.4	146.7	 549	OK
1539	     0	77.4	146.2	 561	OK
1540	     0	76.5	141.8	 537	OK
1541	     0	79.1	149.1	 553	OK
1542	     0	78.6	146.1	 559	OK
1543	     0	78.2	147.9	 561	OK
1544	     0	77.5	146.0	 552	OK
1545	     0	78.5	148.5	 552	OK
1546	     0	76.9	143.3	 550	OK
1547	     0	80.3	149.5	 553	OK
1548	     0	79.2	147.9	 556	OK
1549	     0	77.2	145.1	 557	OK
1550	     0	75.7	143.5	 565	OK
1551	     0	79.6	149.9	 553	OK
1552	     0	79.0	148.4	 550	OK
1553	     0	77.8	146.4	 537	OK
1554	     0	78.3	148.4	 561	OK
1555	     0	78.7	146.8	 554	OK
1556	     0	77.1	145.0	 570	OK
1557	     0	77.1	145.4	 580	OK
1558	     0	78.4	147.3	 560	OK
1559	  1000	74.8	141.4	 537	unbonded
1560	     0	79.3	149.4	 566	OK
1561	     0	77.9	148.2	 565	OK
1562	     0	78.6	145.2	 543	OK
1563	     0	79.6	146.9	 564	OK
1564	     0	75.7	142.3	 562	OK
1565	     0	78.6	147.3	 546	OK
1566	     0	77.4	144.3	 567	OK
1567	     0	77.6	145.2	 571	OK
1568	     0	77.5	145.2	 558	OK
1569	     0	79.7	149.6	 545	OK
1570	     0	78.5	147.2	 570	OK
1571	     0	77.8	146.2	 557	OK
1572	     0	77.6	145.3	 561	OK
1573	     0	77.2	144.3	 557	OK
1574	     0	77.4	144.9	 562	OK
1575	     0	77.7	147.5	 561	OK
1576	     0	78.3	145.8	 565	OK
1577	     0	76.5	143.1	 573	OK
1578	     0	78.7	146.6	 539	OK
1579	     0	77.4	147.2	 578	OK
1580	     0	75.8	142.2	 568	OK
1581	     0	74.6	142.9	 554	OK
1582	     0	76.1	145.5	 569	OK
1583	     0	77.7	145.1	 554	OK
1584	     0	78.6	148.6	 560	OK
1585	     0	77.9	144.9	 565	OK
1586	     0	75.1	142.3	 557	OK
1587	     0	79.3	149.4	 565	OK
1588	     0	76.2	143.6	 566	OK
1589	     0	75.7	142.4	 585	OK
1590	     0	78.3	146.3	 562	OK
1591	     0	76.6	145.2	 555	OK
1592	     0	75.7	140.2	 547	OK
1593	     0	77.3	144.0	 579	OK
1594	     0	76.6	143.3	 556	OK
1595	     0	76.7	142.4	 574	OK
1596	     0	79.6	147.6	 565	OK
1597	     0	81.8	154.1	 569	OK
1598	     0	79.9	151.5	 558	OK
1599	     0	80.2	151.2	 573	OK
1600	     0	76.0	145.6	 558	OK
1601	     0	76.3	144.5	 567	OK
1602	     0	76.4	144.4	 577	OK
1603	     0	74.3	140.5	 577	OK
1604	     0	77.0	145.3	 557	OK
1605	     0	77.3	144.3	 575	OK
1606	     0	77.0	147.0	 577	OK
1607	     0	76.2	143.6	 558	OK
1608	     0	76.6	145.7	 559	OK
1609	     0	76.9	145.0	 553	OK
1610	     0	78.6	146.4	 569	OK
1611	     0	76.9	145.1	 556	OK
1612	     0	75.8	144.6	 563	OK
1613	     0	76.2	143.9	 569	OK
1614	     0	75.4	144.5	 572	OK
1615	     0	76.2	144.7	 563	OK
1616	     0	75.0	144.1	 546	OK
1617	     0	75.8	144.7	 558	OK
1618	     0	74.5	142.5	 547	OK
1619	     0	76.8	144.1	 561	OK
1620	     0	72.0	136.5	 580	OK
1621	     0	74.9	144.3	 557	OK
1622	     0	74.6	140.1	 550	OK
1623	     0	74.4	141.8	 556	OK
1624	     0	76.4	143.8	 548	OK
1625	     0	76.7	144.4	 553	OK
1626	     0	74.9	142.7	 564	OK
1627	     0	75.4	141.2	 573	OK
1628	     0	74.1	141.2	 564	OK
1629	  1000	73.7	140.2	 550	unbonded
1630	     0	74.4	140.6	 559	OK
1631	     0	77.6	146.0	 571	OK
1632	  1000	74.1	141.3	 545	unbonded
1633	     0	75.3	143.5	 576	OK
1634	     0	77.4	146.7	 567	OK
1635	     0	75.5	142.5	 565	OK
1636	     0	75.9	144.4	 555	OK
1637	     0	74.0	139.1	 564	OK
1638	     0	74.9	143.2	 545	OK
1639	     0	75.6	141.3	 555	OK
1640	     0	76.1	141.5	 563	OK
1641	     0	76.6	146.1	 564	OK
1642	     0	75.5	143.7	 552	OK
1643	     0	75.3	141.5	 547	OK
1644	     0	73.8	142.0	 576	OK
1645	     0	74.3	140.9	 564	OK
1646	     0	76.3	144.7	 567	OK
1647	     0	76.0	144.7	 574	OK
1648	     0	74.8	141.4	 569	OK
1649	     0	77.6	146.2	 564	OK
1650	     0	75.5	143.7	 569	OK
1651	     0	74.3	140.1	 562	OK
1652	     0	75.8	145.6	 577	OK
1653	     0	73.4	139.6	 567	OK
1654	     0	76.4	145.2	 565	OK
1655	     0	76.0	142.7	 555	OK
1656	     0	75.1	142.1	 552	OK
1657	     0	73.6	139.0	 553	OK
1658	     0	76.9	147.0	 539	OK
1659	     0	75.1	142.6	 579	OK
1660	     0	76.1	142.6	 584	OK
1661	     0	75.2	143.1	 561	OK
1662	     0	74.8	142.7	 553	OK
1663	     0	77.2	146.8	 561	OK
1664	     0	77.5	146.2	 564	OK
1665	     0	77.3	147.3	 563	OK
1666	     0	77.7	148.1	 557	OK
1667	     0	75.7	142.2	 549	OK
1668	     0	76.2	145.5	 550	OK
1669	     0	75.9	142.4	 560	OK
1670	     0	76.1	143.7	 551	OK
1671	     0	77.2	145.2	 559	OK
1672	     0	75.8	145.2	 570	OK
1673	     0	78.3	149.0	 545	OK
1674	     0	74.8	141.9	 558	OK
1675	     0	77.1	145.0	 579	OK
1676	     0	77.7	145.9	 563	OK
1677	     0	76.9	146.0	 563	OK
1678	     0	76.5	143.9	 553	OK
1679	     0	73.8	141.8	 555	OK
1680	  1000	74.3	142.7	 545	unbonded
1681	     0	73.2	139.6	 571	OK
1682	     0	77.7	147.2	 559	OK
1683	     0	72.8	138.6	 562	OK
1684	     0	76.6	145.3	 556	OK
1685	     0	75.2	143.0	 561	OK
1686	     0	76.7	143.7	 539	OK
1687	     0	76.0	145.3	 575	OK
1688	     0	76.1	145.2	 552	OK
1689	     0	75.9	144.1	 559	OK
1690	     0	74.8	140.7	 561	OK
1691	     0	74.4	142.0	 560	OK
1692	     0	74.9	143.3	 561	OK
1693	     0	75.7	143.2	 554	OK
1694	     0	76.6	145.8	 567	OK
1695	     0	76.9	147.5	 560	OK
1696	     0	75.7	142.5	 571	OK
1697	     0	77.8	146.0	 573	OK
1698	     0	77.5	147.8	 555	OK
1699	     0	76.1	142.1	 554	OK
1700	     0	76.4	144.0	 580	OK
1701	     0	75.0	141.5	 576	OK
1702	     0	74.3	141.6	 558	OK
1703	     0	78.3	147.3	 551	OK
1704	     0	77.2	144.4	 559	OK
1705	     0	78.3	148.5	 544	OK
1706	     0	76.0	143.8	 548	OK
1707	     0	76.4	143.5	 563	OK
1708	     0	75.0	143.2	 562	OK
1709	     0	76.6	145.7	 564	OK
1710	     0	75.4	142.8	 562	OK
1711	     0	74.8	144.1	 560	OK
1712	     0	78.1	148.5	 558	OK
1713	     0	76.0	145.2	 563	OK
1714	     0	76.6	145.0	 554	OK
1715	     0	78.1	148.6	 577	OK
1716	     0	75.0	143.4	 558	OK
1717	     0	76.1	143.4	 558	OK
1718	     0	77.8	147.5	 559	OK
1719	     0	77.7	148.3	 574	OK
1720	     0	77.2	147.1	 554	OK
1721	     0	78.8	148.0	 561	OK
1722	     0	76.5	145.7	 579	OK
1723	     0	74.0	140.9	 564	OK
1724	     0	77.4	146.5	 567	OK
1725	     0	77.0	143.4	 564	OK
1726	     0	77.6	147.2	 574	OK
1727	     0	78.4	149.1	 567	OK
1728	  1000	74.5	142.2	 539	unbonded
1729	     0	79.1	148.3	 552	OK
1730	     0	78.5	149.1	 567	OK
1731	     0	75.8	144.5	 571	OK
1732	     0	76.0	144.3	 567	OK
1733	     0	76.6	145.6	 543	OK
1734	     0	77.7	146.9	 564	OK
1735	  1000	74.5	139.9	 542	unbonded
1736	     0	77.1	145.3	 547	OK
1737	     0	77.3	146.7	 543	OK
1738	     0	76.2	145.7	 546	OK
1739	     0	78.7	147.9	 558	OK
1740	     0	76.0	143.4	 567	OK
1741	     0	75.5	142.6	 560	OK
1742	     0	76.5	144.4	 570	OK
1743	     0	77.2	146.1	 572	OK
1744	     0	77.5	144.9	 566	OK
1745	     0	76.9	146.8	 555	OK
1746	     0	76.6	145.7	 549	OK
1747	     0	76.5	145.3	 572	OK
1748	     0	76.1	143.1	 557	OK
1749	     0	76.6	143.2	 561	OK
1750	     0	76.3	144.5	 549	OK
1751	     0	76.3	144.6	 554	OK
1752	     0	77.4	146.7	 552	OK
1753	     0	77.1	146.2	 558	OK
1754	     0	78.2	147.6	 553	OK
1755	     0	75.8	142.3	 551	OK
1756	     0	75.9	143.1	 547	OK
1757	     0	75.6	144.3	 563	OK
1758	     0	77.6	144.9	 566	OK
1759	     0	76.0	143.8	 561	OK
1760	     0	74.7	144.0	 556	OK
1761	     0	76.3	143.8	 541	OK
1762	  1000	74.4	141.8	 531	unbonded
1763	     0	76.5	145.5	 538	OK
1764	     0	74.9	142.4	 549	OK
1765	     0	77.6	147.3	 544	OK
1766	     0	76.7	144.1	 541	OK
1767	     0	80.0	151.4	 551	OK
1768	     0	77.2	147.1	 548	OK
1769	     0	78.4	147.1	 540	OK
1770	     0	75.3	141.9	 543	OK
1771	     0	77.6	146.5	 550	OK
1772	     0	75.9	143.2	 548	OK
1773	     0	76.0	142.5	 558	OK
1774	     0	76.0	144.6	 544	OK
1775	     0	76.3	146.1	 542	OK
1776	     0	78.3	146.0	 548	OK
1777	     0	80.0	150.5	 544	OK
1778	     0	77.3	146.1	 543	OK
1779	  1000	73.9	139.9	 547	unbonded
1780	     0	76.2	143.6	 550	OK
1781	     0	77.9	147.6	 540	OK
1782	     0	78.1	146.8	 540	OK
1783	     0	80.7	151.5	 534	OK
1784	     0	80.1	151.5	 529	OK
1785	     0	81.3	153.2	 547	OK
1786	     0	77.9	148.2	 556	OK
1787	     0	77.8	144.8	 568	OK
1788	     0	78.8	148.6	 550	OK
1789	     0	79.5	150.7	 543	OK
1790	     0	80.9	153.4	 549	OK
1791	     0	80.1	151.7	 556	OK
1792	     0	82.5	156.0	 529	OK
1793	     0	84.0	157.1	 539	OK
1794	     0	82.3	153.2	 522	OK
1795	     0	86.5	160.2	 525	OK
1796	     0	83.8	157.3	 511	OK
1797	     0	82.9	156.1	 514	OK
1798	     0	82.2	153.8	 525	OK
1799	     0	80.2	152.9	 526	OK
1800	     0	82.9	156.3	 524	OK
1801	     0	80.2	150.8	 539	OK
1802	     0	81.3	150.9	 514	OK
1803	     0	83.8	156.6	 532	OK
1804	     0	81.7	151.5	 519	OK
1805	     0	83.7	155.3	 536	OK
1806	     0	81.3	152.2	 520	OK
1807	     0	82.2	154.1	 546	OK
1808	     0	82.2	154.8	 525	OK
1809	     0	82.1	154.1	 518	OK
1810	     0	80.9	152.0	 521	OK
1811	     0	82.4	153.4	 542	OK
1812	     0	83.2	155.4	 530	OK
1813	     0	81.3	150.6	 534	OK
1814	     0	81.1	150.7	 524	OK
1815	     0	83.0	155.5	 524	OK
1816	     0	80.9	150.5	 511	OK
1817	     0	83.0	154.5	 532	OK
1818	     0	80.6	152.0	 527	OK
1819	     0	82.1	154.2	 527	OK
1820	     0	83.7	155.2	 517	OK
1821	     0	82.6	155.8	 527	OK
1822	     0	83.0	154.7	 537	OK
1823	     0	80.7	150.2	 539	OK
1824	     0	81.9	152.7	 526	OK
1825	     0	83.8	155.6	 517	OK
1826	     0	82.1	155.6	 517	OK
1827	     0	80.7	151.3	 525	OK
1828	     0	81.4	151.5	 501	OK
1829	     0	82.5	154.5	 527	OK
1830	     0	79.7	148.6	 526	OK
1831	     0	81.1	151.5	 524	OK
1832	     0	80.8	149.7	 526	OK
1833	     0	82.7	155.3	 541	OK
1834	     0	82.2	152.6	 520	OK
1835	     0	83.4	155.1	 539	OK
1836	     0	82.1	156.3	 526	OK
1837	     0	84.5	158.2	 525	OK
1838	     0	84.9	158.4	 534	OK
1839	     0	81.0	149.9	 524	OK
1840	     0	81.8	155.0	 529	OK
1841	     0	83.1	157.5	 533	OK
1842	     0	81.3	153.4	 538	OK
1843	     0	80.0	152.3	 538	OK
1844	  1000	80.2	152.1	 505	unbonded
1845	     0	81.0	152.2	 530	OK
1846	     0	80.7	152.2	 539	OK
1847	     0	82.3	154.0	 523	OK
1848	     0	82.3	153.5	 520	OK
1849	     0	84.5	158.2	 527	OK
1850	     0	82.3	154.0	 535	OK
1851	     0	82.2	154.2	 523	OK
1852	     0	83.3	155.0	 542	OK
1853	     0	84.2	156.5	 540	OK
1854	     0	83.4	157.4	 540	OK
1855	     0	83.1	156.2	 538	OK
1856	     0	80.9	154.7	 526	OK
1857	     0	79.5	149.0	 526	OK
1858	     0	81.9	154.6	 526	OK
1859	     0	80.6	152.3	 519	OK
1860	     0	80.8	155.6	 536	OK
1861	     0	81.0	154.5	 547	OK
1862	     0	82.8	154.1	 537	OK
1863	     0	82.8	154.9	 518	OK
1864	     0	77.7	147.1	 527	OK
1865	     0	81.6	151.8	 536	OK
1866	     0	80.2	152.1	 525	OK
1867	     0	79.5	151.1	 532	OK
1868	     0	80.3	152.5	 534	OK
1869	     0	80.3	150.0	 538	OK
1870	     0	79.7	149.7	 529	OK
1871	     0	82.9	156.3	 557	OK
1872	     0	81.5	151.7	 532	OK
1873	     0	81.1	151.8	 542	OK
1874	     0	80.1	151.5	 544	OK
1875	     0	83.0	155.4	 531	OK
1876	     0	81.6	155.4	 542	OK
1877	     0	78.7	149.8	 525	OK
1878	     0	80.9	152.3	 539	OK
1879	     0	81.1	152.9	 528	OK
1880	     0	81.4	152.6	 524	OK
1881	     0	81.1	150.6	 523	OK
1882	     0	80.2	150.2	 523	OK
1883	     0	81.7	154.5	 529	OK
1884	     0	80.4	151.0	 524	OK
1885	     0	79.4	151.0	 532	OK
1886	     0	81.3	152.0	 524	OK
1887	     0	80.5	151.4	 539	OK
1888	     0	80.2	149.5	 531	OK
1889	     0	80.5	152.9	 514	OK
1890	     0	82.4	154.9	 525	OK
1891	     0	80.1	150.6	 535	OK
1892	     0	82.2	155.1	 520	OK
1893	     0	81.8	155.1	 543	OK
1894	     0	81.3	153.4	 527	OK
1895	     0	80.3	152.8	 544	OK
1896	     0	79.1	151.6	 522	OK
1897	     0	79.3	150.3	 518	OK
1898	     0	80.7	152.7	 520	OK
1899	     0	79.5	148.9	 520	OK
1900	     0	80.7	151.5	 509	OK
1901	     0	80.6	151.1	 530	OK
1902	     0	77.6	145.6	 530	OK
1903	     0	80.4	150.2	 527	OK
1904	     0	79.7	150.5	 526	OK
1905	     0	78.5	148.3	 537	OK
1906	     0	80.0	151.6	 514	OK
1907	     0	83.6	157.9	 544	OK
1908	     0	79.5	150.8	 522	OK
1909	     0	80.3	152.8	 537	OK
1910	     0	80.0	151.3	 522	OK
1911	     0	78.9	150.8	 532	OK
1912	     0	80.5	151.6	 531	OK
1913	     0	79.8	151.9	 510	OK
1914	  1000	78.3	148.8	 519	unbonded
1915	     0	82.2	154.7	 526	OK
1916	     0	81.1	155.6	 524	OK
1917	     0	81.7	155.5	 524	OK
1918	     0	81.8	154.8	 537	OK
1919	     0	83.0	157.2	 556	OK
1920	     0	75.0	142.7	 548	OK
1921	     0	76.7	144.9	 563	OK
1922	     0	77.7	147.1	 563	OK
1923	     0	75.5	140.8	 551	OK
1924	  1000	74.1	141.6	 544	unbonded
1925	     0	74.7	141.2	 547	OK
1926	     0	74.0	140.5	 552	OK
1927	     0	76.6	143.2	 538	OK
1928	     0	75.0	141.7	 555	OK
1929	     0	74.5	139.0	 569	OK
1930	     0	74.5	141.6	 568	OK
1931	     0	75.3	141.4	 566	OK
1932	     0	75.8	141.8	 564	OK
1933	     0	75.6	140.5	 559	OK
1934	  1000	74.2	142.0	 542	unbonded
1935	     0	76.6	145.7	 590	OK
1936	     0	73.6	141.2	 556	OK
1937	     0	75.2	142.7	 571	OK
1938	     0	76.6	144.6	 572	OK
1939	     0	77.5	144.3	 554	OK
1940	     0	74.4	139.4	 566	OK
1941	     0	76.7	142.4	 555	OK
1942	     0	77.6	146.1	 538	OK
1943	     0	76.3	144.2	 547	OK
1944	     0	74.7	143.2	 566	OK
1945	     0	75.3	142.7	 556	OK
1946	     0	73.4	139.9	 574	OK
1947	     0	75.4	142.9	 548	OK
1948	  1000	74.5	141.0	 533	unbonded
1949	     0	75.9	142.6	 568	OK
1950	     0	75.1	140.7	 565	OK
1951	     0	74.8	142.3	 546	OK
1952	     0	75.3	142.2	 566	OK
1953	     0	76.3	143.5	 574	OK
1954	     0	75.4	142.2	 567	OK
1955	     0	75.2	142.1	 558	OK
1956	     0	78.1	144.4	 550	OK
1957	     0	75.8	141.9	 556	OK
1958	     0	76.6	142.5	 569	OK
1959	     0	75.6	142.8	 559	OK
1960	     0	76.4	143.3	 577	OK
1961	     0	75.5	140.7	 580	OK
1962	     0	74.5	141.0	 556	OK
1963	     0	77.4	147.5	 553	OK
1964	     0	75.4	139.7	 553	OK
1965	     0	75.7	143.1	 544	OK
1966	     0	75.4	140.5	 549	OK
1967	     0	75.0	142.3	 547	OK
1968	     0	74.6	141.4	 562	OK
1969	     0	77.6	143.9	 569	OK
1970	     0	76.2	144.7	 549	OK
1971	     0	76.4	143.2	 548	OK
1972	     0	74.8	140.6	 566	OK
1973	     0	75.0	140.4	 557	OK
1974	     0	76.7	143.9	 555	OK
1975	     0	75.4	143.6	 570	OK
1976	  1000	73.9	140.7	 545	unbonded
1977	     0	76.6	143.9	 544	OK
1978	     0	76.7	144.3	 546	OK
1979	     0	75.5	142.8	 564	OK
1980	     0	76.5	143.8	 574	OK
1981	     0	77.5	146.3	 547	OK
1982	     0	77.0	144.8	 556	OK
1983	     0	75.2	142.8	 561	OK
1984	     0	78.0	147.6	 554	OK
1985	     0	77.4	145.3	 562	OK
1986	     0	76.4	144.4	 576	OK
1987	     0	75.2	141.0	 568	OK
1988	     0	76.8	143.9	 562	OK
1989	     0	76.4	143.4	 542	OK
1990	     0	75.0	143.3	 557	OK
1991	     0	77.5	146.0	 552	OK
1992	     0	76.2	144.7	 546	OK
1993	     0	76.4	144.8	 552	OK
1994	  1000	75.2	144.0	 537	unbonded
1995	     0	78.9	145.9	 556	OK
1996	     0	78.2	146.5	 563	OK
1997	     0	77.8	146.1	 530	OK
1998	     0	75.8	143.2	 540	OK
1999	     0	75.7	142.4	 552	OK
2000	     0	76.3	144.0	 544	OK
2001	     0	74.6	141.1	 557	OK
2002	     0	76.9	145.0	 553	OK
2003	     0	76.2	145.1	 567	OK
2004	     0	75.5	142.2	 544	OK
2005	  1000	75.9	143.4	 531	unbonded
2006	     0	77.5	145.0	 547	OK
2007	     0	75.7	143.5	 538	OK
2008	     0	75.9	142.1	 553	OK
2009	     0	78.4	144.8	 542	OK
2010	  1000	75.5	141.9	 526	unbonded
2011	     0	77.2	145.7	 564	OK
2012	     0	77.9	146.6	 546	OK
2013	     0	75.1	141.1	 549	OK
2014	     0	76.3	143.9	 542	OK
2015	     0	79.0	145.6	 528	OK
2016	     0	77.4	144.7	 536	OK
2017	     0	76.9	145.0	 561	OK
2018	     0	75.2	142.3	 560	OK
2019	  1000	76.6	144.1	 527	unbonded
2020	     0	75.2	140.2	 551	OK
2021	     0	75.7	141.7	 542	OK
2022	     0	76.1	140.8	 560	OK
2023	     0	76.7	141.3	 557	OK
2024	     0	76.7	144.1	 570	OK
2025	     0	77.6	145.6	 536	OK
2026	     0	78.6	146.8	 535	OK
2027	     0	76.6	142.3	 545	OK
2028	     0	77.2	145.9	 537	OK
2029	     0	76.3	141.6	 549	OK
2030	     0	76.2	144.1	 553	OK
2031	     0	77.3	142.9	 559	OK
2032	     0	75.7	141.0	 549	OK
2033	     0	76.5	142.4	 541	OK
2034	     0	76.4	143.8	 545	OK
2035	  1000	75.6	143.2	 533	unbonded
2036	     0	76.1	143.8	 543	OK
2037	     0	76.7	144.3	 533	OK
2038	  1000	74.9	141.0	 539	unbonded
2039	     0	75.6	143.6	 551	OK
2040	  1000	75.6	142.1	 530	unbonded
2041	     0	79.4	147.9	 555	OK
2042	     0	78.0	144.4	 546	OK
2043	     0	78.3	147.2	 540	OK
2044	     0	78.1	145.4	 540	OK
2045	     0	77.4	146.2	 536	OK
2046	     0	77.7	145.5	 533	OK
2047	     0	78.5	147.3	 558	OK
2048	     0	76.9	145.4	 563	OK
2049	     0	74.1	140.6	 550	OK
2050	     0	79.6	149.2	 560	OK
2051	     0	74.7	140.8	 554	OK
2052	     0	75.9	143.3	 547	OK
2053	     0	76.5	143.7	 554	OK
2054	     0	77.2	145.6	 559	OK
2055	     0	77.3	145.8	 564	OK
2056	     0	77.5	145.3	 534	OK
2057	     0	76.4	144.1	 549	OK
2058	     0	76.3	141.6	 568	OK
2059	     0	76.3	142.8	 533	OK
2060	     0	79.5	145.7	 562	OK
2061	     0	75.5	144.2	 558	OK
2062	     0	76.1	142.1	 550	OK
2063	     0	76.4	144.9	 545	OK
2064	     0	76.8	143.7	 542	OK
2065	     0	77.0	145.2	 542	OK
2066	     0	79.2	148.4	 553	OK
2067	     0	75.3	142.2	 558	OK
2068	     0	75.7	142.0	 552	OK
2069	     0	78.8	146.9	 555	OK
2070	     0	77.3	145.7	 550	OK
2071	  1000	74.8	141.5	 535	unbonded
2072	  1000	74.6	138.8	 536	unbonded
2073	     0	73.9	139.5	 554	OK
2074	     0	77.3	144.4	 550	OK
2075	     0	74.2	140.3	 550	OK
2076	     0	78.1	145.9	 554	OK
2077	     0	75.1	141.6	 547	OK
2078	     0	75.7	143.2	 542	OK
2079	     0	74.1	140.6	 559	OK
2080	     0	74.9	139.5	 553	OK
2081	     0	74.9	140.1	 554	OK
2082	     0	76.2	141.2	 549	OK
2083	     0	75.3	142.4	 539	OK
2084	  1000	74.9	139.3	 542	unbonded
2085	     0	75.4	141.9	 559	OK
2086	     0	74.6	140.2	 552	OK
2087	     0	75.9	141.9	 544	OK
2088	     0	73.2	137.7	 555	OK
2089	     0	74.0	139.9	 558	OK
2090	     0	75.9	141.1	 562	OK
2091	  1000	73.6	138.2	 547	unbonded
2092	     0	74.1	140.6	 567	OK
2093	     0	76.1	144.6	 560	OK
2094	     0	75.0	140.9	 563	OK
2095	     0	76.0	142.2	 564	OK
2096	     0	76.7	144.1	 567	OK
2097	     0	75.2	140.6	 542	OK
2098	     0	74.8	141.5	 558	OK
2099	     0	75.6	144.5	 547	OK
2100	     0	77.0	144.2	 546	OK
2101	     0	75.2	142.0	 569	OK
2102	  1000	72.7	137.4	 553	unbonded
2103	     0	75.9	144.1	 568	OK
2104	     0	76.3	143.6	 548	OK
2105	     0	75.4	139.9	 549	OK
2106	     0	75.8	143.1	 545	OK
2107	     0	75.4	143.3	 558	OK
2108	     0	76.0	143.8	 551	OK
2109	     0	78.3	147.1	 541	OK
2110	     0	74.7	143.0	 559	OK
2111	     0	77.5	147.0	 568	OK
2112	     0	76.2	141.8	 538	OK
2113	     0	76.4	143.6	 552	OK
2114	     0	75.4	143.2	 562	OK
2115	     0	76.0	143.3	 548	OK
2116	     0	77.9	146.0	 545	OK
2117	     0	76.5	144.2	 545	OK
2118	     0	76.2	142.5	 567	OK
2119	     0	76.3	144.6	 563	OK
2120	     0	75.4	142.3	 550	OK
2121	     0	77.3	145.0	 572	OK
2122	     0	74.6	140.7	 558	OK
2123	     0	77.5	145.6	 556	OK
2124	     0	75.2	142.9	 553	OK
2125	     0	73.8	141.0	 553	OK
2126	     0	74.1	141.2	 551	OK
2127	  1000	72.0	135.5	 560	unbonded
2128	     0	75.0	142.0	 565	OK
2129	     0	73.9	139.3	 556	OK
2130	     0	73.0	137.7	 560	OK
2131	  1000	72.8	137.4	 553	unbonded
2132	     0	71.6	136.4	 580	OK
2133	     0	73.3	139.3	 557	OK
2134	     0	72.2	137.3	 563	OK
2135	  1000	75.1	142.7	 536	unbonded
2136	     0	75.5	143.3	 543	OK
2137	     0	75.0	139.7	 551	OK
2138	  1000	71.4	136.3	 542	unbonded
2139	     0	74.3	138.4	 565	OK
2140	     0	76.4	142.3	 557	OK
2141	  1000	74.0	140.9	 544	unbonded
2142	  1000	73.4	140.5	 547	unbonded
2143	  1000	71.9	135.8	 550	unbonded
2144	  1000	73.3	138.9	 551	unbonded
2145	  1000	73.6	139.4	 538	unbonded
2146	     0	73.8	139.1	 555	OK
2147	     0	73.5	139.9	 557	OK
2148	     0	73.8	138.5	 560	OK
2149	  1000	71.4	135.1	 545	unbonded
2150	     0	72.6	139.2	 561	OK
2151	  1000	73.7	139.8	 541	unbonded
2152	  1000	73.4	137.0	 551	unbonded
2153	     0	74.1	138.9	 550	OK
2154	     0	72.6	136.3	 569	OK
2155	     0	73.8	139.0	 555	OK
2156	     0	74.4	140.6	 554	OK
2157	  1000	73.4	137.9	 545	unbonded
2158	     0	74.9	142.9	 565	OK
2159	     0	76.3	144.7	 556	OK
2160	  1000	74.3	142.0	 544	unbonded
2161	  1000	73.0	139.1	 548	unbonded
2162	  1000	72.9	138.9	 545	unbonded
2163	  1000	73.7	138.3	 549	unbonded
2164	     0	74.4	141.3	 549	OK
2165	     0	76.3	144.0	 552	OK
2166	     0	73.7	139.4	 562	OK
2167	     0	73.9	140.2	 553	OK
2168	     0	74.7	140.2	 551	OK
2169	     0	76.4	144.7	 541	OK
2170	  1000	72.0	138.4	 550	unbonded
2171	  1000	72.4	137.6	 548	unbonded
2172	     0	74.4	139.3	 561	OK
2173	     0	74.6	142.2	 563	OK
2174	  1000	74.1	139.5	 542	unbonded
2175	     0	78.8	146.9	 572	OK
2176	  1000	76.9	145.3	 522	unbonded
2177	     0	79.8	149.6	 532	OK
2178	     0	79.6	148.0	 527	OK
2179	     0	79.3	149.6	 532	OK
2180	     0	79.1	148.7	 548	OK
2181	     0	79.4	148.2	 527	OK
2182	     0	79.5	149.1	 517	OK
2183	     0	77.9	146.2	 522	OK
2184	     0	77.9	145.5	 524	OK
2185	     0	77.4	146.2	 532	OK
2186	     0	77.1	145.3	 529	OK
2187	     0	77.8	147.0	 534	OK
2188	     0	78.1	146.2	 530	OK
2189	  1000	77.2	145.2	 518	unbonded
2190	     0	78.0	146.3	 537	OK
2191	     0	76.6	142.5	 543	OK
2192	     0	78.0	146.6	 533	OK
2193	     0	77.7	146.1	 548	OK
2194	     0	76.9	143.7	 537	OK
2195	     0	79.9	148.8	 522	OK
2196	     0	76.8	144.6	 533	OK
2197	  1000	77.5	146.6	 521	unbonded
2198	  1000	75.8	143.4	 529	unbonded
2199	     0	78.5	145.5	 539	OK
2200	  1000	76.4	143.9	 525	unbonded
2201	     0	79.1	148.0	 527	OK
2202	     0	77.9	146.6	 530	OK
2203	     0	78.8	148.9	 544	OK
2204	     0	79.5	146.5	 534	OK
2205	     0	78.2	146.0	 525	OK
2206	     0	79.7	150.9	 528	OK
2207	     0	80.4	150.7	 536	OK
2208	  1000	78.0	145.6	 507	unbonded
2209	     0	79.2	147.4	 542	OK
2210	     0	79.0	148.2	 530	OK
2211	     0	79.9	148.8	 526	OK
2212	     0	79.5	148.6	 539	OK
2213	     0	81.1	149.7	 532	OK
2214	     0	78.6	146.4	 538	OK
2215	  1000	76.4	142.9	 528	unbonded
2216	     0	77.7	144.5	 524	OK
2217	  1000	76.8	143.8	 528	unbonded
2218	     0	78.6	146.5	 537	OK
2219	     0	79.7	147.4	 542	OK
2220	     0	77.8	144.7	 544	OK
2221	     0	77.3	143.3	 532	OK
2222	     0	78.7	146.6	 536	OK
2223	     0	78.9	148.6	 517	OK
2224	     0	76.7	144.3	 541	OK
2225	     0	80.6	152.0	 534	OK
2226	     0	78.9	146.7	 535	OK
2227	     0	78.9	147.6	 528	OK
2228	     0	78.7	147.9	 544	OK
2229	  1000	78.7	146.9	 516	unbonded
2230	     0	82.5	154.0	 535	OK
2231	     0	78.5	146.1	 543	OK
2232	     0	80.4	150.9	 523	OK
2233	     0	78.6	144.7	 532	OK
2234	     0	80.7	149.5	 541	OK
2235	     0	81.0	150.3	 529	OK
2236	     0	81.2	150.1	 533	OK
2237	     0	80.1	147.8	 533	OK
2238	     0	82.6	154.8	 539	OK
2239	     0	82.9	156.7	 537	OK
2240	     0	80.3	147.8	 555	OK
2241	     0	79.8	147.0	 523	OK
2242	     0	78.7	147.4	 542	OK
2243	  1000	77.4	145.7	 513	unbonded
2244	     0	79.8	148.3	 541	OK
2245	     0	76.9	142.7	 534	OK
2246	     0	79.7	148.5	 528	OK
2247	     0	79.4	148.9	 534	OK
2248	  1000	77.8	146.9	 515	unbonded
2249	     0	79.4	148.1	 528	OK
2250	     0	80.3	148.5	 525	OK
2251	     0	80.9	151.4	 510	OK
2252	     0	80.6	150.0	 535	OK
2253	     0	78.3	145.8	 536	OK
2254	  1000	79.0	145.0	 514	unbonded
2255	     0	78.4	147.0	 535	OK
2256	  1000	75.9	142.0	 529	unbonded
2257	     0	79.0	146.4	 523	OK
2258	     0	80.2	147.9	 522	OK
2259	     0	80.0	146.7	 534	OK
2260	     0	80.9	150.2	 536	OK
2261	  1000	78.4	146.6	 518	unbonded
2262	     0	79.2	147.0	 529	OK
2263	     0	79.9	148.1	 530	OK
2264	     0	80.3	148.3	 512	OK
2265	     0	82.2	152.7	 524	OK
2266	     0	79.3	148.4	 539	OK
2267	     0	83.2	152.3	 516	OK
2268	     0	78.6	146.1	 525	OK
2269	     0	79.6	147.7	 526	OK
2270	     0	78.3	146.5	 523	OK
2271	  1000	78.3	144.8	 514	unbonded
2272	     0	80.3	148.0	 529	OK
2273	     0	80.0	148.4	 528	OK
2274	  1000	78.5	144.6	 513	unbonded
2275	  1000	77.9	145.7	 518	unbonded
2276	  1000	79.6	147.8	 502	unbonded
2277	     0	77.5	146.3	 528	OK
2278	     0	81.3	152.3	 530	OK
2279	     0	80.0	149.8	 531	OK
2280	     0	79.6	146.0	 537	OK
2281	     0	79.5	148.1	 531	OK
2282	  1000	78.7	146.6	 513	unbonded
2283	     0	80.7	150.0	 530	OK
2284	     0	79.5	148.0	 528	OK
2285	     0	80.9	147.8	 516	OK
2286	     0	81.0	149.8	 516	OK
2287	     0	79.7	147.3	 526	OK
2288	  1000	76.9	143.2	 511	unbonded
2289	     0	79.9	148.5	 509	OK
2290	     0	79.3	148.7	 525	OK
2291	     0	79.4	146.9	 529	OK
2292	     0	78.6	145.8	 526	OK
2293	     0	81.6	150.5	 519	OK
2294	     0	81.3	151.3	 521	OK
2295	     0	81.6	149.0	 513	OK
2296	     0	80.4	148.9	 508	OK
2297	     0	80.4	148.0	 519	OK
2298	     0	82.3	153.7	 539	OK
2299	  1000	80.9	147.9	 502	unbonded
2300	     0	81.0	151.2	 508	OK
2301	     0	83.7	153.7	 515	OK
2302	     0	79.2	146.4	 545	OK
2303	     0	80.4	150.6	 527	OK
2304	     0	78.3	147.0	 539	OK
2305	     0	79.1	148.9	 551	OK
2306	     0	79.2	149.1	 550	OK
2307	     0	77.3	144.7	 540	OK
2308	     0	79.2	146.9	 541	OK
2309	     0	78.3	148.6	 535	OK
2310	     0	78.5	147.6	 545	OK
2311	  1000	77.2	144.5	 513	unbonded
2312	  1000	76.5	143.5	 530	unbonded
2313	     0	78.1	145.2	 549	OK
2314	  1000	76.6	144.9	 518	unbonded
2315	     0	76.7	145.5	 548	OK
2316	     0	77.0	143.5	 549	OK
2317	     0	76.8	146.9	 553	OK
2318	     0	78.2	148.4	 535	OK
2319	  1000	74.7	142.4	 534	unbonded
2320	     0	76.2	144.1	 544	OK
2321	     0	78.4	148.5	 546	OK
2322	     0	77.3	144.1	 542	OK
2323	     0	76.6	146.0	 552	OK
2324	     0	75.0	140.8	 549	OK
2325	     0	74.7	140.0	 556	OK
2326	     0	76.8	143.0	 545	OK
2327	     0	77.0	144.8	 540	OK
2328	     0	74.5	140.8	 547	OK
2329	     0	76.3	141.3	 557	OK
2330	     0	76.3	140.9	 572	OK
2331	     0	75.9	143.4	 552	OK
2332	     0	77.0	143.8	 557	OK
2333	     0	76.1	143.2	 552	OK
2334	  1000	73.2	140.5	 554	unbonded
2335	     0	76.8	143.2	 551	OK
2336	  1000	75.4	142.1	 538	unbonded
2337	     0	76.6	143.3	 542	OK
2338	     0	78.5	148.8	 567	OK
2339	     0	77.7	145.1	 552	OK
2340	     0	75.5	141.2	 544	OK
2341	     0	74.5	140.0	 557	OK
2342	     0	75.9	142.9	 543	OK
2343	     0	76.7	145.0	 546	OK
2344	     0	77.9	147.3	 566	OK
2345	     0	77.9	146.0	 536	OK
2346	     0	78.2	146.2	 557	OK
2347	     0	77.4	145.5	 535	OK
2348	     0	75.1	143.3	 546	OK
2349	     0	76.9	145.9	 567	OK
2350	  1000	76.2	143.1	 529	unbonded
2351	     0	78.0	147.4	 550	OK
2352	  1000	72.4	138.8	 536	unbonded
2353	     0	76.1	144.1	 537	OK
2354	     0	79.0	148.7	 561	OK
2355	     0	75.6	142.8	 553	OK
2356	     0	75.7	143.5	 558	OK
2357	     0	78.2	147.5	 561	OK
2358	     0	76.1	144.0	 555	OK
2359	     0	76.9	146.8	 552	OK
2360	     0	77.5	146.1	 560	OK
2361	     0	73.6	142.0	 561	OK
2362	     0	76.9	146.5	 553	OK
2363	     0	75.9	142.4	 539	OK
2364	     0	78.2	147.2	 555	OK
2365	     0	77.5	144.8	 537	OK
2366	     0	79.3	150.9	 555	OK
2367	     0	78.6	149.4	 539	OK
2368	     0	77.1	146.4	 548	OK
2369	     0	75.5	140.9	 560	OK
2370	     0	75.7	142.8	 553	OK
2371	  1000	73.4	140.3	 542	unbonded
2372	     0	75.1	141.8	 548	OK
2373	     0	75.4	142.4	 548	OK
2374	     0	76.2	144.5	 549	OK
2375	     0	74.5	142.2	 553	OK
2376	     0	76.1	141.9	 563	OK
2377	     0	75.2	142.5	 551	OK
2378	     0	76.3	145.0	 559	OK
2379	     0	73.6	138.1	 558	OK
2380	  1000	74.2	142.2	 546	unbonded
2381	     0	75.6	144.8	 543	OK
2382	     0	75.1	141.9	 555	OK
2383	     0	76.7	145.9	 551	OK
2384	     0	76.6	143.0	 542	OK
2385	  1000	74.2	139.8	 541	unbonded
2386	  1000	72.8	137.2	 557	unbonded
2387	     0	74.1	142.0	 551	OK
2388	     0	76.1	144.2	 561	OK
2389	     0	75.7	141.6	 538	OK
2390	     0	75.9	143.7	 554	OK
2391	  1000	73.7	139.3	 548	unbonded
2392	     0	76.0	144.5	 561	OK
2393	     0	75.7	141.2	 552	OK
2394	     0	75.9	143.6	 550	OK
2395	     0	75.5	142.4	 547	OK
2396	     0	75.1	142.3	 543	OK
2397	  1000	76.6	144.6	 529	unbonded
2398	     0	75.6	141.5	 550	OK
2399	     0	76.3	144.1	 574	OK
2400	     0	78.0	146.4	 575	OK
2401	     0	75.8	144.2	 563	OK
2402	  1000	74.7	144.0	 537	unbonded
2403	     0	75.9	142.9	 546	OK
2404	     0	74.8	140.7	 548	OK
2405	     0	75.2	141.0	 560	OK
2406	  1000	73.1	138.3	 555	unbonded
2407	     0	76.0	145.2	 543	OK
2408	     0	74.6	140.2	 557	OK
2409	  1000	72.5	136.8	 551	unbonded
2410	     0	75.7	143.6	 544	OK
2411	  1000	73.0	137.8	 545	unbonded
2412	     0	73.9	139.8	 553	OK
2413	     0	73.6	139.1	 561	OK
2414	  1000	74.5	140.7	 544	unbonded
2415	  1000	76.2	143.7	 528	unbonded
2416	  1000	73.8	139.5	 549	unbonded
2417	     0	75.5	141.3	 547	OK
2418	     0	76.7	142.7	 556	OK
2419	     0	76.1	141.0	 542	OK
2420	     0	75.2	142.9	 555	OK
2421	     0	76.0	146.0	 544	OK
2422	     0	74.4	139.7	 561	OK
2423	     0	75.7	144.0	 544	OK
2424	  1000	74.9	141.7	 538	unbonded
2425	     0	77.2	145.2	 558	OK
2426	     0	77.0	146.8	 554	OK
2427	     0	76.8	145.9	 550	OK
2428	     0	74.9	141.4	 549	OK
2429	     0	76.4	144.5	 554	OK
2430	     0	79.8	152.3	 542	OK
2431	     0	78.8	150.3	 546	OK
2432	     0	76.6	141.8	 541	OK
2433	     0	78.9	148.1	 544	OK
2434	     0	77.3	142.5	 556	OK
2435	     0	77.2	142.5	 553	OK
2436	  1000	74.6	140.6	 540	unbonded
2437	     0	76.5	142.9	 549	OK
2438	     0	76.6	143.6	 542	OK
2439	     0	77.6	144.9	 538	OK
2440	     0	78.8	148.6	 536	OK
2441	  1000	75.4	142.9	 537	unbonded
2442	  1000	75.3	141.4	 524	unbonded
2443	     0	75.6	143.0	 545	OK
2444	  1000	75.2	140.1	 531	unbonded
2445	     0	75.5	140.9	 550	OK
2446	  1000	74.0	138.9	 535	unbonded
2447	     0	75.1	139.8	 548	OK
2448	  1000	75.3	139.8	 532	unbonded
2449	     0	76.4	142.1	 533	OK
2450	     0	77.7	145.5	 528	OK
2451	     0	76.4	141.4	 547	OK
2452	     0	75.4	140.3	 550	OK
2453	     0	75.7	141.2	 538	OK
2454	  1000	74.9	138.9	 537	unbonded
2455	  1000	75.2	140.6	 538	unbonded
2456	     0	76.1	142.8	 534	OK
2457	  1000	75.3	140.2	 533	unbonded
2458	  1000	73.4	139.4	 553	unbonded
2459	     0	75.1	139.3	 550	OK
2460	  1000	74.8	140.8	 538	unbonded
2461	  1000	76.7	142.8	 527	unbonded
2462	     0	75.6	141.1	 548	OK
2463	     0	76.8	145.0	 530	OK
2464	     0	77.9	144.1	 543	OK
2465	     0	76.4	142.0	 537	OK
2466	     0	76.6	143.5	 531	OK
2467	  1000	75.6	142.3	 532	unbonded
2468	     0	74.8	138.6	 552	OK
2469	     0	78.0	145.7	 537	OK
2470	     0	76.2	143.8	 537	OK
2471	     0	78.3	144.4	 546	OK
2472	     0	77.6	144.4	 534	OK
2473	     0	75.4	140.8	 544	OK
2474	     0	76.5	143.2	 540	OK
2475	     0	77.8	144.9	 525	OK
2476	     0	76.5	143.0	 533	OK
2477	     0	78.8	147.0	 546	OK
2478	     0	76.2	143.9	 541	OK
2479	     0	77.6	143.5	 548	OK
2480	  1000	74.6	138.9	 538	unbonded
2481	     0	77.2	144.5	 541	OK
2482	     0	77.8	145.2	 528	OK
2483	  1000	76.6	143.1	 527	unbonded
2484	     0	76.2	141.7	 549	OK
2485	     0	74.3	139.7	 550	OK
2486	     0	75.3	140.9	 540	OK
2487	     0	75.2	142.4	 549	OK
2488	     0	76.1	142.5	 539	OK
2489	     0	77.2	143.7	 555	OK
2490	     0	78.2	144.8	 560	OK
2491	     0	74.8	139.8	 547	OK
2492	     0	77.4	145.5	 541	OK
2493	     0	79.0	147.6	 547	OK
2494	     0	78.8	146.2	 537	OK
2495	     0	78.9	145.6	 526	OK
2496	  1000	75.9	142.4	 529	unbonded
2497	     0	75.8	140.5	 560	OK
2498	     0	76.3	142.8	 537	OK
2499	     0	76.7	142.8	 554	OK
2500	     0	77.3	143.4	 550	OK
2501	     0	76.6	143.5	 538	OK
2502	  1000	76.0	141.2	 531	unbonded
2503	     0	75.4	139.4	 547	OK
2504	     0	76.2	142.9	 549	OK
2505	     0	77.1	142.0	 538	OK
2506	  1000	75.2	143.5	 539	unbonded
2507	  1000	75.4	141.8	 536	unbonded
2508	     0	77.2	145.2	 555	OK
2509	     0	76.6	142.8	 542	OK
2510	     0	76.3	142.1	 538	OK
2511	     0	79.0	146.0	 541	OK
2512	     0	75.4	140.2	 550	OK
2513	     0	76.0	143.4	 538	OK
2514	     0	78.3	144.4	 535	OK
2515	     0	76.3	143.5	 542	OK
2516	  1000	74.4	139.0	 539	unbonded
2517	     0	77.8	145.8	 524	OK
2518	     0	76.5	141.8	 539	OK
2519	     0	75.1	139.8	 551	OK
2520	     0	76.0	143.3	 536	OK
2521	     0	76.7	143.5	 547	OK
2522	     0	77.6	144.3	 545	OK
2523	  1000	76.7	140.6	 525	unbonded
2524	     0	75.1	142.4	 542	OK
2525	  1000	76.9	142.7	 526	unbonded
2526	     0	76.9	144.3	 533	OK
2527	     0	77.0	142.6	 551	OK
2528	     0	74.8	139.7	 546	OK
2529	     0	76.0	143.1	 543	OK
2530	     0	78.0	145.7	 546	OK
2531	     0	75.3	140.8	 545	OK
2532	     0	77.5	144.9	 531	OK
2533	     0	76.9	141.8	 541	OK
2534	     0	76.9	141.3	 531	OK
2535	     0	76.8	143.8	 532	OK
2536	     0	78.5	144.2	 532	OK
2537	  1000	74.2	137.5	 544	unbonded
2538	  1000	76.3	141.4	 528	unbonded
2539	  1000	76.5	143.8	 525	unbonded
2540	  1000	74.4	138.7	 540	unbonded
2541	     0	77.1	145.6	 529	OK
2542	     0	77.7	145.1	 530	OK
2543	  1000	74.9	140.6	 537	unbonded
2544	     0	76.6	142.9	 541	OK
2545	     0	77.2	142.9	 538	OK
2546	     0	76.9	143.2	 539	OK
2547	     0	76.3	140.5	 545	OK
2548	     0	77.4	145.5	 535	OK
2549	     0	77.6	143.5	 528	OK
2550	     0	79.4	147.0	 539	OK
2551	     0	77.6	143.3	 539	OK
2552	     0	78.8	147.0	 544	OK
2553	     0	79.7	146.1	 535	OK
2554	  1000	76.7	143.7	 523	unbonded
2555	     0	80.2	148.1	 524	OK
2556	     0	78.7	144.8	 529	OK
2557	     0	77.9	145.6	 526	OK
2558	     0	79.0	147.2	 544	OK
2559	     0	80.1	148.3	 538	OK
2560	     0	72.4	135.3	 562	OK
2561	  1000	73.1	137.2	 550	unbonded
2562	     0	71.4	134.3	 579	OK
2563	     0	74.1	137.9	 568	OK
2564	     0	73.6	137.3	 569	OK
2565	  1000	72.1	137.1	 556	unbonded
2566	  1000	70.2	132.5	 567	unbonded
2567	     0	72.0	136.4	 576	OK
2568	     0	72.1	134.4	 583	OK
2569	     0	73.0	138.3	 570	OK
2570	  1000	71.3	134.6	 566	unbonded
2571	     0	71.2	133.6	 577	OK
2572	     0	73.3	139.0	 583	OK
2573	     0	73.2	137.0	 564	OK
2574	  1000	70.4	134.8	 560	unbonded
2575	  1000	70.4	133.4	 558	unbonded
2576	     0	72.9	137.5	 570	OK
2577	     0	73.5	138.2	 571	OK
2578	     0	71.8	136.8	 568	OK
2579	  1000	70.6	132.6	 551	unbonded
2580	     0	72.1	136.2	 569	OK
2581	  1000	70.7	133.8	 561	unbonded
2582	  1000	71.5	134.6	 559	unbonded
2583	     0	72.0	135.8	 567	OK
2584	     0	72.1	135.4	 573	OK
2585	     0	73.6	137.4	 583	OK
2586	     0	71.6	134.6	 580	OK
2587	     0	70.9	132.2	 574	OK
2588	     0	72.5	137.6	 580	OK
2589	     0	71.5	135.0	 575	OK
2590	     0	70.3	131.5	 584	OK
2591	     0	71.6	133.7	 573	OK
2592	  1000	70.6	134.2	 563	unbonded
2593	     0	72.1	135.9	 572	OK
2594	  1000	70.3	133.9	 575	unbonded
2595	     0	73.5	137.1	 566	OK
2596	     0	71.4	135.0	 575	OK
2597	  1000	70.7	135.0	 569	unbonded
2598	  1000	70.7	134.6	 564	unbonded
2599	     0	70.6	134.3	 580	OK
2600	  1000	72.5	134.1	 542	unbonded
2601	     0	73.1	139.0	 567	OK
2602	     0	70.9	132.8	 581	OK
2603	     0	72.5	135.6	 574	OK
2604	     0	71.8	135.0	 570	OK
2605	     0	74.0	139.6	 580	OK
2606	  1000	70.3	131.8	 562	unbonded
2607	     0	71.7	134.3	 569	OK
2608	     0	73.0	137.5	 580	OK
2609	     0	73.2	137.7	 577	OK
2610	     0	74.1	138.6	 582	OK
2611	  1000	72.9	137.0	 555	unbonded
2612	     0	71.1	133.5	 586	OK
2613	     0	72.9	136.4	 559	OK
2614	  1000	71.0	134.7	 563	unbonded
2615	     0	72.8	136.2	 570	OK
2616	     0	74.5	140.8	 582	OK
2617	     0	72.8	137.3	 573	OK
2618	     0	71.5	135.4	 572	OK
2619	     0	73.4	140.3	 572	OK
2620	     0	72.7	137.6	 569	OK
2621	     0	74.1	140.2	 574	OK
2622	     0	73.4	138.2	 577	OK
2623	     0	75.5	140.9	 579	OK
2624	     0	73.5	137.8	 574	OK
2625	     0	74.8	138.9	 548	OK
2626	     0	74.0	138.3	 558	OK
2627	     0	75.1	142.2	 579	OK
2628	     0	72.6	138.6	 573	OK
2629	     0	71.2	134.1	 580	OK
2630	     0	73.9	137.6	 575	OK
2631	     0	74.3	140.4	 569	OK
2632	     0	76.0	142.4	 559	OK
2633	     0	73.4	136.7	 578	OK
2634	     0	73.1	139.0	 564	OK
2635	     0	72.1	135.8	 566	OK
2636	     0	74.1	139.2	 550	OK
2637	     0	72.7	136.3	 564	OK
2638	     0	73.9	139.6	 564	OK
2639	     0	73.0	137.9	 570	OK
2640	     0	71.8	137.5	 571	OK
2641	     0	73.7	138.9	 579	OK
2642	     0	74.7	140.2	 574	OK
2643	     0	73.7	139.8	 569	OK
2644	     0	74.6	141.0	 564	OK
2645	  1000	72.8	137.5	 552	unbonded
2646	     0	73.4	137.1	 584	OK
2647	     0	73.4	138.4	 589	OK
2648	     0	74.0	140.5	 555	OK
2649	     0	74.5	139.9	 547	OK
2650	     0	73.4	139.2	 572	OK
2651	  1000	72.9	137.0	 556	unbonded
2652	     0	74.8	139.7	 556	OK
2653	     0	74.3	138.1	 547	OK
2654	     0	74.9	141.5	 588	OK
2655	  1000	70.1	132.3	 572	unbonded
2656	     0	72.1	137.0	 572	OK
2657	     0	74.1	138.1	 561	OK
2658	     0	73.1	138.5	 558	OK
2659	     0	73.2	136.1	 575	OK
2660	  1000	72.9	136.8	 542	unbonded
2661	     0	74.2	139.0	 565	OK
2662	     0	73.1	135.9	 563	OK
2663	     0	72.6	134.6	 570	OK
2664	     0	73.3	139.8	 561	OK
2665	  1000	72.7	137.7	 548	unbonded
2666	  1000	73.3	139.9	 551	unbonded
2667	     0	76.0	140.9	 563	OK
2668	     0	73.8	138.0	 559	OK
2669	     0	73.9	137.6	 554	OK
2670	  1000	72.3	135.6	 560	unbonded
2671	     0	74.0	139.0	 569	OK
2672	     0	75.3	140.4	 557	OK
2673	     0	74.6	140.8	 559	OK
2674	     0	76.2	142.1	 560	OK
2675	     0	75.7	141.0	 554	OK
2676	     0	73.0	137.9	 563	OK
2677	     0	74.1	137.3	 571	OK
2678	     0	72.9	139.3	 564	OK
2679	     0	73.4	136.9	 559	OK
2680	     0	75.8	143.4	 570	OK
2681	     0	74.8	141.6	 550	OK
2682	     0	73.0	138.6	 574	OK
2683	     0	74.2	138.5	 569	OK
2684	     0	73.9	137.9	 562	OK
2685	     0	77.8	146.8	 557	OK
2686	     0	73.8	139.4	 577	OK
2687	     0	76.5	142.0	 571	OK
2688	     0	79.2	144.4	 586	OK
2689	     0	79.4	143.0	 568	OK
2690	     0	79.7	146.2	 549	OK
2691	     0	78.0	145.9	 540	OK
2692	     0	77.9	144.5	 558	OK
2693	     0	78.6	147.4	 558	OK
2694	     0	77.1	143.5	 544	OK
2695	     0	77.9	144.7	 552	OK
2696	     0	77.9	143.5	 565	OK
2697	     0	77.4	143.2	 566	OK
2698	     0	78.7	147.9	 544	OK
2699	     0	78.3	146.6	 557	OK
2700	     0	77.9	144.0	 568	OK
2701	     0	76.4	139.3	 554	OK
2702	     0	77.2	145.1	 562	OK
2703	     0	76.7	141.5	 559	OK
2704	     0	78.4	143.8	 549	OK
2705	     0	79.3	146.4	 548	OK
2706	     0	76.3	142.4	 560	OK
2707	     0	78.0	142.9	 555	OK
2708	     0	78.9	143.5	 546	OK
2709	     0	76.8	141.1	 551	OK
2710	     0	77.8	142.5	 569	OK
2711	     0	74.4	139.0	 556	OK
2712	     0	75.8	140.6	 559	OK
2713	     0	76.6	142.6	 555	OK
2714	     0	78.3	144.1	 564	OK
2715	     0	77.0	141.8	 546	OK
2716	     0	76.3	141.1	 551	OK
2717	     0	76.2	143.2	 540	OK
2718	     0	75.3	138.1	 545	OK
2719	     0	76.7	140.6	 553	OK
2720	     0	74.6	139.8	 561	OK
2721	     0	77.1	142.0	 550	OK
2722	     0	74.3	137.9	 554	OK
2723	     0	75.6	140.1	 563	OK
2724	     0	73.9	138.2	 565	OK
2725	     0	76.9	142.0	 563	OK
2726	     0	76.7	143.4	 580	OK
2727	     0	78.4	145.6	 570	OK
2728	     0	76.4	141.2	 564	OK
2729	     0	74.7	141.0	 560	OK
2730	     0	76.4	142.5	 548	OK
2731	     0	77.5	145.6	 553	OK
2732	     0	77.4	144.6	 547	OK
2733	     0	76.6	142.7	 574	OK
2734	     0	75.8	142.1	 546	OK
2735	     0	76.8	142.3	 553	OK
2736	     0	78.1	146.4	 534	OK
2737	     0	74.6	139.8	 566	OK
2738	     0	75.6	140.6	 556	OK
2739	     0	75.8	141.6	 553	OK
2740	     0	75.7	139.4	 570	OK
2741	     0	75.2	140.5	 558	OK
2742	     0	78.3	145.1	 568	OK
2743	     0	77.4	146.4	 561	OK
2744	     0	79.1	147.8	 567	OK
2745	     0	80.1	147.1	 564	OK
2746	     0	77.0	143.4	 561	OK
2747	     0	76.9	143.1	 567	OK
2748	     0	78.3	145.9	 553	OK
2749	     0	76.7	145.5	 566	OK
2750	     0	79.3	147.4	 583	OK
2751	     0	80.6	148.8	 548	OK
2752	     0	75.8	141.8	 544	OK
2753	     0	78.2	145.9	 546	OK
2754	     0	77.8	146.2	 557	OK
2755	     0	76.2	143.3	 554	OK
2756	     0	76.6	143.7	 546	OK
2757	     0	78.0	145.6	 563	OK
2758	     0	75.7	141.6	 547	OK
2759	     0	76.4	141.9	 551	OK
2760	     0	78.1	146.3	 558	OK
2761	     0	76.5	140.5	 556	OK
2762	     0	75.0	140.7	 566	OK
2763	     0	77.0	144.0	 551	OK
2764	     0	74.2	139.7	 568	OK
2765	     0	75.1	139.2	 561	OK
2766	     0	74.8	139.6	 555	OK
2767	     0	75.8	140.6	 557	OK
2768	     0	74.7	140.4	 552	OK
2769	     0	75.7	139.3	 552	OK
2770	     0	76.9	143.1	 565	OK
2771	     0	74.9	138.0	 548	OK
2772	     0	74.8	137.6	 572	OK
2773	     0	74.2	140.3	 549	OK
2774	     0	76.8	142.7	 570	OK
2775	  1000	73.1	138.5	 551	unbonded
2776	     0	78.4	145.8	 556	OK
2777	     0	76.5	143.1	 569	OK
2778	     0	74.2	141.1	 571	OK
2779	     0	78.8	145.1	 546	OK
2780	     0	76.3	141.6	 539	OK
2781	     0	76.1	141.0	 560	OK
2782	     0	73.6	139.8	 555	OK
2783	     0	74.6	138.7	 568	OK
2784	     0	74.8	140.4	 559	OK
2785	  1000	74.9	141.6	 539	unbonded
2786	     0	75.4	138.6	 565	OK
2787	     0	76.8	144.2	 557	OK
2788	  1000	73.9	139.4	 544	unbonded
2789	     0	76.9	144.4	 582	OK
2790	     0	74.9	138.8	 577	OK
2791	     0	74.4	138.6	 558	OK
2792	     0	74.3	139.3	 571	OK
2793	     0	74.6	139.4	 557	OK
2794	     0	74.6	139.8	 564	OK
2795	     0	74.5	140.9	 568	OK
2796	     0	74.7	138.6	 551	OK
2797	     0	74.9	139.3	 574	OK
2798	  1000	73.3	136.6	 545	unbonded
2799	     0	76.5	143.9	 566	OK
2800	     0	76.3	142.0	 553	OK
2801	     0	75.3	141.8	 577	OK
2802	     0	76.3	144.0	 558	OK
2803	     0	75.8	143.5	 566	OK
2804	     0	77.2	145.0	 554	OK
2805	     0	76.2	141.3	 555	OK
2806	     0	74.5	140.0	 564	OK
2807	     0	75.1	140.1	 553	OK
2808	     0	75.4	143.0	 553	OK
2809	     0	76.8	144.5	 553	OK
2810	     0	75.6	142.6	 567	OK
2811	     0	75.8	141.8	 551	OK
2812	     0	76.1	144.9	 564	OK
2813	     0	76.0	142.9	 562	OK
2814	     0	75.4	140.8	 562	OK
2815	     0	76.6	141.2	 566	OK
