#chan	code	gain	vt50	innse	comment
   0	     0	76.3	146.4	 627	OK
   1	     0	75.3	143.5	 629	OK
   2	     0	78.2	147.0	 633	OK
   3	     0	75.5	146.0	 624	OK
   4	     0	77.7	146.4	 613	OK
   5	     0	75.0	145.4	 618	OK
   6	     0	76.1	144.1	 626	OK
   7	     0	77.1	147.3	 625	OK
   8	     0	75.2	145.8	 620	OK
   9	     0	74.7	141.8	 616	OK
  10	     0	75.4	142.6	 632	OK
  11	     0	76.9	147.8	 613	OK
  12	     0	77.2	146.1	 600	OK
  13	     0	76.1	144.6	 608	OK
  14	     0	75.5	142.1	 621	OK
  15	     0	75.3	144.1	 631	OK
  16	     0	76.9	143.9	 624	OK
  17	     0	77.3	145.7	 609	OK
  18	     0	77.8	147.2	 617	OK
  19	     0	75.1	142.6	 629	OK
  20	     0	74.4	140.5	 617	OK
  21	     0	77.6	149.4	 611	OK
  22	     0	74.1	141.8	 618	OK
  23	     0	76.1	144.4	 646	OK
  24	     0	75.0	140.8	 611	OK
  25	     0	77.2	148.2	 621	OK
  26	     0	74.0	141.0	 616	OK
  27	     0	75.4	144.9	 614	OK
  28	     0	76.1	145.4	 614	OK
  29	     0	74.8	143.5	 633	OK
  30	     0	75.4	143.0	 619	OK
  31	     0	74.0	141.1	 617	OK
  32	     0	75.8	145.7	 614	OK
  33	     0	77.1	146.7	 610	OK
  34	     0	75.3	141.9	 627	OK
  35	     0	74.1	142.2	 620	OK
  36	     0	75.7	144.1	 631	OK
  37	     0	76.3	145.0	 606	OK
  38	     0	77.3	146.3	 633	OK
  39	     0	75.4	143.2	 619	OK
  40	     0	74.6	141.7	 625	OK
  41	     0	75.4	143.2	 607	OK
  42	     0	74.9	144.1	 616	OK
  43	     0	75.2	143.5	 603	OK
  44	     0	75.1	141.8	 618	OK
  45	     0	76.4	144.1	 635	OK
  46	     0	77.0	145.9	 623	OK
  47	     0	76.6	145.7	 633	OK
  48	     0	77.4	145.7	 613	OK
  49	     0	76.2	144.0	 612	OK
  50	     0	76.5	146.5	 613	OK
  51	     0	74.8	143.5	 607	OK
  52	     0	76.5	145.4	 613	OK
  53	     0	76.3	145.2	 617	OK
  54	     0	75.2	142.5	 613	OK
  55	     0	75.1	144.4	 614	OK
  56	     0	74.3	140.5	 596	OK
  57	     0	73.9	142.2	 619	OK
  58	     0	76.5	145.5	 641	OK
  59	     0	73.3	142.2	 607	OK
  60	     0	77.4	149.0	 627	OK
  61	     0	78.0	148.1	 618	OK
  62	     0	75.4	143.9	 635	OK
  63	     0	77.1	145.9	 622	OK
  64	     0	77.6	148.6	 606	OK
  65	     0	77.4	148.7	 622	OK
  66	     0	76.9	146.9	 604	OK
  67	     0	75.5	145.6	 606	OK
  68	     0	76.8	146.9	 616	OK
  69	     0	75.3	141.9	 626	OK
  70	     0	75.4	142.3	 612	OK
  71	     0	73.9	140.8	 618	OK
  72	     0	75.5	144.4	 611	OK
  73	     0	74.5	143.1	 621	OK
  74	     0	75.6	144.8	 624	OK
  75	     0	75.2	141.4	 632	OK
  76	     0	75.0	142.1	 619	OK
  77	     0	75.8	145.8	 623	OK
  78	     0	79.9	152.9	 621	OK
  79	     0	75.2	142.2	 631	OK
  80	     0	74.6	142.3	 606	OK
  81	     0	75.8	145.7	 619	OK
  82	     0	74.7	142.0	 608	OK
  83	     0	74.3	141.9	 626	OK
  84	     0	79.2	150.4	 622	OK
  85	     0	74.3	142.5	 618	OK
  86	     0	74.9	141.2	 630	OK
  87	     0	75.3	142.9	 621	OK
  88	     0	77.4	146.7	 617	OK
  89	     0	75.9	143.0	 623	OK
  90	     0	75.3	143.8	 604	OK
  91	     0	75.6	144.6	 620	OK
  92	     0	76.3	145.7	 610	OK
  93	     0	75.2	143.8	 595	OK
  94	     0	74.1	142.7	 606	OK
  95	     0	75.5	144.2	 617	OK
  96	     0	76.5	146.8	 609	OK
  97	     0	76.7	145.9	 606	OK
  98	     0	76.0	144.8	 605	OK
  99	     0	75.8	143.6	 599	OK
 100	     0	75.9	144.9	 616	OK
 101	     0	76.8	145.4	 588	OK
 102	     0	77.3	146.8	 617	OK
 103	     0	74.7	144.4	 614	OK
 104	     0	76.9	146.0	 599	OK
 105	     0	77.2	146.8	 619	OK
 106	     0	76.6	144.3	 610	OK
 107	     0	76.3	143.5	 600	OK
 108	     0	77.3	146.2	 618	OK
 109	     0	75.5	143.3	 607	OK
 110	     0	75.1	142.5	 610	OK
 111	     0	78.3	147.5	 598	OK
 112	     0	76.6	145.5	 616	OK
 113	     0	75.1	142.6	 591	OK
 114	     0	76.3	144.8	 610	OK
 115	     0	77.2	146.7	 608	OK
 116	     0	77.4	148.9	 597	OK
 117	     0	74.4	143.4	 599	OK
 118	     0	76.5	147.0	 615	OK
 119	     0	77.8	147.0	 607	OK
 120	     0	75.7	145.7	 595	OK
 121	     0	76.0	144.2	 585	OK
 122	     0	76.1	146.1	 617	OK
 123	     0	77.7	145.0	 606	OK
 124	     0	79.1	149.8	 602	OK
 125	     0	76.8	146.4	 594	OK
 126	     0	80.3	150.4	 612	OK
 127	     0	78.4	147.2	 600	OK
 128	     0	80.0	149.6	 630	OK
 129	     0	77.7	146.6	 616	OK
 130	     0	78.0	148.4	 589	OK
 131	     0	80.1	149.7	 609	OK
 132	     0	79.9	150.6	 614	OK
 133	     0	79.2	148.8	 589	OK
 134	     0	79.7	150.4	 620	OK
 135	     0	75.8	145.8	 611	OK
 136	     0	78.6	147.2	 601	OK
 137	     0	77.7	147.0	 613	OK
 138	     0	77.4	146.5	 616	OK
 139	     0	77.8	147.7	 603	OK
 140	     0	78.0	145.4	 596	OK
 141	     0	77.3	147.2	 604	OK
 142	     0	79.4	147.2	 626	OK
 143	     0	78.4	148.5	 600	OK
 144	     0	78.7	148.5	 608	OK
 145	     0	77.2	146.0	 599	OK
 146	     0	78.4	148.2	 600	OK
 147	     0	77.2	145.6	 610	OK
 148	     0	79.0	148.6	 605	OK
 149	     0	78.5	147.8	 614	OK
 150	     0	79.4	149.3	 611	OK
 151	     0	77.0	143.7	 606	OK
 152	     0	75.5	141.9	 596	OK
 153	     0	78.4	147.8	 593	OK
 154	     0	78.9	149.3	 589	OK
 155	     0	77.3	147.0	 603	OK
 156	     0	78.3	147.3	 610	OK
 157	     0	78.1	147.5	 597	OK
 158	     0	77.3	145.0	 597	OK
 159	     0	77.5	145.8	 618	OK
 160	     0	78.5	150.0	 596	OK
 161	     0	78.7	149.2	 608	OK
 162	     0	77.8	146.1	 606	OK
 163	     0	77.7	147.3	 595	OK
 164	     0	76.7	144.9	 606	OK
 165	     0	78.5	145.8	 604	OK
 166	     0	78.3	149.7	 593	OK
 167	     0	77.8	146.5	 601	OK
 168	     0	78.8	146.8	 595	OK
 169	     0	79.4	149.0	 594	OK
 170	     0	79.3	150.9	 598	OK
 171	     0	75.0	143.3	 614	OK
 172	     0	79.7	151.2	 609	OK
 173	     0	77.5	148.0	 606	OK
 174	     0	78.5	147.3	 590	OK
 175	     0	77.9	147.7	 585	OK
 176	     0	79.7	149.9	 612	OK
 177	     0	77.7	145.3	 577	OK
 178	     0	76.3	143.6	 592	OK
 179	     0	78.0	146.9	 596	OK
 180	     0	78.5	148.0	 588	OK
 181	     0	78.9	148.8	 595	OK
 182	     0	77.2	147.0	 592	OK
 183	     0	78.5	148.2	 593	OK
 184	     0	80.3	151.3	 611	OK
 185	     0	79.8	150.8	 601	OK
 186	     0	79.6	150.4	 601	OK
 187	     0	77.7	146.9	 590	OK
 188	     0	76.5	145.1	 604	OK
 189	     0	81.5	153.5	 602	OK
 190	     0	78.2	148.6	 592	OK
 191	     0	79.0	150.9	 602	OK
 192	     0	78.7	150.2	 603	OK
 193	     0	77.1	147.1	 618	OK
 194	     0	79.2	149.3	 580	OK
 195	     0	78.2	148.2	 606	OK
 196	     0	77.4	149.2	 591	OK
 197	     0	78.1	147.7	 598	OK
 198	     0	76.8	145.6	 608	OK
 199	     0	78.5	149.8	 608	OK
 200	     0	77.0	146.5	 580	OK
 201	     0	77.4	147.6	 610	OK
 202	     0	74.8	142.5	 594	OK
 203	     0	75.8	145.3	 586	OK
 204	     0	78.1	148.1	 594	OK
 205	     0	78.7	149.8	 577	OK
 206	     0	76.5	144.9	 582	OK
 207	     0	77.1	145.3	 601	OK
 208	     0	75.1	144.0	 595	OK
 209	     0	78.5	148.6	 586	OK
 210	     0	79.8	150.7	 586	OK
 211	     0	77.5	146.0	 592	OK
 212	     0	75.0	144.2	 596	OK
 213	     0	76.8	145.6	 590	OK
 214	     0	79.1	150.3	 607	OK
 215	     0	76.2	143.6	 604	OK
 216	     0	78.1	149.4	 590	OK
 217	     0	79.0	151.3	 598	OK
 218	     0	78.9	148.9	 584	OK
 219	     0	76.3	144.2	 594	OK
 220	     0	79.0	147.9	 585	OK
 221	     0	74.6	143.2	 597	OK
 222	     0	78.7	149.1	 594	OK
 223	     0	77.6	148.4	 587	OK
 224	     0	76.6	146.8	 579	OK
 225	     0	77.4	147.8	 578	OK
 226	     0	76.1	145.4	 594	OK
 227	     0	75.4	142.7	 597	OK
 228	     0	76.6	144.2	 596	OK
 229	     0	78.6	148.6	 573	OK
 230	     0	77.2	145.1	 596	OK
 231	     0	79.2	150.7	 584	OK
 232	     0	78.8	148.0	 594	OK
 233	     0	78.3	146.4	 586	OK
 234	     0	78.6	148.2	 600	OK
 235	     0	78.6	151.8	 590	OK
 236	     0	77.3	145.2	 593	OK
 237	     0	79.8	150.2	 610	OK
 238	     0	77.3	148.7	 604	OK
 239	     0	75.9	143.9	 593	OK
 240	     0	78.5	146.8	 576	OK
 241	     0	80.0	153.0	 593	OK
 242	     0	75.8	143.6	 597	OK
 243	     0	77.7	145.6	 588	OK
 244	     0	81.3	153.2	 593	OK
 245	     0	79.9	152.6	 590	OK
 246	     0	77.5	145.3	 578	OK
 247	     0	78.7	149.9	 599	OK
 248	     0	80.3	154.2	 602	OK
 249	     0	77.4	146.1	 606	OK
 250	     0	76.3	146.4	 597	OK
 251	     0	78.8	151.3	 607	OK
 252	     0	76.7	144.5	 598	OK
 253	     0	77.8	148.6	 592	OK
 254	     0	79.5	149.0	 574	OK
 255	     0	77.3	149.5	 612	OK
 256	     0	78.3	148.2	 615	OK
 257	     0	79.0	150.9	 613	OK
 258	     0	78.5	147.2	 612	OK
 259	     0	78.4	148.7	 606	OK
 260	     0	78.3	147.2	 599	OK
 261	     0	79.2	149.9	 610	OK
 262	     0	77.4	147.1	 608	OK
 263	     0	77.4	145.7	 603	OK
 264	     0	76.6	145.6	 587	OK
 265	     0	78.3	149.0	 609	OK
 266	     0	77.9	149.2	 587	OK
 267	     0	77.2	145.6	 599	OK
 268	     0	74.1	141.8	 594	OK
 269	     0	77.4	145.4	 602	OK
 270	     0	76.7	145.6	 594	OK
 271	     0	75.7	143.0	 608	OK
 272	     0	76.8	147.6	 610	OK
 273	     0	78.1	147.1	 606	OK
 274	     0	78.0	148.5	 611	OK
 275	     0	75.4	144.0	 618	OK
 276	     0	76.0	145.3	 618	OK
 277	     0	78.1	148.4	 605	OK
 278	     0	76.8	144.9	 608	OK
 279	     0	75.1	143.5	 596	OK
 280	     0	77.4	145.6	 597	OK
 281	     0	77.3	145.8	 584	OK
 282	     0	77.3	144.5	 609	OK
 283	     0	77.6	147.4	 600	OK
 284	     0	77.8	147.0	 594	OK
 285	     0	78.5	148.9	 600	OK
 286	     0	78.2	147.5	 592	OK
 287	     0	77.1	147.5	 588	OK
 288	     0	76.6	144.0	 610	OK
 289	     0	75.9	144.2	 604	OK
 290	     0	77.8	145.7	 614	OK
 291	     0	77.9	149.4	 603	OK
 292	     0	77.5	148.1	 610	OK
 293	     0	76.1	143.3	 595	OK
 294	     0	79.7	151.0	 611	OK
 295	     0	77.8	147.3	 605	OK
 296	     0	75.7	143.4	 609	OK
 297	     0	77.5	146.2	 603	OK
 298	     0	77.1	146.6	 600	OK
 299	     0	76.5	146.0	 610	OK
 300	     0	78.4	148.3	 613	OK
 301	     0	77.8	146.6	 626	OK
 302	     0	79.5	152.7	 609	OK
 303	     0	78.9	147.6	 600	OK
 304	     0	77.4	149.0	 603	OK
 305	     0	78.6	151.4	 620	OK
 306	     0	77.0	146.2	 614	OK
 307	     0	80.1	153.7	 605	OK
 308	     0	79.0	147.6	 609	OK
 309	     0	78.3	147.5	 614	OK
 310	     0	78.2	148.1	 616	OK
 311	     0	78.2	147.9	 618	OK
 312	     0	78.1	148.2	 613	OK
 313	     0	78.4	149.4	 617	OK
 314	     0	80.2	150.7	 611	OK
 315	     0	77.2	147.1	 586	OK
 316	     0	78.1	148.8	 605	OK
 317	     0	78.4	146.8	 611	OK
 318	     0	79.6	149.9	 606	OK
 319	     0	78.5	149.5	 618	OK
 320	     0	78.0	149.8	 614	OK
 321	     0	77.5	146.2	 596	OK
 322	     0	77.2	147.0	 618	OK
 323	     0	76.7	145.9	 605	OK
 324	     0	77.7	147.4	 605	OK
 325	     0	76.1	146.0	 622	OK
 326	     0	78.1	148.6	 613	OK
 327	     0	78.4	149.8	 609	OK
 328	     0	78.1	147.5	 609	OK
 329	     0	76.7	145.3	 612	OK
 330	     0	79.3	148.3	 607	OK
 331	     0	76.4	146.8	 616	OK
 332	     0	78.7	149.3	 610	OK
 333	     0	78.0	148.2	 614	OK
 334	     0	76.4	145.3	 603	OK
 335	     0	77.9	148.5	 604	OK
 336	     0	77.8	148.2	 610	OK
 337	     0	77.3	147.8	 606	OK
 338	     0	80.4	152.1	 597	OK
 339	     0	76.7	144.8	 593	OK
 340	     0	79.3	148.6	 618	OK
 341	     0	77.8	148.0	 611	OK
 342	     0	76.2	144.0	 612	OK
 343	     0	76.2	146.0	 602	OK
 344	     0	80.3	152.7	 599	OK
 345	     0	77.1	146.3	 639	OK
 346	     0	77.2	145.9	 594	OK
 347	     0	78.4	149.2	 614	OK
 348	     0	78.9	148.6	 594	OK
 349	     0	79.5	150.6	 616	OK
 350	     0	77.9	147.3	 578	OK
 351	     0	76.5	147.4	 614	OK
 352	     0	76.6	143.5	 597	OK
 353	     0	79.5	150.5	 595	OK
 354	     0	79.5	150.9	 599	OK
 355	     0	79.2	149.6	 593	OK
 356	     0	77.5	147.2	 601	OK
 357	     0	79.6	150.3	 596	OK
 358	     0	79.3	150.6	 610	OK
 359	     0	77.9	146.9	 596	OK
 360	     0	80.4	151.7	 590	OK
 361	     0	77.0	147.3	 595	OK
 362	     0	76.6	148.0	 600	OK
 363	     0	77.9	148.4	 583	OK
 364	     0	77.8	149.5	 588	OK
 365	     0	77.6	147.2	 599	OK
 366	     0	78.6	150.1	 602	OK
 367	     0	79.7	151.1	 589	OK
 368	     0	79.8	149.6	 584	OK
 369	     0	77.8	146.2	 600	OK
 370	     0	78.7	148.8	 594	OK
 371	     0	77.5	145.7	 583	OK
 372	     0	76.6	144.2	 598	OK
 373	     0	79.3	150.7	 600	OK
 374	     0	77.2	148.8	 584	OK
 375	     0	79.9	151.9	 597	OK
 376	     0	77.3	145.3	 599	OK
 377	     0	78.3	149.1	 607	OK
 378	     0	81.1	151.3	 603	OK
 379	     0	77.2	147.7	 587	OK
 380	     0	77.4	145.8	 590	OK
 381	     0	80.6	153.0	 612	OK
 382	     0	79.9	151.1	 583	OK
 383	     0	80.0	151.9	 600	OK
 384	     0	77.8	146.5	 617	OK
 385	     0	78.1	146.6	 602	OK
 386	     0	76.3	146.9	 604	OK
 387	     0	76.2	146.0	 595	OK
 388	     0	77.6	146.4	 623	OK
 389	     0	77.1	144.0	 596	OK
 390	     0	73.7	140.3	 618	OK
 391	     0	75.0	145.0	 595	OK
 392	     0	76.6	144.8	 596	OK
 393	     0	75.6	144.7	 613	OK
 394	     0	74.7	141.6	 603	OK
 395	     0	75.6	144.4	 571	OK
 396	     0	75.4	144.3	 603	OK
 397	     0	75.5	144.5	 612	OK
 398	     0	74.0	139.7	 617	OK
 399	     0	75.7	143.6	 605	OK
 400	     0	77.1	145.4	 609	OK
 401	     0	76.2	143.9	 618	OK
 402	     0	76.3	142.5	 599	OK
 403	     0	72.6	137.6	 613	OK
 404	     0	74.5	141.9	 597	OK
 405	     0	74.1	141.9	 604	OK
 406	     0	76.7	145.9	 614	OK
 407	     0	74.9	140.8	 620	OK
 408	     0	77.8	145.6	 617	OK
 409	     0	73.0	140.0	 619	OK
 410	     0	74.4	141.9	 610	OK
 411	     0	76.1	144.3	 623	OK
 412	     0	76.6	143.4	 624	OK
 413	     0	76.5	143.2	 625	OK
 414	     0	75.8	143.1	 615	OK
 415	     0	73.5	140.4	 629	OK
 416	     0	76.3	145.1	 606	OK
 417	     0	76.0	144.9	 617	OK
 418	     0	75.6	143.1	 604	OK
 419	     0	75.1	141.2	 604	OK
 420	     0	75.4	141.5	 613	OK
 421	     0	75.4	141.6	 623	OK
 422	     0	76.7	145.0	 618	OK
 423	     0	70.5	134.7	 606	OK
 424	     0	73.7	140.7	 622	OK
 425	     0	74.4	142.5	 624	OK
 426	     0	75.6	145.2	 612	OK
 427	     0	73.0	138.6	 594	OK
 428	     0	73.6	139.0	 615	OK
 429	     0	76.0	145.4	 617	OK
 430	     0	75.0	140.4	 609	OK
 431	     0	75.6	144.5	 613	OK
 432	     0	73.2	139.7	 610	OK
 433	     0	74.1	140.9	 608	OK
 434	     0	74.4	139.9	 605	OK
 435	     0	75.0	142.6	 608	OK
 436	     0	74.1	140.0	 628	OK
 437	     0	75.5	142.4	 609	OK
 438	     0	73.0	138.2	 637	OK
 439	     0	75.2	141.1	 610	OK
 440	     0	75.5	141.6	 625	OK
 441	     0	75.6	144.3	 619	OK
 442	     0	75.3	144.6	 603	OK
 443	     0	74.9	142.1	 620	OK
 444	     0	77.0	144.8	 610	OK
 445	     0	74.0	140.3	 606	OK
 446	     0	75.7	144.1	 623	OK
 447	     0	73.8	142.3	 609	OK
 448	     0	76.6	144.2	 608	OK
 449	     0	75.3	142.4	 633	OK
 450	     0	75.7	144.8	 615	OK
 451	     0	74.9	145.3	 634	OK
 452	     0	75.2	142.1	 607	OK
 453	     0	75.0	144.7	 623	OK
 454	     0	72.8	139.3	 624	OK
 455	     0	74.2	142.3	 620	OK
 456	     0	73.4	141.3	 619	OK
 457	     0	73.7	140.7	 641	OK
 458	     0	73.4	139.2	 613	OK
 459	     0	73.9	141.1	 616	OK
 460	     0	75.6	141.6	 631	OK
 461	     0	72.8	140.1	 628	OK
 462	     0	73.9	142.2	 621	OK
 463	     0	74.1	141.5	 623	OK
 464	     0	73.7	139.2	 628	OK
 465	     0	73.6	141.5	 623	OK
 466	     0	75.2	143.3	 631	OK
 467	     0	72.7	138.7	 641	OK
 468	     0	72.6	138.7	 643	OK
 469	     0	74.4	141.3	 638	OK
 470	     0	75.7	141.9	 609	OK
 471	     0	76.6	143.8	 640	OK
 472	     0	75.4	142.8	 612	OK
 473	     0	74.2	140.5	 620	OK
 474	     0	73.6	140.0	 627	OK
 475	     0	75.7	145.2	 621	OK
 476	     0	73.7	138.8	 608	OK
 477	     0	75.6	143.1	 630	OK
 478	     0	75.6	143.3	 604	OK
 479	     0	73.8	140.6	 624	OK
 480	     0	74.3	140.5	 599	OK
 481	     0	76.4	146.1	 629	OK
 482	     0	73.7	140.5	 623	OK
 483	     0	72.3	140.0	 628	OK
 484	     0	74.3	141.3	 639	OK
 485	     0	74.4	142.7	 621	OK
 486	     0	74.9	142.2	 605	OK
 487	     0	76.2	144.2	 622	OK
 488	     0	75.4	143.3	 625	OK
 489	     0	74.9	141.0	 630	OK
 490	     0	74.0	139.7	 628	OK
 491	     0	73.3	140.9	 641	OK
 492	     0	74.9	142.3	 617	OK
 493	     0	74.4	143.7	 632	OK
 494	     0	74.9	142.9	 615	OK
 495	     0	74.9	143.2	 620	OK
 496	     0	77.0	146.3	 615	OK
 497	     0	75.9	143.9	 624	OK
 498	     0	72.9	139.8	 636	OK
 499	     0	75.7	142.1	 626	OK
 500	     0	75.8	144.1	 623	OK
 501	     0	73.6	138.7	 632	OK
 502	     0	76.3	143.4	 613	OK
 503	     0	73.2	139.1	 623	OK
 504	     0	76.5	143.6	 611	OK
 505	     0	75.3	144.3	 621	OK
 506	     0	74.8	143.9	 621	OK
 507	     0	75.2	144.3	 621	OK
 508	     0	76.2	144.6	 630	OK
 509	     0	75.5	144.5	 597	OK
 510	     0	76.3	143.7	 606	OK
 511	     0	77.9	146.9	 627	OK
 512	     0	76.3	146.3	 646	OK
 513	     0	79.6	151.8	 648	OK
 514	     0	79.0	147.1	 648	OK
 515	     0	78.3	149.2	 639	OK
 516	     0	76.3	146.4	 645	OK
 517	     0	81.8	152.8	 646	OK
 518	     0	75.1	141.9	 658	OK
 519	     0	75.3	142.0	 623	OK
 520	     0	77.6	147.4	 640	OK
 521	     0	77.0	145.5	 633	OK
 522	     0	79.8	150.1	 634	OK
 523	     0	79.4	150.8	 645	OK
 524	     0	77.7	147.1	 619	OK
 525	     0	76.5	145.5	 617	OK
 526	     0	78.4	148.8	 639	OK
 527	     0	78.2	146.3	 649	OK
 528	     0	78.7	148.5	 638	OK
 529	     0	77.6	148.0	 639	OK
 530	     0	77.9	149.4	 644	OK
 531	     0	76.0	142.8	 656	OK
 532	     0	78.4	146.7	 646	OK
 533	     0	75.4	145.5	 642	OK
 534	     0	75.8	144.6	 652	OK
 535	     0	76.9	146.4	 637	OK
 536	     0	78.8	148.1	 628	OK
 537	     0	78.7	149.5	 637	OK
 538	     0	77.6	146.9	 644	OK
 539	     0	77.8	145.6	 658	OK
 540	     0	79.8	150.5	 650	OK
 541	     0	78.6	149.3	 641	OK
 542	     0	79.1	149.7	 649	OK
 543	     0	77.1	146.2	 641	OK
 544	     0	77.2	146.3	 639	OK
 545	     0	76.5	144.3	 648	OK
 546	     0	74.9	142.7	 657	OK
 547	     0	79.1	149.4	 650	OK
 548	     0	78.6	147.3	 663	OK
 549	     0	76.1	143.8	 660	OK
 550	     0	79.2	148.3	 648	OK
 551	     0	76.8	145.7	 661	OK
 552	     0	75.6	144.3	 640	OK
 553	     0	77.9	147.5	 645	OK
 554	     0	75.8	144.9	 638	OK
 555	     0	77.2	146.6	 655	OK
 556	     0	77.9	147.7	 638	OK
 557	     0	76.9	146.1	 626	OK
 558	     0	79.2	148.1	 636	OK
 559	     0	77.9	147.7	 640	OK
 560	     0	76.2	143.9	 637	OK
 561	     0	76.7	144.9	 645	OK
 562	     0	78.1	147.6	 648	OK
 563	     0	78.0	149.9	 637	OK
 564	     0	77.2	145.4	 633	OK
 565	     0	78.3	150.3	 635	OK
 566	     0	77.2	147.2	 657	OK
 567	     0	77.7	145.5	 624	OK
 568	     0	77.2	147.6	 647	OK
 569	     0	77.5	149.7	 637	OK
 570	     0	77.5	146.9	 614	OK
 571	     0	77.2	146.9	 634	OK
 572	     0	77.9	148.3	 637	OK
 573	     0	76.2	143.1	 653	OK
 574	     0	77.1	146.6	 628	OK
 575	     0	80.3	152.5	 620	OK
 576	     0	79.3	152.4	 625	OK
 577	     0	76.3	145.9	 642	OK
 578	     0	77.2	146.3	 641	OK
 579	     0	77.8	148.9	 635	OK
 580	     0	79.4	149.5	 630	OK
 581	     0	79.3	150.5	 638	OK
 582	     0	76.7	146.5	 649	OK
 583	     0	78.8	149.3	 632	OK
 584	     0	76.0	145.7	 625	OK
 585	     0	78.6	150.3	 631	OK
 586	     0	78.2	146.8	 647	OK
 587	     0	78.3	148.9	 620	OK
 588	     0	79.2	151.4	 613	OK
 589	     0	79.3	150.2	 625	OK
 590	     0	78.2	148.9	 638	OK
 591	     0	77.2	147.2	 627	OK
 592	     0	77.6	146.2	 619	OK
 593	     0	76.8	147.2	 632	OK
 594	     0	76.2	144.3	 641	OK
 595	     0	75.4	145.2	 620	OK
 596	     0	75.8	144.4	 612	OK
 597	     0	77.2	145.7	 615	OK
 598	     0	78.9	148.9	 621	OK
 599	     0	75.5	142.8	 637	OK
 600	     0	78.2	149.5	 599	OK
 601	     0	76.0	145.7	 609	OK
 602	     0	76.4	145.0	 638	OK
 603	     0	78.5	148.3	 620	OK
 604	     0	74.4	141.9	 613	OK
 605	     0	76.6	145.6	 623	OK
 606	     0	77.8	149.4	 636	OK
 607	     0	77.1	148.5	 618	OK
 608	     0	76.7	145.5	 621	OK
 609	     0	78.9	149.3	 619	OK
 610	     0	75.8	145.6	 586	OK
 611	     0	78.9	150.4	 626	OK
 612	     0	76.5	144.4	 601	OK
 613	     0	76.6	146.5	 601	OK
 614	     0	76.6	145.5	 598	OK
 615	     0	78.6	147.7	 603	OK
 616	     0	76.3	146.9	 592	OK
 617	     0	76.9	145.2	 609	OK
 618	     0	77.2	147.3	 590	OK
 619	     0	77.4	148.0	 605	OK
 620	     0	77.8	147.7	 594	OK
 621	     0	77.5	146.3	 589	OK
 622	     0	78.8	148.6	 594	OK
 623	     0	77.2	148.6	 599	OK
 624	     0	77.5	148.6	 599	OK
 625	     0	78.6	147.8	 587	OK
 626	     0	81.7	153.0	 596	OK
 627	     0	77.7	148.6	 601	OK
 628	     0	77.7	147.0	 593	OK
 629	     0	77.2	147.7	 593	OK
 630	     0	80.5	153.0	 578	OK
 631	     0	79.7	151.0	 589	OK
 632	     0	78.9	151.6	 599	OK
 633	     0	80.5	151.4	 596	OK
 634	     0	79.8	150.4	 598	OK
 635	     0	78.0	148.7	 607	OK
 636	     0	80.2	152.0	 592	OK
 637	     0	78.5	148.2	 594	OK
 638	     0	78.2	148.0	 616	OK
 639	     0	78.3	150.7	 585	OK
 640	     0	78.9	147.0	 706	OK
 641	     0	79.3	150.9	 704	OK
 642	     0	77.3	146.6	 718	OK
 643	     0	79.5	150.3	 690	OK
 644	     0	78.1	149.2	 717	OK
 645	     0	77.8	145.8	 719	OK
 646	     0	74.8	140.3	 725	OK
 647	     0	78.2	145.7	 695	OK
 648	     0	80.1	151.5	 729	OK
 649	     0	79.4	149.6	 736	OK
 650	     0	76.5	143.7	 738	OK
 651	     0	76.0	144.8	 727	OK
 652	     0	76.6	145.8	 723	OK
 653	     0	77.1	143.8	 715	OK
 654	     0	76.7	146.0	 715	OK
 655	     0	77.7	147.1	 717	OK
 656	     0	76.9	146.2	 730	OK
 657	     0	74.8	143.3	 739	OK
 658	     0	76.1	145.0	 709	OK
 659	     0	78.6	146.8	 730	OK
 660	     0	76.4	142.8	 721	OK
 661	     0	76.3	141.6	 723	OK
 662	     0	76.6	144.9	 707	OK
 663	     0	76.5	143.0	 720	OK
 664	     0	74.9	141.6	 721	OK
 665	     0	73.8	139.8	 718	OK
 666	     0	76.7	145.6	 702	OK
 667	     0	77.8	147.2	 690	OK
 668	     0	76.5	144.0	 738	OK
 669	     0	79.5	150.2	 730	OK
 670	     0	74.5	142.5	 710	OK
 671	     0	79.0	149.6	 692	OK
 672	     0	76.4	145.1	 705	OK
 673	     0	76.9	146.1	 711	OK
 674	     0	77.4	149.4	 691	OK
 675	     0	77.4	145.9	 700	OK
 676	     0	76.4	145.5	 700	OK
 677	     0	77.4	145.2	 700	OK
 678	     0	74.1	139.8	 706	OK
 679	     0	74.5	142.6	 704	OK
 680	     0	76.9	145.0	 684	OK
 681	     0	77.7	146.7	 712	OK
 682	     0	75.2	144.7	 683	OK
 683	     0	75.2	143.3	 714	OK
 684	     0	75.2	142.7	 704	OK
 685	     0	75.5	143.9	 702	OK
 686	     0	74.6	141.3	 696	OK
 687	     0	75.0	144.0	 712	OK
 688	     0	77.1	146.5	 725	OK
 689	     0	76.2	146.4	 699	OK
 690	     0	76.3	144.5	 715	OK
 691	     0	77.3	146.5	 717	OK
 692	     0	75.9	145.7	 720	OK
 693	     0	77.2	145.5	 709	OK
 694	     0	78.7	148.9	 722	OK
 695	     0	79.1	149.8	 710	OK
 696	     0	76.9	144.2	 726	OK
 697	     0	75.3	143.7	 706	OK
 698	     0	77.9	148.2	 714	OK
 699	     0	75.8	143.2	 703	OK
 700	     0	76.2	144.7	 706	OK
 701	     0	76.6	145.6	 708	OK
 702	     0	77.7	146.2	 701	OK
 703	     0	75.1	145.2	 695	OK
 704	     0	75.5	143.1	 691	OK
 705	     0	77.0	143.8	 702	OK
 706	     0	76.8	146.1	 721	OK
 707	     0	74.9	143.7	 717	OK
 708	     0	74.0	140.1	 723	OK
 709	     0	75.0	143.7	 690	OK
 710	     0	73.7	139.8	 704	OK
 711	     0	73.9	141.3	 688	OK
 712	     0	73.1	140.1	 692	OK
 713	     0	75.6	143.4	 693	OK
 714	     0	74.4	143.1	 690	OK
 715	     0	75.4	143.7	 695	OK
 716	     0	75.9	143.7	 683	OK
 717	     0	77.1	146.1	 686	OK
 718	     0	74.5	142.5	 690	OK
 719	     0	75.4	142.4	 703	OK
 720	     0	76.0	144.1	 678	OK
 721	     0	74.7	143.6	 685	OK
 722	     0	75.9	144.8	 693	OK
 723	     0	73.7	141.7	 681	OK
 724	     0	74.6	142.3	 680	OK
 725	     0	73.0	140.0	 680	OK
 726	     0	75.5	143.6	 686	OK
 727	     0	72.8	139.4	 675	OK
 728	     0	73.7	139.2	 675	OK
 729	     0	76.2	145.4	 673	OK
 730	     0	75.8	142.2	 673	OK
 731	     0	75.8	143.3	 665	OK
 732	     0	74.8	143.5	 658	OK
 733	     0	75.5	144.0	 662	OK
 734	     0	75.6	143.6	 679	OK
 735	     0	74.5	142.0	 653	OK
 736	     0	74.0	140.4	 651	OK
 737	     0	75.3	143.2	 678	OK
 738	     0	74.3	140.9	 667	OK
 739	     0	74.2	142.1	 667	OK
 740	     0	72.5	138.7	 661	OK
 741	     0	74.4	142.5	 653	OK
 742	     0	72.6	139.3	 660	OK
 743	     0	76.8	145.0	 661	OK
 744	     0	75.3	143.0	 660	OK
 745	     0	74.2	141.1	 647	OK
 746	     0	75.5	143.8	 648	OK
 747	     0	73.4	141.4	 650	OK
 748	     0	75.2	142.3	 651	OK
 749	     0	73.3	138.9	 645	OK
 750	     0	73.7	140.8	 662	OK
 751	     0	75.8	144.2	 651	OK
 752	     0	74.9	142.2	 635	OK
 753	     0	74.7	142.3	 635	OK
 754	     0	73.1	140.2	 663	OK
 755	     0	75.0	143.6	 654	OK
 756	     0	74.1	140.7	 658	OK
 757	     0	73.5	138.7	 656	OK
 758	     0	72.4	138.6	 652	OK
 759	     0	76.1	143.9	 634	OK
 760	     0	74.3	140.9	 643	OK
 761	     0	74.9	143.2	 659	OK
 762	     0	73.4	138.0	 653	OK
 763	     0	73.7	141.5	 647	OK
 764	     0	76.6	146.3	 651	OK
 765	     0	75.9	143.2	 633	OK
 766	     0	75.7	144.3	 643	OK
 767	     0	73.6	139.1	 653	OK
 768	     0	78.8	149.3	 671	OK
 769	     0	78.6	148.5	 664	OK
 770	     0	79.7	150.8	 668	OK
 771	     0	78.7	149.4	 655	OK
 772	     0	78.9	147.0	 648	OK
 773	     0	78.1	147.5	 656	OK
 774	     0	78.4	147.3	 648	OK
 775	     0	78.6	149.2	 661	OK
 776	     0	78.1	148.2	 651	OK
 777	     0	76.6	145.7	 662	OK
 778	     0	80.5	151.0	 671	OK
 779	     0	78.3	145.7	 681	OK
 780	     0	77.7	145.3	 667	OK
 781	     0	78.2	146.4	 655	OK
 782	     0	78.2	147.2	 658	OK
 783	     0	77.5	146.5	 641	OK
 784	     0	76.1	144.0	 661	OK
 785	     0	79.5	150.0	 664	OK
 786	     0	79.7	149.6	 640	OK
 787	     0	78.9	148.5	 651	OK
 788	     0	76.3	142.6	 641	OK
 789	     0	77.3	147.7	 652	OK
 790	     0	77.9	144.7	 660	OK
 791	     0	77.9	147.5	 655	OK
 792	     0	77.7	147.6	 647	OK
 793	     0	75.5	141.5	 666	OK
 794	     0	77.5	145.9	 678	OK
 795	     0	77.8	146.5	 662	OK
 796	     0	77.4	145.0	 648	OK
 797	     0	75.8	143.9	 655	OK
 798	     0	77.1	145.8	 662	OK
 799	     0	77.4	144.8	 665	OK
 800	     0	79.2	148.0	 652	OK
 801	     0	77.8	145.5	 658	OK
 802	     0	76.6	145.3	 640	OK
 803	     0	77.0	145.5	 661	OK
 804	     0	75.7	142.9	 676	OK
 805	     0	76.9	145.0	 668	OK
 806	     0	77.2	144.8	 649	OK
 807	     0	77.0	145.2	 667	OK
 808	     0	76.7	144.2	 655	OK
 809	     0	77.3	146.2	 661	OK
 810	     0	78.5	146.1	 671	OK
 811	     0	77.7	146.0	 658	OK
 812	     0	76.3	144.5	 647	OK
 813	     0	77.6	147.6	 660	OK
 814	     0	77.0	146.1	 667	OK
 815	     0	78.2	145.4	 644	OK
 816	     0	76.6	143.1	 665	OK
 817	     0	78.5	148.1	 655	OK
 818	     0	76.2	144.4	 646	OK
 819	     0	77.4	145.0	 667	OK
 820	     0	78.2	147.3	 640	OK
 821	     0	76.8	145.4	 665	OK
 822	     0	77.4	145.8	 660	OK
 823	     0	76.7	145.5	 662	OK
 824	     0	76.3	142.9	 667	OK
 825	     0	74.7	142.2	 680	OK
 826	     0	78.8	150.0	 652	OK
 827	     0	77.7	147.7	 680	OK
 828	     0	78.6	146.5	 659	OK
 829	     0	76.5	144.6	 651	OK
 830	     0	78.5	147.3	 647	OK
 831	     0	78.2	148.9	 668	OK
 832	     0	77.9	147.5	 642	OK
 833	     0	75.7	142.2	 661	OK
 834	     0	80.5	150.0	 664	OK
 835	     0	75.3	142.7	 669	OK
 836	     0	75.5	144.1	 661	OK
 837	     0	76.0	142.8	 647	OK
 838	     0	77.8	147.7	 642	OK
 839	     0	76.8	145.1	 655	OK
 840	     0	76.9	145.9	 641	OK
 841	     0	75.6	141.8	 650	OK
 842	     0	78.7	148.6	 636	OK
 843	     0	74.7	140.2	 659	OK
 844	     0	76.3	144.1	 655	OK
 845	     0	74.0	138.8	 643	OK
 846	     0	75.6	143.9	 658	OK
 847	     0	75.2	142.7	 665	OK
 848	     0	76.8	144.6	 652	OK
 849	     0	75.8	145.0	 646	OK
 850	     0	74.4	141.9	 658	OK
 851	     0	78.4	147.7	 661	OK
 852	     0	76.8	146.1	 658	OK
 853	     0	76.0	144.2	 649	OK
 854	     0	75.4	141.8	 644	OK
 855	     0	74.0	139.5	 637	OK
 856	     0	76.0	143.0	 667	OK
 857	     0	75.2	141.6	 633	OK
 858	     0	76.4	144.6	 639	OK
 859	     0	73.4	140.9	 652	OK
 860	     0	75.8	142.7	 634	OK
 861	     0	77.5	145.3	 660	OK
 862	     0	75.7	143.0	 639	OK
 863	     0	76.4	142.8	 650	OK
 864	     0	75.7	140.9	 656	OK
 865	     0	75.2	140.7	 660	OK
 866	     0	76.2	143.6	 655	OK
 867	     0	75.4	144.1	 651	OK
 868	     0	77.0	142.8	 646	OK
 869	     0	75.2	142.8	 662	OK
 870	     0	75.5	141.8	 648	OK
 871	     0	78.1	147.1	 637	OK
 872	     0	76.2	144.0	 642	OK
 873	     0	75.2	140.5	 660	OK
 874	     0	75.4	141.4	 646	OK
 875	     0	75.4	143.8	 654	OK
 876	     0	75.3	142.7	 649	OK
 877	     0	73.7	139.9	 658	OK
 878	     0	76.8	146.7	 645	OK
 879	     0	76.3	142.8	 645	OK
 880	     0	75.6	144.1	 639	OK
 881	     0	76.9	144.7	 651	OK
 882	     0	75.9	143.2	 651	OK
 883	     0	77.0	145.0	 657	OK
 884	     0	75.3	143.6	 670	OK
 885	     0	75.0	142.6	 643	OK
 886	     0	76.1	142.9	 648	OK
 887	     0	77.4	148.5	 642	OK
 888	     0	76.2	144.4	 661	OK
 889	     0	77.8	148.3	 664	OK
 890	     0	76.3	147.3	 675	OK
 891	     0	76.4	143.7	 683	OK
 892	     0	76.7	144.6	 661	OK
 893	     0	77.4	144.3	 672	OK
 894	     0	76.7	145.4	 674	OK
 895	     0	78.2	145.7	 670	OK
 896	     0	78.4	146.9	 727	OK
 897	     0	79.2	148.3	 726	OK
 898	     0	79.1	147.9	 702	OK
 899	     0	76.0	143.0	 720	OK
 900	     0	78.0	145.6	 714	OK
 901	     0	78.4	145.1	 710	OK
 902	     0	76.2	144.1	 718	OK
 903	     0	76.5	143.1	 718	OK
 904	     0	73.9	140.9	 718	OK
 905	     0	77.4	147.8	 732	OK
 906	     0	77.6	146.3	 706	OK
 907	     0	74.8	142.5	 739	OK
 908	     0	79.1	147.9	 714	OK
 909	     0	76.4	144.4	 705	OK
 910	     0	75.9	143.4	 707	OK
 911	     0	77.9	146.6	 718	OK
 912	     0	75.7	141.6	 731	OK
 913	     0	74.0	141.1	 717	OK
 914	     0	75.2	143.1	 733	OK
 915	     0	75.3	143.2	 706	OK
 916	     0	77.1	144.1	 702	OK
 917	     0	75.7	143.9	 701	OK
 918	     0	78.2	147.4	 710	OK
 919	     0	74.4	140.1	 720	OK
 920	     0	76.6	145.0	 720	OK
 921	     0	76.9	144.0	 704	OK
 922	     0	75.7	142.8	 723	OK
 923	     0	75.2	142.1	 692	OK
 924	     0	75.8	142.9	 724	OK
 925	     0	77.2	146.0	 726	OK
 926	     0	74.8	142.3	 710	OK
 927	     0	77.0	143.2	 714	OK
 928	     0	76.6	142.8	 716	OK
 929	     0	77.7	146.3	 710	OK
 930	     0	76.9	143.5	 715	OK
 931	     0	77.0	145.7	 715	OK
 932	     0	76.2	142.2	 709	OK
 933	     0	76.4	143.3	 693	OK
 934	     0	76.8	144.3	 706	OK
 935	     0	75.2	141.1	 719	OK
 936	     0	76.3	145.8	 693	OK
 937	     0	78.6	147.3	 732	OK
 938	     0	76.7	144.6	 705	OK
 939	     0	77.1	144.3	 715	OK
 940	     0	76.5	144.0	 731	OK
 941	     0	75.6	142.7	 722	OK
 942	     0	77.1	144.5	 695	OK
 943	     0	77.5	145.1	 727	OK
 944	     0	75.6	142.7	 713	OK
 945	     0	75.8	143.2	 688	OK
 946	     0	76.5	144.3	 716	OK
 947	     0	78.8	146.2	 719	OK
 948	     0	77.7	148.5	 697	OK
 949	     0	77.1	146.0	 701	OK
 950	     0	77.0	144.8	 706	OK
 951	     0	75.5	143.9	 711	OK
 952	     0	77.3	144.7	 700	OK
 953	     0	77.0	145.3	 701	OK
 954	     0	78.7	148.7	 717	OK
 955	     0	78.1	147.9	 711	OK
 956	     0	77.3	143.9	 712	OK
 957	     0	77.4	145.9	 707	OK
 958	     0	77.5	145.2	 713	OK
 959	     0	79.4	151.0	 720	OK
 960	     0	76.7	145.2	 706	OK
 961	     0	77.3	145.2	 706	OK
 962	     0	77.1	144.1	 708	OK
 963	     0	78.4	147.8	 698	OK
 964	     0	77.1	145.2	 713	OK
 965	     0	76.6	144.5	 708	OK
 966	     0	76.8	144.5	 705	OK
 967	     0	77.6	145.2	 681	OK
 968	     0	76.8	144.6	 700	OK
 969	     0	77.1	145.0	 707	OK
 970	     0	79.0	150.3	 681	OK
 971	     0	75.9	143.9	 695	OK
 972	     0	77.5	146.5	 694	OK
 973	     0	78.0	145.5	 707	OK
 974	     0	77.5	144.7	 704	OK
 975	     0	78.1	149.6	 702	OK
 976	     0	76.7	145.5	 697	OK
 977	     0	75.2	141.9	 715	OK
 978	     0	78.0	146.7	 701	OK
 979	     0	76.3	142.7	 711	OK
 980	     0	76.1	144.0	 713	OK
 981	     0	76.5	146.0	 693	OK
 982	     0	77.5	146.9	 695	OK
 983	     0	78.0	146.1	 682	OK
 984	     0	76.3	143.2	 696	OK
 985	     0	76.3	143.0	 711	OK
 986	     0	75.5	143.6	 701	OK
 987	     0	76.4	144.7	 669	OK
 988	     0	77.9	147.8	 692	OK
 989	     0	77.4	144.0	 692	OK
 990	     0	76.7	144.6	 692	OK
 991	     0	76.5	146.0	 704	OK
 992	     0	76.4	145.2	 691	OK
 993	     0	75.0	142.4	 692	OK
 994	     0	77.1	144.5	 669	OK
 995	     0	74.6	142.0	 683	OK
 996	     0	80.3	151.6	 679	OK
 997	     0	77.2	146.0	 678	OK
 998	     0	76.4	144.0	 687	OK
 999	     0	78.6	147.6	 688	OK
1000	     0	76.9	143.9	 698	OK
1001	     0	76.4	143.9	 690	OK
1002	     0	76.5	145.1	 688	OK
1003	     0	78.1	147.1	 682	OK
1004	     0	75.9	144.1	 680	OK
1005	     0	75.4	142.8	 682	OK
1006	     0	79.6	149.0	 701	OK
1007	     0	77.8	146.4	 694	OK
1008	     0	77.2	146.6	 692	OK
1009	     0	78.0	147.9	 696	OK
1010	     0	79.5	150.5	 703	OK
1011	     0	78.3	145.4	 701	OK
1012	     0	79.0	150.6	 700	OK
1013	     0	79.7	151.7	 720	OK
1014	     0	79.5	148.7	 696	OK
1015	     0	78.4	147.8	 675	OK
1016	     0	78.5	149.6	 721	OK
1017	     0	80.0	149.0	 702	OK
1018	     0	78.0	147.2	 703	OK
1019	     0	78.6	146.9	 700	OK
1020	     0	78.4	148.8	 696	OK
1021	     0	77.9	148.9	 691	OK
1022	     0	77.5	145.2	 701	OK
1023	     0	78.4	149.2	 695	OK
1024	     0	80.0	151.7	 660	OK
1025	     0	81.2	152.0	 678	OK
1026	     0	78.8	150.3	 678	OK
1027	     0	78.8	147.5	 652	OK
1028	     0	80.6	152.7	 670	OK
1029	     0	80.6	153.0	 666	OK
1030	     0	79.9	151.6	 672	OK
1031	     0	80.8	153.0	 673	OK
1032	     0	80.2	150.5	 661	OK
1033	     0	80.9	151.8	 656	OK
1034	     0	78.7	148.4	 672	OK
1035	     0	78.9	151.2	 665	OK
1036	     0	79.7	151.5	 658	OK
1037	     0	77.6	148.8	 683	OK
1038	     0	79.3	150.4	 670	OK
1039	     0	80.0	151.6	 699	OK
1040	     0	78.2	146.7	 667	OK
1041	     0	79.5	150.5	 660	OK
1042	     0	80.4	152.8	 668	OK
1043	     0	81.1	151.2	 674	OK
1044	     0	80.3	150.7	 671	OK
1045	     0	78.5	147.8	 662	OK
1046	     0	81.0	153.4	 664	OK
1047	     0	79.2	149.2	 649	OK
1048	     0	78.3	150.3	 668	OK
1049	     0	79.7	152.5	 655	OK
1050	     0	80.3	150.2	 665	OK
1051	     0	78.6	146.2	 655	OK
1052	     0	78.4	147.1	 663	OK
1053	     0	80.6	151.7	 659	OK
1054	     0	77.7	146.1	 655	OK
1055	     0	79.8	150.1	 669	OK
1056	     0	78.4	148.7	 674	OK
1057	     0	78.8	150.4	 674	OK
1058	     0	80.5	151.9	 666	OK
1059	     0	78.6	148.7	 684	OK
1060	     0	79.1	149.7	 664	OK
1061	     0	80.5	150.8	 674	OK
1062	     0	78.4	146.5	 687	OK
1063	     0	77.0	145.8	 674	OK
1064	     0	81.0	154.0	 658	OK
1065	     0	76.8	145.7	 691	OK
1066	     0	80.9	151.9	 676	OK
1067	     0	78.1	146.6	 673	OK
1068	     0	79.5	151.0	 693	OK
1069	     0	78.9	148.4	 674	OK
1070	     0	78.5	148.8	 682	OK
1071	     0	79.9	151.1	 664	OK
1072	     0	82.5	154.8	 706	OK
1073	     0	78.9	148.7	 685	OK
1074	     0	78.1	147.0	 689	OK
1075	     0	80.1	149.5	 699	OK
1076	     0	78.3	146.8	 699	OK
1077	     0	78.0	147.5	 667	OK
1078	     0	80.9	152.3	 675	OK
1079	     0	79.8	150.3	 686	OK
1080	     0	82.9	154.7	 684	OK
1081	     0	77.2	146.6	 695	OK
1082	     0	76.0	142.8	 688	OK
1083	     0	80.3	151.9	 703	OK
1084	     0	81.3	153.5	 691	OK
1085	     0	79.9	150.8	 687	OK
1086	     0	78.8	149.6	 678	OK
1087	     0	80.8	152.2	 692	OK
1088	     0	79.5	148.9	 691	OK
1089	     0	79.1	150.5	 677	OK
1090	     0	80.8	151.1	 680	OK
1091	     0	77.7	147.3	 707	OK
1092	     0	76.4	144.9	 683	OK
1093	     0	77.8	147.7	 700	OK
1094	     0	80.5	149.4	 702	OK
1095	     0	78.9	147.5	 689	OK
1096	     0	78.7	148.6	 717	OK
1097	     0	78.5	149.5	 690	OK
1098	     0	78.8	149.1	 690	OK
1099	     0	77.7	147.2	 691	OK
1100	     0	78.2	150.5	 687	OK
1101	     0	77.3	145.3	 710	OK
1102	     0	77.6	146.0	 681	OK
1103	     0	79.3	151.4	 686	OK
1104	     0	77.0	148.3	 691	OK
1105	     0	77.0	147.9	 710	OK
1106	     0	78.7	149.8	 690	OK
1107	     0	78.4	148.9	 697	OK
1108	     0	77.2	147.2	 703	OK
1109	     0	79.7	150.0	 697	OK
1110	     0	82.8	155.7	 708	OK
1111	     0	75.8	143.9	 693	OK
1112	     0	78.0	145.7	 690	OK
1113	     0	77.5	147.7	 683	OK
1114	     0	79.0	151.1	 700	OK
1115	     0	77.1	146.4	 686	OK
1116	     0	76.8	147.0	 695	OK
1117	     0	79.2	148.5	 689	OK
1118	     0	77.4	145.4	 691	OK
1119	     0	80.2	150.8	 707	OK
1120	     0	78.4	148.6	 693	OK
1121	     0	79.6	151.7	 697	OK
1122	     0	79.7	149.1	 675	OK
1123	     0	77.7	148.4	 705	OK
1124	     0	78.8	148.6	 702	OK
1125	     0	76.4	145.3	 692	OK
1126	     0	78.7	147.6	 690	OK
1127	     0	77.6	145.8	 682	OK
1128	     0	79.8	148.8	 695	OK
1129	     0	77.9	146.8	 695	OK
1130	     0	78.3	147.6	 707	OK
1131	     0	79.2	149.9	 689	OK
1132	     0	76.9	145.9	 698	OK
1133	     0	78.2	147.1	 688	OK
1134	     0	78.4	147.3	 699	OK
1135	     0	76.7	147.6	 672	OK
1136	     0	75.4	143.4	 690	OK
1137	     0	77.1	144.7	 687	OK
1138	     0	78.8	147.6	 711	OK
1139	     0	77.6	146.9	 696	OK
1140	     0	76.9	146.2	 690	OK
1141	     0	78.5	150.0	 699	OK
1142	     0	77.8	147.0	 706	OK
1143	     0	76.9	144.2	 687	OK
1144	     0	78.0	147.7	 687	OK
1145	     0	78.7	148.0	 694	OK
1146	     0	80.9	152.2	 699	OK
1147	     0	78.9	148.5	 680	OK
1148	     0	77.2	147.6	 689	OK
1149	     0	77.8	148.4	 704	OK
1150	     0	79.9	151.0	 702	OK
1151	     0	75.7	146.1	 692	OK
1152	     0	78.9	147.0	 703	OK
1153	     0	79.0	147.9	 705	OK
1154	     0	81.1	151.7	 704	OK
1155	     0	78.7	149.5	 702	OK
1156	     0	78.2	146.6	 697	OK
1157	     0	80.9	151.7	 700	OK
1158	     0	78.5	146.5	 687	OK
1159	     0	79.7	149.9	 693	OK
1160	     0	79.9	150.5	 689	OK
1161	     0	79.0	147.2	 682	OK
1162	     0	79.5	149.5	 683	OK
1163	     0	79.3	148.1	 704	OK
1164	     0	78.4	149.3	 692	OK
1165	     0	80.4	148.8	 694	OK
1166	     0	81.1	149.9	 709	OK
1167	     0	78.0	148.2	 679	OK
1168	     0	79.4	148.7	 696	OK
1169	     0	80.4	151.7	 682	OK
1170	     0	79.3	149.1	 687	OK
1171	     0	80.7	149.0	 696	OK
1172	     0	79.1	149.2	 687	OK
1173	     0	78.0	145.3	 691	OK
1174	     0	80.0	151.2	 696	OK
1175	     0	78.6	148.5	 686	OK
1176	     0	81.2	151.8	 696	OK
1177	     0	83.7	158.3	 690	OK
1178	     0	78.6	147.1	 688	OK
1179	     0	78.5	146.0	 678	OK
1180	     0	80.3	151.8	 692	OK
1181	     0	78.6	147.8	 678	OK
1182	     0	78.3	147.8	 695	OK
1183	     0	79.2	149.9	 687	OK
1184	     0	80.0	149.0	 682	OK
1185	     0	80.1	150.5	 705	OK
1186	     0	79.7	151.8	 678	OK
1187	     0	77.1	145.1	 678	OK
1188	     0	78.1	149.3	 679	OK
1189	     0	80.8	151.4	 689	OK
1190	     0	79.4	149.3	 680	OK
1191	     0	81.0	153.5	 690	OK
1192	     0	81.8	152.5	 690	OK
1193	     0	79.6	149.4	 692	OK
1194	     0	81.1	153.4	 684	OK
1195	     0	78.4	148.8	 692	OK
1196	     0	80.8	150.6	 675	OK
1197	     0	82.6	152.8	 699	OK
1198	     0	80.8	152.0	 667	OK
1199	     0	80.2	151.8	 704	OK
1200	     0	80.9	152.1	 700	OK
1201	     0	79.2	150.2	 700	OK
1202	     0	82.6	155.3	 697	OK
1203	     0	79.2	148.6	 694	OK
1204	     0	80.3	152.3	 695	OK
1205	     0	79.4	151.3	 656	OK
1206	     0	78.4	146.8	 692	OK
1207	     0	81.7	153.3	 686	OK
1208	     0	79.8	151.9	 691	OK
1209	     0	78.6	147.4	 682	OK
1210	     0	79.5	149.4	 699	OK
1211	     0	81.1	151.7	 670	OK
1212	     0	79.5	150.2	 673	OK
1213	     0	78.1	147.4	 683	OK
1214	     0	80.4	151.9	 690	OK
1215	     0	81.9	154.1	 690	OK
1216	     0	82.9	155.2	 678	OK
1217	     0	77.5	146.9	 693	OK
1218	     0	81.2	152.2	 682	OK
1219	     0	79.0	150.5	 692	OK
1220	     0	79.7	151.3	 693	OK
1221	     0	81.3	152.3	 692	OK
1222	     0	79.6	148.9	 686	OK
1223	     0	81.1	150.1	 680	OK
1224	     0	78.8	147.5	 687	OK
1225	     0	82.0	153.6	 709	OK
1226	     0	84.6	157.7	 688	OK
1227	     0	80.6	150.5	 697	OK
1228	     0	81.2	153.4	 685	OK
1229	     0	80.6	152.3	 664	OK
1230	     0	80.8	150.7	 690	OK
1231	     0	80.1	149.1	 687	OK
1232	     0	81.0	153.2	 677	OK
1233	     0	79.4	149.6	 681	OK
1234	     0	80.1	150.2	 680	OK
1235	     0	80.6	151.6	 678	OK
1236	     0	78.7	148.8	 684	OK
1237	     0	81.6	153.7	 681	OK
1238	     0	80.4	153.2	 696	OK
1239	     0	81.2	154.1	 694	OK
1240	     0	80.0	150.6	 673	OK
1241	     0	79.9	149.9	 688	OK
1242	     0	81.6	151.0	 665	OK
1243	     0	80.2	150.3	 674	OK
1244	     0	80.5	151.4	 676	OK
1245	     0	81.4	152.0	 669	OK
1246	     0	79.5	149.9	 667	OK
1247	     0	79.0	149.7	 676	OK
1248	     0	80.9	152.6	 674	OK
1249	     0	78.0	147.7	 663	OK
1250	     0	78.7	148.4	 693	OK
1251	     0	79.4	147.4	 669	OK
1252	     0	80.9	151.3	 660	OK
1253	     0	78.0	146.9	 679	OK
1254	     0	80.7	150.6	 657	OK
1255	     0	80.4	149.4	 677	OK
1256	     0	79.9	148.0	 675	OK
1257	     0	80.5	151.5	 663	OK
1258	     0	79.3	146.3	 673	OK
1259	     0	80.5	149.6	 672	OK
1260	     0	79.6	148.4	 670	OK
1261	     0	78.0	148.1	 677	OK
1262	     0	79.5	149.0	 662	OK
1263	     0	81.6	151.4	 663	OK
1264	     0	81.6	152.7	 659	OK
1265	     0	80.7	150.9	 675	OK
1266	     0	82.2	155.0	 650	OK
1267	     0	81.1	153.8	 666	OK
1268	     0	80.4	150.5	 664	OK
1269	     0	79.6	148.9	 672	OK
1270	     0	80.5	151.6	 681	OK
1271	     0	78.8	148.4	 657	OK
1272	     0	80.6	150.8	 667	OK
1273	     0	80.1	149.5	 662	OK
1274	     0	82.1	153.3	 659	OK
1275	     0	82.1	153.9	 665	OK
1276	     0	81.4	152.7	 668	OK
1277	     0	81.5	153.7	 672	OK
1278	     0	84.3	157.5	 673	OK
1279	     0	82.6	154.8	 667	OK
1280	     0	81.0	150.3	 733	OK
1281	     0	79.7	150.2	 704	OK
1282	     0	78.5	149.8	 698	OK
1283	     0	80.6	149.5	 694	OK
1284	     0	79.8	149.4	 677	OK
1285	     0	77.2	143.2	 682	OK
1286	     0	76.5	144.2	 693	OK
1287	     0	77.0	145.2	 664	OK
1288	     0	78.2	146.8	 674	OK
1289	     0	75.1	142.5	 678	OK
1290	     0	78.6	149.2	 685	OK
1291	     0	79.4	148.4	 670	OK
1292	     0	77.2	145.7	 673	OK
1293	     0	76.2	145.0	 687	OK
1294	     0	80.1	150.2	 689	OK
1295	     0	77.1	144.5	 688	OK
1296	     0	79.7	148.9	 687	OK
1297	     0	77.2	146.6	 677	OK
1298	     0	76.8	145.7	 676	OK
1299	     0	75.3	140.5	 692	OK
1300	     0	77.3	144.4	 692	OK
1301	     0	79.3	148.5	 678	OK
1302	     0	80.2	150.4	 681	OK
1303	     0	76.8	141.9	 674	OK
1304	     0	77.9	145.8	 677	OK
1305	     0	78.6	146.2	 693	OK
1306	     0	80.0	146.8	 706	OK
1307	     0	77.1	144.0	 690	OK
1308	     0	78.0	145.5	 690	OK
1309	     0	78.6	146.3	 710	OK
1310	     0	78.9	149.6	 696	OK
1311	     0	77.7	146.7	 699	OK
1312	     0	79.1	148.4	 713	OK
1313	     0	78.8	146.3	 699	OK
1314	     0	77.9	145.6	 700	OK
1315	     0	77.3	144.5	 690	OK
1316	     0	76.7	145.7	 706	OK
1317	     0	78.9	147.8	 696	OK
1318	     0	79.1	147.5	 715	OK
1319	     0	76.5	143.4	 707	OK
1320	     0	79.3	148.0	 710	OK
1321	     0	76.7	142.9	 716	OK
1322	     0	77.9	145.0	 706	OK
1323	     0	76.9	145.3	 708	OK
1324	     0	76.3	143.4	 707	OK
1325	     0	79.1	148.2	 698	OK
1326	     0	79.0	149.1	 722	OK
1327	     0	76.9	141.8	 728	OK
1328	     0	78.5	145.8	 701	OK
1329	     0	81.0	152.2	 712	OK
1330	     0	77.0	145.4	 702	OK
1331	     0	78.1	147.4	 710	OK
1332	     0	78.5	146.5	 705	OK
1333	     0	78.1	146.5	 709	OK
1334	     0	76.6	142.3	 701	OK
1335	     0	76.5	145.1	 699	OK
1336	     0	79.0	147.1	 704	OK
1337	     0	77.0	145.7	 725	OK
1338	     0	78.6	146.6	 717	OK
1339	     0	76.8	144.8	 706	OK
1340	     0	76.3	143.5	 703	OK
1341	     0	78.7	149.2	 725	OK
1342	     0	80.2	151.8	 740	OK
1343	     0	77.9	147.6	 704	OK
1344	     0	77.3	146.0	 690	OK
1345	     0	79.8	149.5	 704	OK
1346	     0	80.8	152.9	 710	OK
1347	     0	76.8	142.6	 712	OK
1348	     0	77.3	143.1	 699	OK
1349	     0	76.4	145.5	 703	OK
1350	     0	77.6	146.1	 704	OK
1351	     0	76.7	144.9	 695	OK
1352	     0	76.6	145.5	 698	OK
1353	     0	76.6	143.9	 726	OK
1354	     0	75.5	142.8	 715	OK
1355	     0	76.7	145.5	 707	OK
1356	     0	75.7	143.5	 702	OK
1357	     0	73.3	138.1	 710	OK
1358	     0	77.0	145.6	 715	OK
1359	     0	76.5	142.7	 710	OK
1360	     0	76.5	144.4	 724	OK
1361	     0	74.9	140.9	 711	OK
1362	     0	76.5	142.3	 707	OK
1363	     0	76.9	144.4	 695	OK
1364	     0	75.7	141.9	 709	OK
1365	     0	74.4	140.9	 720	OK
1366	     0	77.8	145.5	 715	OK
1367	     0	77.3	144.9	 705	OK
1368	     0	79.1	148.4	 719	OK
1369	     0	77.4	146.7	 710	OK
1370	     0	77.7	145.5	 719	OK
1371	     0	75.6	143.4	 693	OK
1372	     0	75.5	142.6	 703	OK
1373	     0	75.7	141.7	 700	OK
1374	     0	75.5	143.6	 709	OK
1375	     0	76.8	144.9	 689	OK
1376	     0	76.3	145.3	 712	OK
1377	     0	77.1	145.8	 723	OK
1378	     0	78.5	147.0	 712	OK
1379	     0	76.0	143.7	 705	OK
1380	     0	78.0	146.3	 720	OK
1381	     0	75.6	141.6	 718	OK
1382	     0	77.7	146.4	 702	OK
1383	     0	79.6	146.4	 721	OK
1384	     0	77.3	145.2	 700	OK
1385	     0	76.0	144.3	 699	OK
1386	     0	74.7	140.4	 705	OK
1387	     0	74.0	140.3	 718	OK
1388	     0	76.7	143.0	 698	OK
1389	     0	76.4	146.0	 707	OK
1390	     0	76.6	143.0	 708	OK
1391	     0	75.6	143.7	 706	OK
1392	     0	75.9	141.9	 713	OK
1393	     0	77.8	148.2	 722	OK
1394	     0	76.6	146.2	 692	OK
1395	     0	74.7	141.1	 729	OK
1396	     0	77.1	143.8	 723	OK
1397	     0	78.0	147.8	 691	OK
1398	     0	75.2	143.1	 722	OK
1399	     0	76.4	145.3	 709	OK
1400	     0	75.7	144.0	 706	OK
1401	     0	75.7	145.3	 710	OK
1402	     0	77.6	147.5	 699	OK
1403	     0	76.7	143.0	 715	OK
1404	     0	75.2	143.5	 730	OK
1405	     0	76.8	146.3	 727	OK
1406	     0	77.0	144.2	 713	OK
1407	     0	74.5	140.5	 712	OK
1408	     0	76.5	146.9	 533	OK
1409	  1000	77.1	148.3	 522	unbonded
1410	     0	76.2	148.1	 539	OK
1411	  1000	76.5	145.8	 524	unbonded
1412	  1000	76.2	146.2	 518	unbonded
1413	  1000	73.6	142.1	 519	unbonded
1414	  1000	77.9	149.2	 513	unbonded
1415	     0	77.3	147.1	 534	OK
1416	  1000	75.1	144.0	 533	unbonded
1417	  1000	77.5	149.9	 519	unbonded
1418	  1000	75.0	142.8	 525	unbonded
1419	  1000	74.7	143.5	 523	unbonded
1420	  1000	75.6	144.4	 535	unbonded
1421	     0	76.4	147.0	 540	OK
1422	  1000	77.2	146.5	 510	unbonded
1423	  1000	73.1	141.3	 523	unbonded
1424	  1000	76.7	148.5	 529	unbonded
1425	  1000	74.3	143.8	 541	unbonded
1426	  1000	74.7	143.1	 530	unbonded
1427	     0	76.9	147.2	 532	OK
1428	  1000	74.8	144.6	 520	unbonded
1429	  1000	75.3	143.5	 525	unbonded
1430	  1000	73.6	142.7	 520	unbonded
1431	  1000	76.2	145.9	 518	unbonded
1432	     0	77.0	147.6	 540	OK
1433	  1000	74.7	143.8	 520	unbonded
1434	     0	77.6	148.3	 525	OK
1435	  1000	73.2	140.3	 535	unbonded
1436	  1000	74.0	142.2	 512	unbonded
1437	  1000	76.4	145.5	 529	unbonded
1438	  1000	75.5	143.0	 532	unbonded
1439	  1000	78.0	148.7	 517	unbonded
1440	  1000	74.9	144.1	 532	unbonded
1441	  1000	74.2	144.0	 531	unbonded
1442	  1000	73.8	142.9	 495	unbonded
1443	  1000	77.0	147.1	 502	unbonded
1444	  1000	75.7	145.1	 532	unbonded
1445	  1000	73.0	140.4	 526	unbonded
1446	  1000	75.6	143.9	 519	unbonded
1447	  1000	75.2	142.4	 522	unbonded
1448	  1000	76.2	147.0	 528	unbonded
1449	     0	77.2	146.0	 530	OK
1450	  1000	74.6	140.8	 536	unbonded
1451	  1000	75.1	144.7	 519	unbonded
1452	  1000	73.5	142.7	 542	unbonded
1453	     0	76.2	145.0	 536	OK
1454	  1000	75.4	143.8	 517	unbonded
1455	  1000	74.8	144.8	 524	unbonded
1456	  1000	75.4	146.1	 535	unbonded
1457	  1000	74.3	141.5	 531	unbonded
1458	  1000	73.7	142.1	 525	unbonded
1459	  1000	75.6	145.5	 515	unbonded
1460	  1000	75.6	145.1	 529	unbonded
1461	  1000	76.3	147.6	 517	unbonded
1462	  1000	75.9	146.7	 518	unbonded
1463	  1000	75.1	145.8	 529	unbonded
1464	  1000	76.4	146.2	 531	unbonded
1465	     0	77.9	150.7	 530	OK
1466	  1000	76.7	148.2	 523	unbonded
1467	  1000	74.7	143.0	 524	unbonded
1468	  1000	74.9	146.1	 524	unbonded
1469	     0	76.5	146.8	 535	OK
1470	     0	76.1	145.5	 535	OK
1471	     0	76.2	148.0	 533	OK
1472	  1000	75.4	145.6	 523	unbonded
1473	  1000	74.4	142.9	 522	unbonded
1474	     0	76.9	147.8	 529	OK
1475	  1000	77.8	149.7	 516	unbonded
1476	     0	78.0	148.0	 524	OK
1477	  1000	75.9	145.8	 524	unbonded
1478	  1000	75.0	143.2	 514	unbonded
1479	  1000	74.8	143.6	 537	unbonded
1480	  1000	76.6	147.2	 520	unbonded
1481	  1000	75.8	146.0	 533	unbonded
1482	  1000	75.3	145.6	 527	unbonded
1483	  1000	74.8	143.5	 509	unbonded
1484	     0	76.2	145.0	 534	OK
1485	  1000	77.3	146.5	 521	unbonded
1486	  1000	76.3	144.8	 519	unbonded
1487	  1000	77.6	149.4	 516	unbonded
1488	  1000	75.5	143.3	 516	unbonded
1489	     0	76.8	147.7	 543	OK
1490	  1000	72.6	139.3	 523	unbonded
1491	  1000	75.1	145.1	 516	unbonded
1492	  1000	76.4	144.4	 526	unbonded
1493	  1000	75.2	143.2	 537	unbonded
1494	  1000	76.6	146.4	 512	unbonded
1495	  1000	74.9	144.9	 511	unbonded
1496	  1000	76.5	146.6	 521	unbonded
1497	  1000	75.5	144.8	 533	unbonded
1498	  1000	76.0	146.3	 530	unbonded
1499	  1000	75.0	143.7	 526	unbonded
1500	     0	77.0	146.9	 529	OK
1501	  1000	74.6	145.1	 528	unbonded
1502	  1000	75.2	143.4	 526	unbonded
1503	     0	77.9	149.3	 522	OK
1504	  1000	75.2	145.2	 527	unbonded
1505	  1000	74.8	143.9	 507	unbonded
1506	     0	76.8	146.1	 534	OK
1507	  1000	76.3	145.5	 521	unbonded
1508	  1000	76.6	147.5	 503	unbonded
1509	  1000	73.6	143.5	 513	unbonded
1510	  1000	77.4	147.6	 513	unbonded
1511	  1000	77.9	148.2	 510	unbonded
1512	  1000	75.5	146.0	 515	unbonded
1513	  1000	76.0	145.9	 491	unbonded
1514	  1000	75.9	144.0	 499	unbonded
1515	  1000	76.1	145.0	 520	unbonded
1516	  1000	77.8	149.2	 507	unbonded
1517	  1000	77.1	147.5	 515	unbonded
1518	     0	78.6	149.3	 526	OK
1519	  1000	74.7	143.5	 513	unbonded
1520	  1000	76.4	146.1	 495	unbonded
1521	  1000	76.7	148.2	 517	unbonded
1522	  1000	77.6	148.2	 502	unbonded
1523	  1000	78.0	149.2	 518	unbonded
1524	  1000	75.9	146.8	 512	unbonded
1525	  1000	76.2	147.0	 528	unbonded
1526	  1000	76.5	147.6	 528	unbonded
1527	     0	79.0	152.9	 519	OK
1528	  1000	76.8	146.8	 506	unbonded
1529	  1000	78.0	148.5	 512	unbonded
1530	  1000	76.3	145.6	 511	unbonded
1531	  1000	76.8	147.0	 510	unbonded
1532	  1000	77.4	149.5	 515	unbonded
1533	     0	79.3	150.1	 521	OK
1534	  1000	78.5	149.3	 510	unbonded
1535	  1000	77.4	147.5	 514	unbonded
1536	     0	80.8	154.2	 512	OK
1537	  1000	79.2	152.3	 512	unbonded
1538	  1000	76.4	145.7	 519	unbonded
1539	  1000	81.5	153.3	 499	unbonded
1540	  1000	78.9	149.8	 496	unbonded
1541	  1000	75.8	144.9	 517	unbonded
1542	     0	77.7	146.4	 525	OK
1543	     0	79.4	149.3	 516	OK
1544	  1000	76.0	145.6	 503	unbonded
1545	  1000	77.3	148.7	 505	unbonded
1546	  1000	78.6	150.4	 489	unbonded
1547	  1000	76.3	146.4	 517	unbonded
1548	  1000	79.2	149.0	 497	unbonded
1549	  1000	76.8	146.7	 489	unbonded
1550	  1000	79.3	149.6	 512	unbonded
1551	  1000	79.3	150.8	 501	unbonded
1552	  1000	78.7	149.9	 498	unbonded
1553	  1000	79.6	152.1	 499	unbonded
1554	  1000	78.8	150.0	 506	unbonded
1555	  1000	77.6	145.7	 488	unbonded
1556	  1000	79.7	151.3	 492	unbonded
1557	  1000	77.9	149.2	 495	unbonded
1558	  1000	78.1	148.5	 490	unbonded
1559	  1000	79.1	150.0	 501	unbonded
1560	  1000	80.5	152.4	 499	unbonded
1561	  1000	79.0	151.6	 503	unbonded
1562	     0	76.8	146.5	 529	OK
1563	  1000	75.6	144.9	 497	unbonded
1564	  1000	78.5	149.6	 498	unbonded
1565	  1000	77.5	148.0	 504	unbonded
1566	  1000	78.4	148.5	 509	unbonded
1567	     0	81.4	153.5	 511	OK
1568	  1000	77.7	148.4	 517	unbonded
1569	     0	80.6	154.0	 520	OK
1570	  1000	78.1	149.0	 499	unbonded
1571	  1000	77.5	146.4	 521	unbonded
1572	  1000	79.0	149.2	 495	unbonded
1573	     0	78.8	147.5	 523	OK
1574	  1000	77.3	148.8	 495	unbonded
1575	  1000	78.9	148.6	 508	unbonded
1576	  1000	78.9	150.6	 510	unbonded
1577	     0	78.9	150.7	 521	OK
1578	  1000	79.0	151.2	 491	unbonded
1579	     0	80.0	152.9	 516	OK
1580	  1000	79.0	151.9	 514	unbonded
1581	  1000	79.3	151.9	 505	unbonded
1582	  1000	77.8	147.4	 499	unbonded
1583	  1000	78.8	150.7	 514	unbonded
1584	     0	79.5	152.0	 519	OK
1585	  1000	78.0	147.6	 516	unbonded
1586	  1000	75.4	145.6	 497	unbonded
1587	  1000	79.2	150.0	 501	unbonded
1588	     0	79.4	150.0	 514	OK
1589	     0	78.9	147.7	 518	OK
1590	  1000	78.6	150.2	 494	unbonded
1591	  1000	78.4	149.1	 509	unbonded
1592	  1000	77.5	147.3	 500	unbonded
1593	  1000	77.8	149.6	 505	unbonded
1594	  1000	78.1	147.0	 495	unbonded
1595	  1000	77.3	148.7	 519	unbonded
1596	  1000	77.2	147.3	 520	unbonded
1597	     0	80.4	153.7	 516	OK
1598	  1000	79.5	152.8	 507	unbonded
1599	  1000	79.3	152.2	 498	unbonded
1600	  1000	77.5	149.9	 505	unbonded
1601	  1000	78.3	150.4	 507	unbonded
1602	     0	79.5	153.5	 523	OK
1603	  1000	74.7	145.0	 503	unbonded
1604	  1000	78.3	149.1	 497	unbonded
1605	  1000	77.9	150.4	 505	unbonded
1606	  1000	77.3	148.6	 514	unbonded
1607	     0	78.5	148.4	 521	OK
1608	  1000	77.5	147.2	 508	unbonded
1609	  1000	77.3	148.8	 519	unbonded
1610	  1000	76.5	147.9	 517	unbonded
1611	  1000	77.7	150.2	 513	unbonded
1612	  1000	76.6	146.2	 508	unbonded
1613	  1000	76.9	148.1	 512	unbonded
1614	  1000	76.2	145.2	 514	unbonded
1615	  1000	76.8	149.0	 497	unbonded
1616	  1000	77.8	148.4	 522	unbonded
1617	  1000	76.2	148.7	 514	unbonded
1618	  1000	77.2	147.2	 502	unbonded
1619	  1000	76.8	147.7	 503	unbonded
1620	  1000	77.4	147.1	 513	unbonded
1621	  1000	77.6	149.6	 513	unbonded
1622	  1000	78.0	148.9	 505	unbonded
1623	  1000	78.6	148.4	 503	unbonded
1624	  1000	75.7	143.4	 506	unbonded
1625	  1000	76.4	146.8	 520	unbonded
1626	  1000	77.5	148.1	 500	unbonded
1627	  1000	76.8	146.7	 503	unbonded
1628	  1000	75.9	146.0	 515	unbonded
1629	  1000	78.0	149.1	 491	unbonded
1630	  1000	78.8	150.3	 503	unbonded
1631	     0	77.8	147.7	 523	OK
1632	  1000	77.0	146.6	 512	unbonded
1633	  1000	75.4	147.3	 518	unbonded
1634	  1000	77.1	145.5	 517	unbonded
1635	  1000	78.4	149.0	 504	unbonded
1636	  1000	77.1	147.0	 502	unbonded
1637	     0	76.9	148.1	 533	OK
1638	  1000	76.3	146.1	 497	unbonded
1639	  1000	76.9	148.2	 522	unbonded
1640	  1000	77.3	147.8	 485	unbonded
1641	  1000	78.1	150.1	 505	unbonded
1642	  1000	77.7	149.0	 500	unbonded
1643	  1000	77.6	148.2	 506	unbonded
1644	     0	80.2	154.3	 528	OK
1645	  1000	77.8	148.6	 509	unbonded
1646	  1000	78.4	150.6	 504	unbonded
1647	  1000	75.7	145.5	 497	unbonded
1648	     0	81.0	157.3	 507	OK
1649	  1000	75.7	145.3	 515	unbonded
1650	     0	80.0	153.7	 516	OK
1651	  1000	78.1	148.7	 502	unbonded
1652	  1000	79.0	151.9	 511	unbonded
1653	  1000	78.0	150.1	 494	unbonded
1654	     0	79.3	151.9	 514	OK
1655	  1000	77.9	150.0	 515	unbonded
1656	  1000	77.0	148.9	 505	unbonded
1657	  1000	78.0	148.5	 515	unbonded
1658	  1000	77.4	149.8	 512	unbonded
1659	  1000	77.7	149.5	 497	unbonded
1660	  1000	77.4	148.3	 508	unbonded
1661	  1000	79.8	152.9	 498	unbonded
1662	  1000	76.8	148.7	 517	unbonded
1663	  1000	78.7	150.9	 508	unbonded
1664	     0	79.2	152.2	 514	OK
1665	  1000	78.9	149.8	 503	unbonded
1666	  1000	76.3	145.2	 499	unbonded
1667	  1000	78.9	151.4	 510	unbonded
1668	  1000	77.6	146.9	 505	unbonded
1669	  1000	76.9	146.4	 521	unbonded
1670	  1000	77.9	147.5	 495	unbonded
1671	  1000	77.1	148.7	 519	unbonded
1672	  1000	76.5	147.1	 501	unbonded
1673	  1000	78.3	149.3	 504	unbonded
1674	  1000	78.9	149.4	 498	unbonded
1675	  1000	78.4	148.7	 493	unbonded
1676	     0	78.8	149.5	 522	OK
1677	     0	78.7	148.2	 526	OK
1678	  1000	76.9	147.1	 501	unbonded
1679	  1000	75.7	145.3	 513	unbonded
1680	  1000	78.1	148.2	 515	unbonded
1681	  1000	78.1	148.1	 511	unbonded
1682	  1000	77.8	149.1	 502	unbonded
1683	     0	79.6	152.1	 520	OK
1684	  1000	78.2	148.3	 509	unbonded
1685	  1000	77.6	147.0	 502	unbonded
1686	     0	77.6	147.9	 525	OK
1687	  1000	77.7	148.3	 504	unbonded
1688	  1000	77.8	148.6	 488	unbonded
1689	  1000	78.6	149.1	 498	unbonded
1690	  1000	75.8	146.3	 529	unbonded
1691	  1000	76.0	145.7	 510	unbonded
1692	  1000	77.3	146.7	 498	unbonded
1693	  1000	76.6	145.0	 499	unbonded
1694	  1000	76.7	147.1	 508	unbonded
1695	  1000	77.1	146.8	 509	unbonded
1696	  1000	77.4	148.2	 494	unbonded
1697	  1000	77.8	150.3	 499	unbonded
1698	     0	78.8	149.1	 517	OK
1699	  1000	78.9	151.5	 500	unbonded
1700	  1000	76.5	146.4	 518	unbonded
1701	  1000	77.0	148.0	 500	unbonded
1702	  1000	77.8	148.1	 496	unbonded
1703	  1000	77.0	148.1	 500	unbonded
1704	  1000	76.6	147.0	 506	unbonded
1705	  1000	77.5	148.8	 508	unbonded
1706	  1000	77.2	147.1	 507	unbonded
1707	  1000	78.8	152.2	 497	unbonded
1708	  1000	78.8	151.9	 502	unbonded
1709	  1000	77.7	149.3	 517	unbonded
1710	  1000	75.6	145.7	 510	unbonded
1711	  1000	75.7	144.0	 490	unbonded
1712	  1000	76.7	145.1	 523	unbonded
1713	  1000	78.1	148.5	 505	unbonded
1714	  1000	78.7	150.0	 497	unbonded
1715	  1000	78.6	152.2	 500	unbonded
1716	  1000	78.1	148.7	 515	unbonded
1717	  1000	76.8	145.7	 527	unbonded
1718	  1000	77.1	146.6	 509	unbonded
1719	     0	79.3	150.3	 522	OK
1720	     0	77.4	148.5	 527	OK
1721	     0	79.5	151.5	 519	OK
1722	  1000	79.7	153.1	 502	unbonded
1723	  1000	77.6	148.4	 513	unbonded
1724	     0	79.3	151.2	 516	OK
1725	  1000	78.3	148.7	 495	unbonded
1726	     0	78.9	149.9	 519	OK
1727	     0	79.2	151.0	 515	OK
1728	  1000	78.6	149.7	 506	unbonded
1729	  1000	78.6	152.4	 494	unbonded
1730	  1000	77.6	148.0	 509	unbonded
1731	  1000	77.6	149.6	 501	unbonded
1732	  1000	77.4	146.9	 508	unbonded
1733	     0	79.9	153.5	 521	OK
1734	     0	79.0	152.9	 516	OK
1735	  1000	76.9	147.1	 507	unbonded
1736	     0	80.3	154.0	 510	OK
1737	  1000	76.1	144.6	 498	unbonded
1738	     0	77.8	148.8	 527	OK
1739	  1000	77.3	147.2	 516	unbonded
1740	     0	79.4	152.8	 519	OK
1741	     0	78.9	149.2	 517	OK
1742	  1000	78.6	149.7	 494	unbonded
1743	  1000	79.5	152.4	 499	unbonded
1744	  1000	76.6	145.2	 501	unbonded
1745	  1000	78.7	151.1	 515	unbonded
1746	  1000	77.5	147.6	 513	unbonded
1747	  1000	77.5	147.4	 512	unbonded
1748	  1000	77.8	148.6	 486	unbonded
1749	  1000	79.0	150.0	 494	unbonded
1750	  1000	77.7	149.9	 517	unbonded
1751	  1000	78.3	149.2	 518	unbonded
1752	  1000	79.4	150.9	 507	unbonded
1753	  1000	78.1	149.6	 500	unbonded
1754	  1000	77.7	148.9	 498	unbonded
1755	  1000	78.9	149.7	 496	unbonded
1756	  1000	79.7	150.6	 489	unbonded
1757	  1000	76.7	146.4	 475	unbonded
1758	  1000	78.9	150.5	 491	unbonded
1759	  1000	77.6	148.4	 510	unbonded
1760	     0	79.5	153.1	 515	OK
1761	  1000	79.6	152.0	 510	unbonded
1762	  1000	79.0	149.9	 512	unbonded
1763	  1000	77.5	147.9	 511	unbonded
1764	  1000	77.9	148.1	 510	unbonded
1765	  1000	78.1	151.6	 502	unbonded
1766	  1000	77.4	147.4	 507	unbonded
1767	  1000	77.9	150.1	 510	unbonded
1768	  1000	77.9	149.6	 502	unbonded
1769	  1000	76.9	147.4	 490	unbonded
1770	     0	79.6	152.5	 511	OK
1771	  1000	80.0	151.2	 501	unbonded
1772	  1000	79.5	152.8	 496	unbonded
1773	  1000	77.0	145.5	 493	unbonded
1774	  1000	80.8	152.0	 501	unbonded
1775	  1000	79.0	150.3	 500	unbonded
1776	  1000	75.6	145.9	 497	unbonded
1777	  1000	79.8	153.8	 490	unbonded
1778	  1000	78.4	150.2	 491	unbonded
1779	  1000	78.8	150.6	 500	unbonded
1780	  1000	77.8	149.3	 495	unbonded
1781	  1000	79.1	152.2	 509	unbonded
1782	  1000	80.5	154.0	 502	unbonded
1783	  1000	78.5	148.2	 503	unbonded
1784	  1000	79.0	150.2	 514	unbonded
1785	  1000	78.7	148.7	 490	unbonded
1786	  1000	79.7	153.1	 486	unbonded
1787	  1000	79.0	150.8	 475	unbonded
1788	  1000	80.5	152.5	 498	unbonded
1789	     0	81.6	154.9	 500	OK
1790	  1000	79.3	153.1	 503	unbonded
1791	  1000	81.5	154.8	 496	unbonded
1792	  1000	74.8	142.4	 525	unbonded
1793	  1000	74.9	143.6	 526	unbonded
1794	  1000	75.8	145.7	 527	unbonded
1795	  1000	75.8	145.2	 530	unbonded
1796	  1000	74.0	142.6	 510	unbonded
1797	  1000	75.3	141.8	 532	unbonded
1798	  1000	73.6	141.4	 520	unbonded
1799	  1000	74.5	144.6	 542	unbonded
1800	  1000	75.4	143.8	 516	unbonded
1801	  1000	76.5	145.5	 505	unbonded
1802	  1000	75.7	146.5	 516	unbonded
1803	  1000	74.4	143.1	 505	unbonded
1804	  1000	76.6	146.9	 526	unbonded
1805	  1000	73.4	141.1	 524	unbonded
1806	  1000	75.5	145.0	 535	unbonded
1807	  1000	77.2	144.6	 514	unbonded
1808	  1000	76.0	143.6	 521	unbonded
1809	  1000	76.3	144.8	 520	unbonded
1810	  1000	72.5	139.8	 522	unbonded
1811	  1000	76.4	144.3	 510	unbonded
1812	  1000	75.8	145.2	 519	unbonded
1813	     0	77.0	146.1	 528	OK
1814	  1000	75.8	142.8	 510	unbonded
1815	  1000	73.1	140.4	 499	unbonded
1816	  1000	73.7	140.6	 531	unbonded
1817	     0	77.3	147.8	 531	OK
1818	  1000	75.2	142.2	 515	unbonded
1819	  1000	76.0	144.5	 521	unbonded
1820	  1000	77.1	145.3	 505	unbonded
1821	  1000	75.0	143.2	 518	unbonded
1822	  1000	72.7	140.3	 523	unbonded
1823	  1000	74.2	143.0	 517	unbonded
1824	  1000	75.8	143.0	 525	unbonded
1825	  1000	76.0	145.8	 522	unbonded
1826	  1000	73.2	141.7	 521	unbonded
1827	  1000	75.0	144.0	 521	unbonded
1828	  1000	76.1	143.4	 523	unbonded
1829	  1000	72.6	138.9	 533	unbonded
1830	  1000	76.8	147.6	 511	unbonded
1831	  1000	74.9	144.3	 535	unbonded
1832	  1000	75.6	144.9	 528	unbonded
1833	  1000	73.5	139.4	 521	unbonded
1834	  1000	76.8	145.0	 519	unbonded
1835	  1000	73.9	143.3	 497	unbonded
1836	  1000	77.3	145.9	 525	unbonded
1837	  1000	76.4	144.4	 517	unbonded
1838	  1000	74.4	141.8	 523	unbonded
1839	  1000	75.3	143.4	 509	unbonded
1840	  1000	74.9	144.0	 522	unbonded
1841	  1000	75.5	144.6	 530	unbonded
1842	  1000	75.9	144.7	 518	unbonded
1843	  1000	73.8	141.9	 515	unbonded
1844	  1000	75.4	143.5	 510	unbonded
1845	  1000	72.9	139.3	 537	unbonded
1846	  1000	75.3	143.2	 533	unbonded
1847	  1000	75.0	141.3	 535	unbonded
1848	  1000	74.5	144.5	 532	unbonded
1849	  1000	74.8	141.9	 520	unbonded
1850	  1000	73.4	141.1	 533	unbonded
1851	     0	75.3	144.9	 541	OK
1852	     0	76.8	147.6	 532	OK
1853	  1000	75.3	145.0	 538	unbonded
1854	  1000	74.0	142.0	 523	unbonded
1855	  1000	76.0	144.7	 516	unbonded
1856	  1000	74.6	143.3	 523	unbonded
1857	  1000	74.1	141.4	 520	unbonded
1858	  1000	74.5	143.0	 534	unbonded
1859	  1000	76.4	147.7	 516	unbonded
1860	  1000	76.3	147.5	 531	unbonded
1861	  1000	75.2	144.1	 518	unbonded
1862	  1000	74.8	144.2	 538	unbonded
1863	  1000	75.7	144.2	 507	unbonded
1864	  1000	76.2	144.8	 520	unbonded
1865	  1000	75.8	146.1	 528	unbonded
1866	  1000	75.8	145.4	 534	unbonded
1867	  1000	74.4	139.9	 523	unbonded
1868	  1000	75.7	145.2	 532	unbonded
1869	  1000	75.4	145.5	 524	unbonded
1870	  1000	74.2	142.3	 527	unbonded
1871	  1000	72.9	140.6	 525	unbonded
1872	  1000	73.5	141.8	 541	unbonded
1873	  1000	74.0	142.0	 524	unbonded
1874	  1000	75.0	141.9	 516	unbonded
1875	  1000	74.5	141.7	 515	unbonded
1876	     0	78.3	147.6	 527	OK
1877	  1000	74.7	142.2	 527	unbonded
1878	  1000	75.1	145.0	 511	unbonded
1879	  1000	74.3	142.8	 528	unbonded
1880	  1000	75.7	146.3	 536	unbonded
1881	  1000	73.8	140.4	 531	unbonded
1882	  1000	73.4	141.1	 520	unbonded
1883	  1000	75.8	144.5	 535	unbonded
1884	  1000	74.5	141.8	 516	unbonded
1885	  1000	75.0	144.1	 534	unbonded
1886	  1000	76.9	147.3	 520	unbonded
1887	  1000	73.5	141.3	 531	unbonded
1888	  1000	72.6	139.1	 515	unbonded
1889	  1000	74.1	141.5	 532	unbonded
1890	  1000	73.1	139.4	 516	unbonded
1891	  1000	72.9	140.0	 513	unbonded
1892	  1000	74.3	143.1	 538	unbonded
1893	  1000	75.0	145.6	 526	unbonded
1894	  1000	74.4	142.1	 527	unbonded
1895	  1000	74.4	142.5	 518	unbonded
1896	  1000	75.2	143.9	 519	unbonded
1897	  1000	75.0	143.3	 529	unbonded
1898	  1000	74.9	144.2	 525	unbonded
1899	  1000	77.2	145.2	 526	unbonded
1900	  1000	75.5	144.9	 532	unbonded
1901	  1000	73.0	140.1	 521	unbonded
1902	  1000	77.7	147.9	 496	unbonded
1903	  1000	75.5	144.3	 519	unbonded
1904	  1000	75.8	144.9	 523	unbonded
1905	  1000	75.5	145.5	 516	unbonded
1906	  1000	76.3	145.4	 518	unbonded
1907	  1000	73.8	141.7	 523	unbonded
1908	  1000	72.9	140.2	 518	unbonded
1909	  1000	74.0	141.2	 521	unbonded
1910	  1000	73.4	140.7	 524	unbonded
1911	  1000	75.2	144.1	 518	unbonded
1912	  1000	75.5	145.1	 535	unbonded
1913	  1000	74.4	143.4	 506	unbonded
1914	     0	76.8	146.5	 537	OK
1915	  1000	75.8	144.2	 504	unbonded
1916	     0	76.6	146.7	 535	OK
1917	  1000	72.7	141.5	 532	unbonded
1918	  1000	76.5	148.2	 505	unbonded
1919	  1000	74.9	144.5	 530	unbonded
1920	     0	77.2	148.4	 529	OK
1921	     0	77.5	147.9	 531	OK
1922	  1000	77.3	146.7	 516	unbonded
1923	  1000	79.7	151.8	 509	unbonded
1924	     0	76.6	148.2	 537	OK
1925	  1000	76.5	148.0	 528	unbonded
1926	  1000	77.9	149.5	 520	unbonded
1927	     0	77.4	149.9	 530	OK
1928	     0	77.1	148.2	 533	OK
1929	  1000	76.6	147.6	 514	unbonded
1930	     0	77.7	148.3	 529	OK
1931	     0	78.0	149.5	 533	OK
1932	  1000	77.8	150.9	 518	unbonded
1933	     0	79.2	151.8	 529	OK
1934	  1000	78.0	147.6	 516	unbonded
1935	     0	80.3	152.2	 524	OK
1936	     0	78.8	151.2	 519	OK
1937	     0	78.7	148.9	 539	OK
1938	  1000	76.5	146.4	 522	unbonded
1939	  1000	77.4	149.0	 512	unbonded
1940	     0	76.7	144.8	 530	OK
1941	  1000	75.7	144.1	 504	unbonded
1942	  1000	78.7	151.0	 514	unbonded
1943	  1000	76.6	145.6	 522	unbonded
1944	  1000	77.4	148.3	 506	unbonded
1945	     0	78.4	148.5	 522	OK
1946	  1000	73.8	142.1	 540	unbonded
1947	     0	78.3	151.2	 533	OK
1948	  1000	76.6	146.3	 526	unbonded
1949	  1000	77.2	147.7	 511	unbonded
1950	  1000	75.1	143.8	 529	unbonded
1951	  1000	78.9	148.6	 503	unbonded
1952	     0	78.4	148.3	 531	OK
1953	     0	76.4	146.9	 535	OK
1954	  1000	74.7	142.7	 520	unbonded
1955	     0	77.0	147.5	 529	OK
1956	  1000	75.8	147.1	 519	unbonded
1957	  1000	75.6	145.0	 528	unbonded
1958	     0	77.4	148.6	 529	OK
1959	  1000	77.7	148.2	 513	unbonded
1960	  1000	74.8	143.6	 525	unbonded
1961	  1000	78.4	148.4	 516	unbonded
1962	  1000	75.6	144.8	 526	unbonded
1963	  1000	76.7	147.9	 523	unbonded
1964	  1000	77.7	147.9	 514	unbonded
1965	  1000	76.8	146.3	 525	unbonded
1966	     0	76.5	146.5	 535	OK
1967	     0	78.4	149.5	 519	OK
1968	  1000	77.5	148.7	 524	unbonded
1969	  1000	75.4	144.5	 505	unbonded
1970	  1000	75.5	146.2	 508	unbonded
1971	     0	77.5	149.0	 529	OK
1972	  1000	75.9	143.7	 517	unbonded
1973	     0	78.3	149.3	 532	OK
1974	     0	77.5	145.6	 532	OK
1975	  1000	80.3	152.7	 504	unbonded
1976	  1000	78.2	151.4	 506	unbonded
1977	     0	77.3	147.9	 526	OK
1978	     0	78.8	150.0	 519	OK
1979	     0	77.5	148.0	 535	OK
1980	  1000	76.8	146.6	 517	unbonded
1981	     0	78.6	150.5	 521	OK
1982	     0	80.3	153.5	 514	OK
1983	     0	77.6	147.6	 525	OK
1984	  1000	75.1	144.3	 513	unbonded
1985	     0	78.7	150.5	 538	OK
1986	  1000	78.2	149.4	 515	unbonded
1987	  1000	77.3	148.0	 519	unbonded
1988	  1000	76.3	146.7	 519	unbonded
1989	     0	77.7	149.5	 525	OK
1990	  1000	78.2	150.0	 512	unbonded
1991	  1000	75.9	146.9	 524	unbonded
1992	  1000	77.8	150.1	 512	unbonded
1993	     0	77.6	147.1	 529	OK
1994	     0	77.8	149.2	 536	OK
1995	  1000	76.0	145.4	 520	unbonded
1996	  1000	75.7	145.1	 518	unbonded
1997	  1000	76.7	148.8	 521	unbonded
1998	  1000	78.0	148.5	 519	unbonded
1999	     0	79.5	151.3	 519	OK
2000	  1000	75.7	144.9	 519	unbonded
2001	  1000	74.6	145.2	 528	unbonded
2002	     0	78.5	151.6	 524	OK
2003	  1000	77.9	149.3	 507	unbonded
2004	  1000	78.0	150.3	 500	unbonded
2005	  1000	77.3	149.7	 513	unbonded
2006	  1000	75.7	144.9	 509	unbonded
2007	     0	80.8	151.6	 517	OK
2008	  1000	76.7	148.4	 499	unbonded
2009	  1000	77.6	149.9	 516	unbonded
2010	  1000	78.2	150.0	 513	unbonded
2011	  1000	75.1	143.4	 518	unbonded
2012	     0	78.8	151.7	 529	OK
2013	  1000	78.5	150.6	 494	unbonded
2014	  1000	75.2	145.5	 511	unbonded
2015	  1000	77.0	146.8	 514	unbonded
2016	  1000	76.1	148.0	 504	unbonded
2017	  1000	77.4	149.6	 512	unbonded
2018	  1000	75.6	146.5	 513	unbonded
2019	  1000	77.7	149.2	 505	unbonded
2020	  1000	76.4	147.1	 514	unbonded
2021	  1000	78.1	148.7	 509	unbonded
2022	  1000	76.4	146.5	 530	unbonded
2023	     0	77.3	146.7	 527	OK
2024	     0	79.1	152.3	 521	OK
2025	  1000	76.4	146.2	 504	unbonded
2026	  1000	76.7	145.6	 506	unbonded
2027	  1000	78.1	147.7	 489	unbonded
2028	  1000	78.2	149.7	 505	unbonded
2029	  1000	79.0	150.1	 502	unbonded
2030	  1000	78.1	148.4	 518	unbonded
2031	  1000	76.7	146.5	 515	unbonded
2032	  1000	79.3	153.5	 505	unbonded
2033	     0	80.2	153.2	 513	OK
2034	  1000	76.9	146.7	 505	unbonded
2035	  1000	78.5	151.3	 515	unbonded
2036	  1000	78.2	151.6	 515	unbonded
2037	  1000	77.5	147.8	 521	unbonded
2038	     0	79.2	150.4	 516	OK
2039	     0	79.4	151.3	 523	OK
2040	  1000	78.6	149.3	 514	unbonded
2041	     0	79.7	150.5	 512	OK
2042	  1000	77.0	147.5	 504	unbonded
2043	  1000	75.3	143.9	 489	unbonded
2044	  1000	78.4	149.8	 509	unbonded
2045	  1000	78.9	148.5	 498	unbonded
2046	     0	79.2	150.5	 517	OK
2047	  1000	76.3	147.4	 518	unbonded
2048	     0	79.7	149.6	 543	OK
2049	     0	77.6	148.6	 539	OK
2050	     0	79.6	151.7	 525	OK
2051	     0	75.3	142.8	 542	OK
2052	     0	79.8	151.4	 543	OK
2053	     0	75.6	144.1	 547	OK
2054	     0	79.7	150.4	 528	OK
2055	     0	76.6	145.1	 549	OK
2056	  1000	76.1	144.8	 525	unbonded
2057	     0	76.6	147.0	 542	OK
2058	  1000	76.5	146.9	 513	unbonded
2059	     0	77.6	147.4	 545	OK
2060	     0	78.4	149.4	 533	OK
2061	     0	77.5	149.2	 537	OK
2062	  1000	74.7	143.7	 530	unbonded
2063	  1000	77.2	146.2	 521	unbonded
2064	     0	77.5	145.9	 540	OK
2065	  1000	75.4	144.8	 524	unbonded
2066	  1000	75.6	145.5	 526	unbonded
2067	     0	75.0	142.2	 547	OK
2068	     0	77.3	147.5	 542	OK
2069	  1000	76.8	145.7	 528	unbonded
2070	  1000	77.3	145.5	 524	unbonded
2071	     0	75.9	143.6	 551	OK
2072	  1000	74.7	142.9	 532	unbonded
2073	  1000	74.6	143.8	 541	unbonded
2074	     0	77.1	147.8	 546	OK
2075	     0	76.5	144.4	 534	OK
2076	     0	76.3	147.1	 547	OK
2077	     0	77.1	145.8	 533	OK
2078	  1000	76.9	146.4	 528	unbonded
2079	     0	75.1	143.3	 554	OK
2080	     0	78.3	150.8	 542	OK
2081	     0	78.3	148.7	 542	OK
2082	  1000	76.3	144.5	 529	unbonded
2083	  1000	75.4	143.2	 529	unbonded
2084	  1000	75.9	144.1	 526	unbonded
2085	     0	77.5	147.5	 536	OK
2086	  1000	73.7	141.3	 537	unbonded
2087	  1000	75.3	145.3	 530	unbonded
2088	  1000	75.4	142.9	 538	unbonded
2089	     0	74.9	144.3	 545	OK
2090	     0	77.1	145.8	 535	OK
2091	     0	74.4	140.1	 546	OK
2092	     0	77.3	147.7	 540	OK
2093	  1000	76.2	145.1	 525	unbonded
2094	     0	75.4	142.6	 543	OK
2095	  1000	74.1	142.3	 545	unbonded
2096	  1000	74.2	140.2	 528	unbonded
2097	  1000	73.5	140.9	 541	unbonded
2098	  1000	74.6	142.0	 526	unbonded
2099	     0	77.9	148.5	 538	OK
2100	     0	75.5	146.0	 548	OK
2101	     0	76.6	145.5	 539	OK
2102	     0	77.4	146.9	 530	OK
2103	     0	76.5	145.4	 551	OK
2104	     0	77.4	147.2	 525	OK
2105	     0	77.3	146.1	 542	OK
2106	     0	77.5	149.0	 528	OK
2107	  1000	75.0	144.9	 529	unbonded
2108	     0	79.2	150.9	 536	OK
2109	     0	78.0	149.3	 551	OK
2110	     0	77.4	150.1	 539	OK
2111	     0	77.2	147.9	 535	OK
2112	  1000	74.4	143.8	 539	unbonded
2113	     0	76.8	146.4	 547	OK
2114	     0	73.3	141.8	 555	OK
2115	  1000	74.3	142.9	 540	unbonded
2116	     0	76.0	145.8	 537	OK
2117	  1000	75.7	144.3	 529	unbonded
2118	     0	75.7	144.9	 539	OK
2119	  1000	73.8	142.9	 534	unbonded
2120	  1000	76.4	146.9	 529	unbonded
2121	  1000	75.4	145.5	 532	unbonded
2122	     0	76.1	144.9	 539	OK
2123	  1000	73.6	143.1	 543	unbonded
2124	  1000	74.1	141.5	 547	unbonded
2125	  1000	72.8	140.6	 540	unbonded
2126	     0	75.8	145.9	 540	OK
2127	  1000	75.2	144.9	 537	unbonded
2128	  1000	75.9	147.5	 527	unbonded
2129	  1000	73.8	141.8	 528	unbonded
2130	     0	77.7	147.9	 543	OK
2131	  1000	74.0	143.8	 534	unbonded
2132	  1000	72.6	140.8	 526	unbonded
2133	     0	74.9	142.9	 546	OK
2134	  1000	77.1	148.7	 524	unbonded
2135	  1000	75.1	144.0	 526	unbonded
2136	     0	73.5	139.5	 553	OK
2137	  1000	74.4	143.1	 523	unbonded
2138	  1000	73.9	141.9	 516	unbonded
2139	  1000	75.4	146.4	 533	unbonded
2140	     0	74.0	140.9	 551	OK
2141	     0	74.7	143.5	 553	OK
2142	  1000	74.3	141.2	 543	unbonded
2143	  1000	73.6	140.3	 530	unbonded
2144	     0	74.2	143.8	 551	OK
2145	     0	76.6	147.1	 536	OK
2146	  1000	73.7	142.5	 537	unbonded
2147	  1000	73.3	139.7	 552	unbonded
2148	  1000	73.6	140.8	 530	unbonded
2149	  1000	74.0	143.1	 537	unbonded
2150	  1000	73.2	139.8	 535	unbonded
2151	     0	74.9	143.5	 557	OK
2152	  1000	73.4	141.8	 544	unbonded
2153	  1000	74.2	145.0	 516	unbonded
2154	  1000	75.5	143.8	 526	unbonded
2155	  1000	74.5	142.4	 529	unbonded
2156	  1000	73.3	139.9	 536	unbonded
2157	  1000	73.2	142.6	 518	unbonded
2158	  1000	75.0	145.2	 533	unbonded
2159	  1000	75.2	143.6	 534	unbonded
2160	  1000	74.8	143.4	 538	unbonded
2161	  1000	72.9	139.2	 533	unbonded
2162	  1000	72.8	139.5	 524	unbonded
2163	  1000	73.5	141.2	 539	unbonded
2164	  1000	73.3	141.8	 539	unbonded
2165	  1000	74.1	143.9	 544	unbonded
2166	  1000	72.6	140.4	 539	unbonded
2167	  1000	75.3	142.9	 524	unbonded
2168	     0	76.0	145.6	 542	OK
2169	  1000	75.8	145.2	 530	unbonded
2170	  1000	74.7	143.6	 524	unbonded
2171	     0	75.6	145.9	 539	OK
2172	  1000	75.1	142.2	 527	unbonded
2173	     0	76.9	148.0	 541	OK
2174	  1000	74.1	143.1	 520	unbonded
2175	  1000	72.1	138.3	 536	unbonded
2176	  1000	77.8	147.3	 518	unbonded
2177	  1000	77.2	146.9	 520	unbonded
2178	     0	79.0	147.7	 523	OK
2179	     0	80.5	154.3	 534	OK
2180	     0	78.8	151.6	 524	OK
2181	     0	78.0	146.3	 546	OK
2182	     0	77.7	146.9	 526	OK
2183	     0	79.1	148.8	 515	OK
2184	  1000	78.9	150.5	 512	unbonded
2185	     0	77.7	147.2	 548	OK
2186	     0	77.1	144.2	 536	OK
2187	  1000	76.7	144.7	 521	unbonded
2188	     0	79.0	150.4	 525	OK
2189	     0	76.9	144.7	 528	OK
2190	  1000	78.9	149.6	 514	unbonded
2191	  1000	77.4	147.4	 516	unbonded
2192	     0	77.6	147.4	 534	OK
2193	     0	77.9	148.9	 526	OK
2194	  1000	74.4	141.1	 541	unbonded
2195	  1000	76.4	146.6	 526	unbonded
2196	  1000	76.2	145.2	 522	unbonded
2197	     0	78.7	150.6	 517	OK
2198	  1000	78.7	149.3	 506	unbonded
2199	     0	79.1	148.1	 533	OK
2200	     0	76.2	144.8	 534	OK
2201	     0	77.4	146.1	 532	OK
2202	  1000	77.1	145.6	 517	unbonded
2203	     0	78.3	147.2	 531	OK
2204	     0	77.2	146.8	 533	OK
2205	     0	78.0	148.0	 523	OK
2206	  1000	76.8	147.0	 519	unbonded
2207	  1000	76.6	146.5	 529	unbonded
2208	  1000	76.2	145.8	 519	unbonded
2209	     0	78.4	146.2	 521	OK
2210	     0	78.5	148.9	 525	OK
2211	  1000	76.1	144.5	 531	unbonded
2212	  1000	77.8	146.2	 514	unbonded
2213	  1000	78.6	149.6	 516	unbonded
2214	     0	77.9	148.0	 542	OK
2215	  1000	77.5	147.3	 517	unbonded
2216	     0	78.6	149.7	 533	OK
2217	  1000	76.4	146.7	 516	unbonded
2218	     0	78.2	148.6	 542	OK
2219	     0	76.8	146.5	 531	OK
2220	  1000	76.8	145.6	 527	unbonded
2221	  1000	74.9	143.6	 512	unbonded
2222	  1000	76.3	146.6	 524	unbonded
2223	     0	77.7	145.5	 538	OK
2224	     0	77.4	146.9	 529	OK
2225	  1000	74.6	143.5	 509	unbonded
2226	  1000	75.9	144.7	 518	unbonded
2227	     0	78.3	151.0	 522	OK
2228	  1000	75.3	144.5	 520	unbonded
2229	  1000	76.1	143.4	 524	unbonded
2230	     0	77.7	147.8	 534	OK
2231	  1000	78.1	148.5	 506	unbonded
2232	  1000	76.7	147.0	 521	unbonded
2233	     0	77.5	146.9	 538	OK
2234	     0	75.5	142.9	 541	OK
2235	     0	77.0	148.0	 529	OK
2236	  1000	78.4	148.6	 517	unbonded
2237	     0	77.4	147.3	 535	OK
2238	  1000	76.2	146.4	 531	unbonded
2239	  1000	76.3	143.5	 518	unbonded
2240	  1000	77.7	148.3	 515	unbonded
2241	  1000	76.8	146.3	 520	unbonded
2242	     0	79.3	149.8	 527	OK
2243	  1000	76.2	146.1	 509	unbonded
2244	  1000	75.8	143.5	 509	unbonded
2245	  1000	76.7	146.0	 525	unbonded
2246	  1000	75.5	143.7	 533	unbonded
2247	  1000	75.6	144.8	 522	unbonded
2248	  1000	76.9	145.1	 518	unbonded
2249	  1000	77.0	146.2	 522	unbonded
2250	  1000	74.7	142.4	 516	unbonded
2251	  1000	74.9	142.8	 513	unbonded
2252	  1000	77.0	146.4	 515	unbonded
2253	  1000	75.5	142.4	 512	unbonded
2254	  1000	76.8	145.0	 507	unbonded
2255	  1000	75.7	143.7	 518	unbonded
2256	  1000	76.2	144.3	 530	unbonded
2257	  1000	76.9	143.5	 513	unbonded
2258	  1000	77.4	147.9	 515	unbonded
2259	  1000	75.8	143.2	 518	unbonded
2260	  1000	75.8	143.5	 509	unbonded
2261	  1000	76.7	145.2	 499	unbonded
2262	  1000	77.5	146.5	 497	unbonded
2263	  1000	74.1	142.5	 505	unbonded
2264	  1000	75.2	143.2	 520	unbonded
2265	  1000	76.3	144.3	 514	unbonded
2266	  1000	75.8	144.7	 503	unbonded
2267	  1000	76.3	143.9	 522	unbonded
2268	  1000	75.9	145.0	 516	unbonded
2269	  1000	76.1	145.6	 508	unbonded
2270	  1000	77.0	145.1	 495	unbonded
2271	  1000	75.8	144.8	 509	unbonded
2272	  1000	76.4	146.8	 512	unbonded
2273	  1000	77.1	146.2	 513	unbonded
2274	  1000	77.2	147.6	 506	unbonded
2275	  1000	76.1	144.5	 518	unbonded
2276	  1000	74.8	140.5	 517	unbonded
2277	  1000	74.5	142.8	 490	unbonded
2278	  1000	74.9	141.8	 491	unbonded
2279	  1000	77.7	148.5	 517	unbonded
2280	  1000	75.7	144.3	 513	unbonded
2281	  1000	76.6	143.5	 520	unbonded
2282	  1000	74.6	143.1	 510	unbonded
2283	  1000	75.9	144.8	 508	unbonded
2284	  1000	77.6	146.2	 521	unbonded
2285	  1000	75.9	144.0	 514	unbonded
2286	  1000	76.3	144.1	 507	unbonded
2287	  1000	75.5	143.1	 512	unbonded
2288	  1000	76.1	145.7	 499	unbonded
2289	  1000	75.8	144.0	 509	unbonded
2290	  1000	75.5	144.4	 518	unbonded
2291	  1000	75.0	143.0	 513	unbonded
2292	  1000	75.1	144.2	 490	unbonded
2293	  1000	78.3	149.7	 508	unbonded
2294	  1000	77.8	145.5	 515	unbonded
2295	  1000	77.2	144.8	 511	unbonded
2296	  1000	75.1	143.5	 506	unbonded
2297	  1000	76.2	144.9	 520	unbonded
2298	  1000	75.8	143.6	 509	unbonded
2299	  1000	75.9	145.5	 501	unbonded
2300	  1000	78.2	148.7	 510	unbonded
2301	  1000	78.0	146.7	 483	unbonded
2302	  1000	78.1	148.9	 512	unbonded
2303	  1000	76.2	145.7	 510	unbonded
2304	     0	78.8	150.8	 577	OK
2305	     0	79.0	148.0	 555	OK
2306	     0	77.8	148.6	 565	OK
2307	     0	76.2	144.6	 572	OK
2308	     0	77.3	145.7	 561	OK
2309	     0	77.5	146.2	 577	OK
2310	     0	79.4	151.3	 558	OK
2311	     0	76.4	146.7	 568	OK
2312	     0	75.6	144.7	 566	OK
2313	     0	75.6	143.6	 561	OK
2314	     0	77.7	148.3	 555	OK
2315	     0	78.7	149.5	 586	OK
2316	     0	74.8	143.0	 547	OK
2317	     0	77.2	147.2	 566	OK
2318	     0	76.5	145.7	 559	OK
2319	     0	78.1	146.6	 558	OK
2320	     0	75.4	142.7	 577	OK
2321	     0	77.6	145.6	 584	OK
2322	     0	76.1	145.1	 568	OK
2323	     0	76.3	144.6	 559	OK
2324	     0	77.5	146.8	 572	OK
2325	     0	75.8	142.8	 565	OK
2326	     0	76.7	144.3	 550	OK
2327	     0	75.5	143.4	 565	OK
2328	     0	77.4	146.2	 570	OK
2329	     0	79.6	150.2	 558	OK
2330	     0	76.0	143.1	 565	OK
2331	     0	77.0	146.5	 575	OK
2332	     0	77.8	145.5	 555	OK
2333	     0	76.9	144.5	 565	OK
2334	     0	73.8	140.6	 575	OK
2335	     0	76.5	145.3	 566	OK
2336	     0	76.3	144.6	 556	OK
2337	     0	76.5	146.7	 553	OK
2338	     0	78.8	148.0	 561	OK
2339	     0	79.4	150.2	 558	OK
2340	     0	76.3	144.0	 560	OK
2341	     0	74.3	142.4	 563	OK
2342	     0	77.5	148.0	 563	OK
2343	     0	76.1	144.0	 566	OK
2344	     0	75.5	142.7	 563	OK
2345	     0	75.4	144.9	 565	OK
2346	     0	76.3	145.3	 555	OK
2347	     0	76.5	146.0	 573	OK
2348	     0	76.8	144.6	 560	OK
2349	     0	79.8	149.1	 585	OK
2350	     0	77.9	147.8	 560	OK
2351	     0	76.6	147.6	 583	OK
2352	     0	77.1	144.8	 562	OK
2353	     0	76.3	145.4	 564	OK
2354	     0	76.8	146.2	 580	OK
2355	     0	77.3	148.2	 561	OK
2356	     0	77.9	149.5	 583	OK
2357	     0	79.1	148.9	 555	OK
2358	     0	77.3	146.2	 568	OK
2359	     0	79.4	151.0	 574	OK
2360	     0	78.5	147.6	 575	OK
2361	     0	78.8	147.2	 558	OK
2362	     0	78.0	148.1	 580	OK
2363	     0	78.2	150.1	 558	OK
2364	     0	78.6	149.9	 560	OK
2365	     0	76.8	146.6	 564	OK
2366	     0	78.1	148.3	 564	OK
2367	     0	78.8	150.7	 557	OK
2368	     0	77.0	144.5	 552	OK
2369	     0	76.7	144.4	 555	OK
2370	     0	79.7	150.2	 560	OK
2371	     0	75.2	143.6	 559	OK
2372	     0	79.0	150.8	 563	OK
2373	     0	76.1	146.6	 568	OK
2374	     0	76.2	147.3	 560	OK
2375	     0	78.3	148.2	 573	OK
2376	     0	76.7	144.4	 560	OK
2377	     0	76.8	144.7	 556	OK
2378	     0	78.6	148.3	 547	OK
2379	     0	76.8	145.2	 555	OK
2380	     0	77.1	146.5	 563	OK
2381	     0	78.1	147.9	 568	OK
2382	     0	77.3	147.7	 580	OK
2383	     0	77.2	147.5	 564	OK
2384	     0	77.4	145.8	 558	OK
2385	     0	76.6	144.9	 560	OK
2386	     0	76.4	143.7	 571	OK
2387	     0	76.1	144.4	 558	OK
2388	     0	78.7	149.4	 566	OK
2389	     0	75.7	142.7	 572	OK
2390	     0	77.7	148.4	 561	OK
2391	     0	77.0	146.7	 558	OK
2392	     0	77.5	148.7	 548	OK
2393	     0	78.6	148.4	 557	OK
2394	     0	76.5	145.9	 557	OK
2395	     0	75.7	145.1	 541	OK
2396	     0	77.9	148.0	 571	OK
2397	     0	78.9	150.0	 561	OK
2398	     0	76.8	146.5	 558	OK
2399	     0	76.6	146.3	 564	OK
2400	     0	76.8	146.1	 567	OK
2401	     0	77.2	146.5	 554	OK
2402	     0	75.6	144.6	 545	OK
2403	     0	77.6	148.1	 549	OK
2404	     0	76.8	145.6	 567	OK
2405	     0	77.8	146.1	 532	OK
2406	     0	75.3	143.6	 543	OK
2407	     0	77.3	146.7	 559	OK
2408	     0	76.2	145.3	 563	OK
2409	     0	76.5	144.8	 547	OK
2410	     0	76.0	145.4	 568	OK
2411	     0	77.2	145.6	 555	OK
2412	     0	76.9	146.7	 550	OK
2413	     0	78.2	149.0	 566	OK
2414	     0	78.7	147.6	 561	OK
2415	     0	78.5	149.4	 552	OK
2416	     0	76.9	145.5	 560	OK
2417	     0	77.6	146.0	 557	OK
2418	     0	79.0	148.9	 557	OK
2419	     0	77.1	146.6	 562	OK
2420	     0	77.6	147.0	 546	OK
2421	     0	80.1	151.7	 555	OK
2422	     0	77.8	147.7	 541	OK
2423	     0	76.8	145.5	 550	OK
2424	     0	78.2	148.7	 550	OK
2425	     0	79.4	150.1	 564	OK
2426	     0	77.7	146.4	 557	OK
2427	     0	77.2	146.7	 539	OK
2428	     0	79.3	151.2	 553	OK
2429	     0	79.2	151.2	 550	OK
2430	     0	76.3	145.1	 547	OK
2431	     0	78.5	150.4	 553	OK
2432	     0	83.4	157.7	 557	OK
2433	     0	79.6	152.3	 547	OK
2434	     0	83.5	159.8	 558	OK
2435	     0	80.0	152.4	 540	OK
2436	     0	78.3	149.3	 543	OK
2437	     0	80.4	154.0	 535	OK
2438	     0	80.6	154.4	 524	OK
2439	     0	80.4	153.2	 558	OK
2440	     0	82.5	155.2	 538	OK
2441	     0	78.7	148.3	 534	OK
2442	     0	81.2	153.2	 562	OK
2443	     0	78.9	148.9	 545	OK
2444	     0	78.5	149.9	 547	OK
2445	     0	80.9	155.1	 544	OK
2446	     0	78.8	147.8	 548	OK
2447	     0	79.3	151.9	 541	OK
2448	     0	79.6	152.8	 551	OK
2449	     0	78.5	147.3	 533	OK
2450	     0	81.2	153.7	 535	OK
2451	     0	78.7	150.0	 539	OK
2452	     0	80.2	150.8	 553	OK
2453	     0	81.5	155.1	 530	OK
2454	     0	78.9	150.7	 552	OK
2455	     0	80.2	150.5	 532	OK
2456	     0	80.3	152.2	 544	OK
2457	     0	80.2	152.6	 570	OK
2458	     0	79.0	149.0	 537	OK
2459	     0	79.0	149.0	 539	OK
2460	     0	79.3	151.6	 537	OK
2461	     0	79.5	149.7	 542	OK
2462	     0	80.1	151.9	 549	OK
2463	     0	78.2	147.9	 543	OK
2464	     0	81.8	154.0	 550	OK
2465	     0	79.4	152.6	 550	OK
2466	     0	78.8	149.0	 563	OK
2467	     0	77.8	146.3	 552	OK
2468	     0	79.6	150.9	 543	OK
2469	     0	81.5	155.4	 526	OK
2470	     0	77.9	148.3	 558	OK
2471	     0	79.9	151.3	 543	OK
2472	     0	79.2	149.9	 558	OK
2473	     0	78.1	147.6	 560	OK
2474	     0	81.5	152.7	 550	OK
2475	     0	78.9	150.1	 528	OK
2476	     0	81.8	153.7	 539	OK
2477	     0	81.4	155.6	 557	OK
2478	     0	80.2	150.4	 552	OK
2479	     0	80.5	153.3	 569	OK
2480	     0	80.7	152.8	 548	OK
2481	     0	79.1	152.2	 542	OK
2482	     0	77.8	146.8	 539	OK
2483	     0	80.7	153.7	 550	OK
2484	     0	80.4	151.0	 537	OK
2485	     0	78.1	147.1	 553	OK
2486	     0	77.1	145.4	 563	OK
2487	     0	79.5	151.1	 540	OK
2488	     0	77.5	146.5	 551	OK
2489	     0	78.2	148.0	 566	OK
2490	     0	79.3	151.0	 541	OK
2491	     0	81.2	155.5	 557	OK
2492	     0	79.1	149.7	 544	OK
2493	     0	78.7	150.3	 546	OK
2494	     0	77.7	146.6	 548	OK
2495	     0	80.5	152.9	 571	OK
2496	     0	80.0	150.1	 542	OK
2497	     0	79.2	151.6	 556	OK
2498	     0	79.2	151.2	 545	OK
2499	     0	79.6	151.3	 555	OK
2500	     0	78.1	148.4	 565	OK
2501	     0	77.0	145.2	 547	OK
2502	     0	77.3	147.0	 554	OK
2503	     0	77.0	145.6	 544	OK
2504	     0	77.5	148.7	 554	OK
2505	     0	78.6	150.3	 552	OK
2506	     0	78.4	147.5	 544	OK
2507	     0	79.1	151.0	 537	OK
2508	     0	79.1	151.1	 529	OK
2509	     0	79.4	149.9	 557	OK
2510	     0	79.5	149.9	 569	OK
2511	     0	78.8	149.7	 552	OK
2512	     0	78.4	148.8	 577	OK
2513	     0	78.0	150.0	 555	OK
2514	     0	77.9	148.4	 542	OK
2515	     0	77.1	146.8	 537	OK
2516	     0	77.0	147.3	 556	OK
2517	     0	80.4	152.7	 558	OK
2518	     0	80.5	152.7	 559	OK
2519	     0	77.2	147.8	 537	OK
2520	     0	78.6	148.3	 557	OK
2521	     0	78.2	147.5	 559	OK
2522	     0	79.2	151.6	 543	OK
2523	     0	80.1	151.2	 555	OK
2524	     0	80.3	152.4	 550	OK
2525	     0	77.4	146.1	 537	OK
2526	     0	77.9	147.9	 555	OK
2527	     0	77.6	149.0	 551	OK
2528	     0	80.4	153.6	 551	OK
2529	     0	78.1	148.9	 534	OK
2530	     0	76.2	144.9	 569	OK
2531	     0	77.8	149.5	 548	OK
2532	     0	79.1	149.5	 545	OK
2533	     0	77.3	145.8	 550	OK
2534	     0	79.2	149.7	 553	OK
2535	     0	80.2	153.6	 553	OK
2536	     0	78.2	149.6	 558	OK
2537	     0	78.3	150.4	 558	OK
2538	     0	78.9	152.0	 559	OK
2539	     0	78.7	149.6	 563	OK
2540	     0	80.1	151.8	 544	OK
2541	     0	75.0	143.9	 550	OK
2542	     0	77.6	147.9	 532	OK
2543	     0	76.8	144.6	 563	OK
2544	     0	77.7	146.8	 545	OK
2545	     0	77.0	148.3	 550	OK
2546	     0	78.7	148.6	 542	OK
2547	     0	79.1	149.1	 559	OK
2548	     0	76.8	146.3	 553	OK
2549	     0	79.7	151.4	 567	OK
2550	     0	80.8	152.2	 552	OK
2551	     0	78.6	149.9	 532	OK
2552	     0	78.4	148.8	 551	OK
2553	     0	78.6	150.8	 559	OK
2554	     0	79.0	150.2	 564	OK
2555	     0	79.1	148.2	 558	OK
2556	     0	78.6	148.9	 548	OK
2557	     0	77.5	147.2	 543	OK
2558	     0	78.1	151.2	 570	OK
2559	     0	78.2	149.5	 560	OK
2560	     0	79.3	150.7	 560	OK
2561	     0	81.7	156.5	 558	OK
2562	     0	79.0	150.7	 553	OK
2563	     0	80.7	153.0	 537	OK
2564	     0	78.1	149.3	 546	OK
2565	     0	79.3	150.5	 561	OK
2566	     0	79.6	151.7	 554	OK
2567	     0	79.4	150.7	 549	OK
2568	     0	79.1	149.6	 538	OK
2569	     0	81.5	153.8	 548	OK
2570	     0	79.7	152.3	 549	OK
2571	     0	78.9	150.3	 571	OK
2572	     0	81.2	155.2	 533	OK
2573	     0	78.9	150.2	 551	OK
2574	     0	79.8	150.1	 550	OK
2575	     0	80.8	153.7	 541	OK
2576	     0	77.5	146.0	 547	OK
2577	     0	78.5	149.6	 556	OK
2578	     0	79.1	149.3	 554	OK
2579	     0	78.8	149.1	 534	OK
2580	     0	78.4	149.9	 552	OK
2581	     0	80.1	151.8	 547	OK
2582	     0	79.3	151.9	 558	OK
2583	     0	80.6	153.0	 550	OK
2584	     0	78.2	147.7	 542	OK
2585	     0	80.7	155.2	 564	OK
2586	     0	77.1	147.9	 549	OK
2587	     0	79.3	148.7	 554	OK
2588	     0	82.1	153.4	 556	OK
2589	     0	79.9	150.7	 548	OK
2590	     0	78.7	149.4	 555	OK
2591	     0	79.1	148.4	 535	OK
2592	     0	81.3	155.8	 546	OK
2593	     0	80.2	150.0	 544	OK
2594	     0	79.2	149.7	 549	OK
2595	     0	78.8	150.5	 548	OK
2596	     0	78.2	148.3	 556	OK
2597	     0	80.6	152.4	 545	OK
2598	     0	79.6	152.2	 559	OK
2599	     0	79.6	151.3	 553	OK
2600	     0	80.1	150.1	 547	OK
2601	     0	80.7	151.2	 554	OK
2602	     0	79.2	151.8	 557	OK
2603	     0	80.5	152.9	 553	OK
2604	     0	79.3	152.3	 561	OK
2605	     0	80.8	153.9	 539	OK
2606	     0	80.1	152.6	 566	OK
2607	     0	80.0	150.5	 570	OK
2608	     0	78.2	150.5	 547	OK
2609	     0	78.4	148.6	 556	OK
2610	     0	80.8	152.7	 559	OK
2611	     0	80.0	152.4	 547	OK
2612	     0	82.2	156.5	 559	OK
2613	     0	81.2	153.7	 544	OK
2614	     0	79.5	151.2	 545	OK
2615	     0	78.4	148.8	 555	OK
2616	     0	83.0	155.9	 550	OK
2617	     0	81.5	154.5	 556	OK
2618	     0	80.7	153.4	 552	OK
2619	     0	81.5	154.7	 548	OK
2620	     0	80.1	153.1	 546	OK
2621	     0	78.5	149.7	 569	OK
2622	     0	81.1	153.8	 549	OK
2623	     0	81.8	154.3	 534	OK
2624	     0	81.0	153.8	 567	OK
2625	     0	78.7	147.3	 554	OK
2626	     0	81.4	153.4	 547	OK
2627	     0	77.7	149.5	 559	OK
2628	     0	82.0	153.1	 550	OK
2629	     0	80.3	151.1	 553	OK
2630	     0	80.9	153.0	 547	OK
2631	     0	82.0	153.8	 536	OK
2632	     0	77.9	146.8	 538	OK
2633	     0	79.2	148.6	 540	OK
2634	     0	78.5	150.0	 555	OK
2635	     0	80.6	152.5	 537	OK
2636	     0	79.8	153.9	 549	OK
2637	     0	79.3	150.3	 542	OK
2638	     0	80.3	151.3	 543	OK
2639	     0	80.6	152.2	 533	OK
2640	     0	79.8	150.3	 553	OK
2641	     0	81.7	153.6	 560	OK
2642	     0	81.2	152.8	 535	OK
2643	     0	79.3	150.6	 564	OK
2644	     0	81.2	153.1	 544	OK
2645	     0	80.9	152.3	 543	OK
2646	     0	79.6	152.5	 549	OK
2647	     0	80.4	154.2	 550	OK
2648	     0	79.2	149.2	 546	OK
2649	     0	81.5	152.9	 543	OK
2650	     0	79.8	148.5	 552	OK
2651	     0	81.4	153.9	 553	OK
2652	     0	83.7	156.4	 562	OK
2653	     0	80.5	153.2	 539	OK
2654	     0	79.7	150.6	 556	OK
2655	     0	78.8	147.8	 534	OK
2656	     0	78.9	149.3	 553	OK
2657	     0	80.4	151.2	 548	OK
2658	     0	82.1	154.5	 535	OK
2659	     0	80.8	151.4	 543	OK
2660	     0	79.4	152.0	 538	OK
2661	     0	80.6	153.2	 531	OK
2662	     0	80.6	151.1	 534	OK
2663	     0	79.5	149.6	 544	OK
2664	     0	80.4	150.6	 544	OK
2665	     0	79.5	150.2	 539	OK
2666	     0	83.0	154.6	 553	OK
2667	     0	80.6	152.5	 536	OK
2668	     0	82.1	156.8	 552	OK
2669	     0	78.6	148.9	 539	OK
2670	     0	82.0	155.6	 554	OK
2671	     0	82.0	154.4	 525	OK
2672	     0	79.5	149.2	 527	OK
2673	     0	78.1	147.7	 550	OK
2674	     0	82.2	153.4	 548	OK
2675	     0	79.9	151.7	 528	OK
2676	     0	78.6	148.8	 560	OK
2677	     0	79.4	150.3	 535	OK
2678	     0	80.1	150.3	 549	OK
2679	     0	81.3	153.7	 555	OK
2680	     0	80.8	150.9	 545	OK
2681	     0	81.4	154.0	 544	OK
2682	     0	81.0	152.5	 534	OK
2683	     0	82.4	155.1	 520	OK
2684	     0	81.7	154.6	 535	OK
2685	     0	81.6	155.0	 552	OK
2686	     0	80.5	152.0	 543	OK
2687	     0	82.4	157.0	 550	OK
2688	     0	80.7	152.3	 589	OK
2689	     0	79.8	150.5	 565	OK
2690	     0	77.8	147.7	 570	OK
2691	     0	78.2	145.8	 564	OK
2692	     0	79.2	150.4	 562	OK
2693	     0	79.2	149.5	 576	OK
2694	     0	79.8	149.6	 569	OK
2695	     0	78.6	148.0	 555	OK
2696	     0	77.6	147.2	 582	OK
2697	     0	79.2	150.7	 574	OK
2698	     0	78.9	150.3	 564	OK
2699	     0	80.8	153.3	 574	OK
2700	     0	76.7	146.9	 568	OK
2701	     0	80.4	152.0	 579	OK
2702	     0	78.0	148.2	 571	OK
2703	     0	77.5	145.1	 551	OK
2704	     0	77.9	147.4	 555	OK
2705	     0	77.7	146.8	 576	OK
2706	     0	78.3	148.3	 566	OK
2707	     0	75.1	142.8	 564	OK
2708	     0	78.0	149.0	 553	OK
2709	     0	75.4	142.5	 566	OK
2710	     0	79.1	151.2	 574	OK
2711	     0	78.3	149.1	 563	OK
2712	     0	79.3	150.3	 552	OK
2713	     0	77.6	147.6	 548	OK
2714	     0	77.4	146.9	 559	OK
2715	     0	77.9	147.8	 561	OK
2716	     0	75.8	144.7	 560	OK
2717	     0	77.2	147.5	 551	OK
2718	     0	79.7	148.9	 565	OK
2719	     0	77.1	146.1	 572	OK
2720	     0	76.0	145.9	 561	OK
2721	     0	76.4	144.1	 578	OK
2722	     0	74.6	142.3	 559	OK
2723	     0	77.9	147.4	 573	OK
2724	     0	79.2	151.2	 570	OK
2725	     0	76.7	144.6	 577	OK
2726	     0	78.5	147.1	 574	OK
2727	     0	76.5	145.0	 555	OK
2728	     0	76.8	147.2	 573	OK
2729	     0	79.6	150.6	 562	OK
2730	     0	76.6	144.7	 568	OK
2731	     0	76.2	145.7	 567	OK
2732	     0	78.8	148.2	 562	OK
2733	     0	78.6	147.4	 557	OK
2734	     0	77.1	148.3	 566	OK
2735	     0	76.2	145.7	 566	OK
2736	     0	76.4	143.8	 559	OK
2737	     0	80.9	150.1	 571	OK
2738	     0	79.7	149.8	 554	OK
2739	     0	77.3	145.4	 567	OK
2740	     0	79.2	149.7	 566	OK
2741	     0	76.2	143.6	 598	OK
2742	     0	77.4	146.0	 577	OK
2743	     0	76.3	144.3	 582	OK
2744	     0	76.7	146.4	 572	OK
2745	     0	78.1	147.2	 575	OK
2746	     0	78.3	150.2	 564	OK
2747	     0	79.6	149.5	 570	OK
2748	     0	78.1	147.0	 568	OK
2749	     0	77.0	145.7	 578	OK
2750	     0	79.5	149.9	 561	OK
2751	     0	79.9	151.6	 557	OK
2752	     0	78.0	146.4	 574	OK
2753	     0	78.0	148.3	 572	OK
2754	     0	77.8	149.2	 575	OK
2755	     0	78.2	147.5	 569	OK
2756	     0	77.4	148.3	 567	OK
2757	     0	76.8	145.4	 571	OK
2758	     0	76.3	146.1	 581	OK
2759	     0	77.4	146.3	 570	OK
2760	     0	77.0	146.1	 566	OK
2761	     0	76.9	145.2	 571	OK
2762	     0	77.3	144.6	 571	OK
2763	     0	75.7	143.9	 575	OK
2764	     0	76.0	145.4	 554	OK
2765	     0	77.0	143.7	 581	OK
2766	     0	77.1	144.5	 584	OK
2767	     0	77.1	146.3	 557	OK
2768	     0	76.8	146.9	 555	OK
2769	     0	76.0	145.9	 573	OK
2770	     0	75.1	142.6	 575	OK
2771	     0	74.8	141.6	 574	OK
2772	     0	77.3	144.9	 572	OK
2773	     0	79.4	151.6	 567	OK
2774	     0	77.1	148.0	 561	OK
2775	     0	77.5	147.8	 554	OK
2776	     0	78.5	148.6	 566	OK
2777	     0	75.1	143.3	 566	OK
2778	     0	76.3	144.0	 580	OK
2779	     0	75.5	142.6	 573	OK
2780	     0	74.9	143.7	 579	OK
2781	     0	77.0	145.2	 582	OK
2782	     0	74.9	142.6	 572	OK
2783	     0	75.8	142.7	 555	OK
2784	     0	76.5	144.8	 567	OK
2785	     0	74.3	141.9	 568	OK
2786	     0	75.4	144.7	 562	OK
2787	     0	78.3	147.7	 573	OK
2788	     0	76.7	144.1	 565	OK
2789	     0	77.3	146.3	 572	OK
2790	     0	78.2	147.6	 566	OK
2791	     0	79.7	151.1	 563	OK
2792	     0	79.5	150.7	 569	OK
2793	     0	77.8	148.8	 558	OK
2794	     0	76.6	144.7	 572	OK
2795	     0	79.0	148.3	 568	OK
2796	     0	76.1	144.6	 562	OK
2797	     0	77.2	147.6	 564	OK
2798	     0	77.9	146.4	 572	OK
2799	     0	78.6	147.2	 564	OK
2800	     0	77.3	147.8	 550	OK
2801	     0	75.3	143.6	 569	OK
2802	     0	80.5	151.1	 565	OK
2803	     0	77.8	146.6	 571	OK
2804	     0	77.5	146.3	 562	OK
2805	     0	74.8	144.5	 577	OK
2806	     0	76.5	144.4	 581	OK
2807	     0	76.8	146.3	 587	OK
2808	     0	77.1	144.7	 570	OK
2809	     0	78.3	149.5	 573	OK
2810	     0	76.0	147.1	 574	OK
2811	     0	78.1	148.9	 561	OK
2812	     0	77.7	146.4	 573	OK
2813	     0	78.2	150.2	 569	OK
2814	     0	78.3	147.7	 561	OK
2815	     0	79.4	151.3	 586	OK
