#chan	code	gain	vt50	innse	comment
   0	     0	77.8	145.3	 678	OK
   1	     0	78.5	146.8	 692	OK
   2	     0	79.9	150.8	 695	OK
   3	     0	78.2	146.7	 699	OK
   4	     0	77.9	143.9	 691	OK
   5	     0	76.5	146.0	 714	OK
   6	     0	77.6	145.7	 694	OK
   7	     0	78.7	145.9	 709	OK
   8	     0	76.2	143.1	 687	OK
   9	     0	77.2	144.8	 675	OK
  10	     0	77.8	148.1	 687	OK
  11	     0	78.0	145.3	 688	OK
  12	     0	77.8	148.2	 697	OK
  13	     0	76.7	143.4	 705	OK
  14	     0	77.6	145.6	 679	OK
  15	     0	75.7	142.1	 693	OK
  16	     0	79.3	148.4	 699	OK
  17	     0	76.8	144.5	 680	OK
  18	     0	77.3	145.2	 666	OK
  19	     0	78.0	147.5	 700	OK
  20	     0	76.0	144.4	 681	OK
  21	     0	77.8	146.4	 702	OK
  22	     0	77.8	146.0	 694	OK
  23	     0	77.4	148.0	 672	OK
  24	     0	77.6	146.0	 698	OK
  25	     0	77.5	145.2	 692	OK
  26	     0	76.2	144.8	 692	OK
  27	     0	78.1	146.8	 695	OK
  28	     0	77.0	145.0	 691	OK
  29	     0	75.2	142.3	 677	OK
  30	     0	78.1	147.5	 691	OK
  31	     0	75.8	142.3	 682	OK
  32	     0	77.3	145.8	 688	OK
  33	     0	77.0	144.9	 694	OK
  34	     0	75.6	143.1	 705	OK
  35	     0	75.6	141.7	 678	OK
  36	     0	75.6	141.9	 710	OK
  37	     0	75.3	142.1	 686	OK
  38	     0	76.6	145.1	 704	OK
  39	     0	75.5	144.7	 700	OK
  40	     0	76.7	143.6	 695	OK
  41	     0	77.3	145.4	 681	OK
  42	     0	77.7	146.8	 689	OK
  43	     0	76.4	144.1	 685	OK
  44	     0	79.5	147.8	 678	OK
  45	     0	76.5	145.4	 689	OK
  46	     0	77.2	145.6	 681	OK
  47	     0	77.0	147.4	 673	OK
  48	     0	78.0	145.6	 684	OK
  49	     0	77.3	145.2	 676	OK
  50	     0	76.5	145.0	 683	OK
  51	     0	76.0	142.2	 677	OK
  52	     0	76.4	142.6	 683	OK
  53	     0	77.7	147.0	 683	OK
  54	     0	78.4	146.9	 688	OK
  55	     0	76.0	142.3	 675	OK
  56	     0	78.7	150.5	 701	OK
  57	     0	77.7	146.7	 685	OK
  58	     0	78.0	145.6	 688	OK
  59	     0	77.3	144.8	 690	OK
  60	     0	78.2	147.0	 683	OK
  61	     0	78.8	148.4	 679	OK
  62	     0	78.1	146.4	 685	OK
  63	     0	79.5	151.2	 695	OK
  64	     0	78.3	147.4	 695	OK
  65	     0	75.4	141.6	 674	OK
  66	     0	76.7	146.4	 692	OK
  67	     0	76.4	146.1	 696	OK
  68	     0	76.2	145.6	 665	OK
  69	     0	78.0	146.8	 691	OK
  70	     0	77.3	143.7	 681	OK
  71	     0	77.4	144.5	 681	OK
  72	     0	74.7	142.6	 675	OK
  73	     0	76.6	145.7	 685	OK
  74	     0	77.3	145.4	 688	OK
  75	     0	76.8	145.4	 685	OK
  76	     0	77.8	146.3	 685	OK
  77	     0	75.6	142.4	 693	OK
  78	     0	76.8	144.5	 676	OK
  79	     0	77.1	146.4	 681	OK
  80	     0	74.7	140.7	 681	OK
  81	     0	78.4	146.6	 681	OK
  82	     0	75.2	141.3	 679	OK
  83	     0	74.1	141.1	 672	OK
  84	     0	76.4	144.5	 669	OK
  85	     0	76.7	145.2	 682	OK
  86	     0	75.8	142.1	 708	OK
  87	     0	76.4	144.0	 663	OK
  88	     0	77.4	144.8	 680	OK
  89	     0	76.8	141.8	 702	OK
  90	     0	79.0	149.5	 677	OK
  91	     0	78.7	146.7	 681	OK
  92	     0	76.6	145.6	 677	OK
  93	     0	76.7	144.5	 667	OK
  94	     0	76.8	145.1	 674	OK
  95	     0	76.8	145.6	 668	OK
  96	     0	78.3	148.4	 677	OK
  97	     0	77.7	146.7	 676	OK
  98	     0	77.9	147.4	 661	OK
  99	     0	77.3	145.9	 678	OK
 100	     0	79.0	146.9	 655	OK
 101	     0	78.0	146.0	 680	OK
 102	     0	75.3	145.0	 667	OK
 103	     0	76.6	144.9	 654	OK
 104	     0	77.4	145.6	 669	OK
 105	     0	77.5	144.9	 663	OK
 106	     0	77.0	143.7	 670	OK
 107	     0	75.7	141.8	 665	OK
 108	     0	77.7	145.9	 644	OK
 109	     0	78.7	146.9	 680	OK
 110	     0	79.1	147.7	 652	OK
 111	     0	76.6	145.9	 666	OK
 112	     0	77.4	145.6	 648	OK
 113	     0	77.0	145.2	 646	OK
 114	     0	78.7	146.6	 658	OK
 115	     0	77.1	146.6	 643	OK
 116	     0	76.9	146.1	 665	OK
 117	     0	76.8	145.8	 665	OK
 118	     0	77.0	145.0	 650	OK
 119	     0	76.1	143.6	 658	OK
 120	     0	77.2	148.4	 667	OK
 121	     0	75.8	142.3	 648	OK
 122	     0	76.8	144.1	 645	OK
 123	     0	79.3	148.1	 664	OK
 124	     0	78.6	148.1	 667	OK
 125	     0	78.7	147.3	 663	OK
 126	     0	78.9	149.8	 697	OK
 127	     0	79.8	148.8	 724	OK
 128	     0	82.0	152.2	 669	OK
 129	     0	78.6	149.2	 673	OK
 130	     0	81.9	154.7	 663	OK
 131	     0	81.5	152.8	 671	OK
 132	     0	81.2	151.0	 668	OK
 133	     0	81.0	152.3	 688	OK
 134	     0	79.9	147.0	 667	OK
 135	     0	81.7	153.7	 677	OK
 136	     0	81.4	152.5	 661	OK
 137	     0	78.6	147.9	 677	OK
 138	     0	80.9	152.5	 656	OK
 139	     0	79.8	149.0	 661	OK
 140	     0	81.1	152.6	 674	OK
 141	     0	79.3	150.4	 660	OK
 142	     0	79.7	151.8	 678	OK
 143	     0	80.9	153.0	 675	OK
 144	     0	79.0	147.8	 654	OK
 145	     0	80.7	153.3	 662	OK
 146	     0	78.6	148.8	 659	OK
 147	     0	79.6	151.5	 681	OK
 148	     0	78.9	147.3	 664	OK
 149	     0	78.4	148.9	 672	OK
 150	     0	81.1	152.0	 680	OK
 151	     0	79.1	149.6	 661	OK
 152	     0	78.9	148.5	 658	OK
 153	     0	79.1	150.8	 669	OK
 154	     0	81.1	152.6	 658	OK
 155	     0	77.5	148.2	 684	OK
 156	     0	79.9	151.2	 655	OK
 157	     0	81.4	152.8	 644	OK
 158	     0	78.7	149.7	 672	OK
 159	     0	79.8	148.5	 675	OK
 160	     0	79.7	150.3	 655	OK
 161	     0	80.8	153.3	 675	OK
 162	     0	81.5	153.6	 665	OK
 163	     0	78.3	146.8	 676	OK
 164	     0	80.5	152.7	 673	OK
 165	     0	79.7	150.7	 681	OK
 166	     0	78.9	147.1	 677	OK
 167	     0	79.5	149.8	 688	OK
 168	     0	78.0	146.8	 675	OK
 169	     0	80.0	149.3	 670	OK
 170	     0	79.5	149.2	 678	OK
 171	     0	78.8	147.4	 690	OK
 172	     0	79.0	146.9	 693	OK
 173	     0	80.1	148.7	 678	OK
 174	     0	80.7	150.5	 681	OK
 175	     0	79.6	149.1	 689	OK
 176	     0	82.4	154.3	 676	OK
 177	     0	81.0	153.2	 687	OK
 178	     0	79.0	149.6	 681	OK
 179	     0	79.3	147.7	 690	OK
 180	     0	77.0	147.4	 671	OK
 181	     0	79.4	150.9	 676	OK
 182	     0	79.4	149.8	 681	OK
 183	     0	79.4	149.3	 692	OK
 184	     0	78.5	147.8	 693	OK
 185	     0	79.9	148.8	 666	OK
 186	     0	80.8	151.1	 692	OK
 187	     0	81.9	154.7	 674	OK
 188	     0	82.0	153.2	 675	OK
 189	     0	82.7	156.3	 691	OK
 190	     0	80.3	150.6	 688	OK
 191	     0	80.1	150.8	 683	OK
 192	     0	78.9	149.5	 691	OK
 193	     0	79.7	148.8	 671	OK
 194	     0	80.4	151.9	 703	OK
 195	     0	77.4	146.4	 664	OK
 196	     0	80.1	151.2	 697	OK
 197	     0	79.9	149.3	 694	OK
 198	     0	79.2	149.3	 678	OK
 199	     0	78.0	145.9	 685	OK
 200	     0	80.3	151.0	 681	OK
 201	     0	78.8	148.5	 672	OK
 202	     0	78.1	146.3	 690	OK
 203	     0	77.5	144.9	 675	OK
 204	     0	79.8	148.7	 689	OK
 205	     0	78.7	149.9	 684	OK
 206	     0	78.0	148.1	 683	OK
 207	     0	80.6	152.5	 695	OK
 208	     0	79.4	149.3	 685	OK
 209	     0	76.4	144.6	 688	OK
 210	     0	78.5	150.0	 693	OK
 211	     0	76.5	146.2	 695	OK
 212	     0	79.8	148.9	 680	OK
 213	     0	77.6	145.1	 680	OK
 214	     0	79.1	148.3	 688	OK
 215	     0	78.4	147.1	 672	OK
 216	     0	81.1	153.0	 671	OK
 217	     0	79.2	149.6	 707	OK
 218	     0	80.0	152.7	 670	OK
 219	     0	79.5	149.4	 684	OK
 220	     0	79.7	148.9	 677	OK
 221	     0	79.1	149.4	 669	OK
 222	     0	79.0	148.4	 675	OK
 223	     0	78.9	148.8	 686	OK
 224	     0	78.9	149.5	 676	OK
 225	     0	79.6	149.7	 692	OK
 226	     0	78.2	147.3	 670	OK
 227	     0	79.5	150.9	 672	OK
 228	     0	80.4	152.2	 674	OK
 229	     0	77.1	144.7	 665	OK
 230	     0	80.9	150.4	 673	OK
 231	     0	79.4	148.7	 664	OK
 232	     0	77.4	144.2	 674	OK
 233	     0	79.2	147.5	 665	OK
 234	     0	78.5	147.0	 688	OK
 235	     0	79.6	148.2	 692	OK
 236	     0	79.0	147.6	 663	OK
 237	     0	77.5	144.6	 665	OK
 238	     0	80.8	151.3	 693	OK
 239	     0	78.6	149.4	 660	OK
 240	     0	78.9	147.3	 693	OK
 241	     0	81.6	153.1	 691	OK
 242	     0	79.1	148.8	 684	OK
 243	     0	81.7	152.4	 684	OK
 244	     0	80.0	151.1	 674	OK
 245	     0	77.1	144.8	 681	OK
 246	     0	81.0	149.9	 678	OK
 247	     0	80.4	152.2	 700	OK
 248	     0	79.1	145.5	 678	OK
 249	     0	79.7	149.0	 676	OK
 250	     0	79.7	148.6	 681	OK
 251	     0	79.5	151.0	 683	OK
 252	     0	77.5	146.1	 682	OK
 253	     0	79.6	148.1	 684	OK
 254	     0	81.5	153.0	 684	OK
 255	     0	80.1	149.1	 677	OK
 256	     0	77.1	146.9	 691	OK
 257	     0	79.2	150.9	 688	OK
 258	     0	76.4	144.2	 685	OK
 259	     0	75.7	145.4	 696	OK
 260	     0	80.3	152.1	 701	OK
 261	     0	75.8	145.1	 682	OK
 262	     0	77.1	145.4	 695	OK
 263	     0	75.1	143.0	 698	OK
 264	     0	75.6	144.1	 689	OK
 265	     0	75.7	144.8	 710	OK
 266	     0	76.1	145.8	 679	OK
 267	     0	76.2	145.0	 678	OK
 268	     0	77.2	147.7	 680	OK
 269	     0	77.2	146.2	 682	OK
 270	     0	75.5	143.1	 679	OK
 271	     0	74.3	140.6	 677	OK
 272	     0	76.3	145.3	 692	OK
 273	     0	74.0	140.5	 679	OK
 274	     0	74.5	143.1	 696	OK
 275	     0	77.3	146.8	 696	OK
 276	     0	74.6	141.1	 699	OK
 277	     0	75.6	142.9	 675	OK
 278	     0	76.4	145.2	 694	OK
 279	     0	74.6	143.9	 685	OK
 280	     0	76.8	144.6	 673	OK
 281	     0	75.2	143.8	 701	OK
 282	     0	76.3	144.5	 688	OK
 283	     0	74.7	142.7	 689	OK
 284	     0	76.8	144.9	 704	OK
 285	     0	76.2	144.7	 686	OK
 286	     0	75.2	145.0	 691	OK
 287	     0	76.5	144.5	 691	OK
 288	     0	75.6	144.2	 694	OK
 289	     0	74.1	140.6	 689	OK
 290	     0	77.8	147.1	 692	OK
 291	     0	75.9	144.0	 693	OK
 292	     0	74.4	143.3	 699	OK
 293	     0	77.0	144.5	 700	OK
 294	     0	76.4	144.6	 692	OK
 295	     0	75.5	143.0	 718	OK
 296	     0	76.9	146.9	 680	OK
 297	     0	74.8	142.1	 708	OK
 298	     0	73.1	139.4	 692	OK
 299	     0	76.8	146.8	 712	OK
 300	     0	76.8	144.7	 688	OK
 301	     0	74.4	143.7	 702	OK
 302	     0	76.1	143.6	 709	OK
 303	     0	76.5	145.7	 682	OK
 304	     0	76.3	143.7	 693	OK
 305	     0	74.9	142.7	 691	OK
 306	     0	76.6	145.3	 708	OK
 307	     0	77.2	147.8	 705	OK
 308	     0	75.0	143.6	 712	OK
 309	     0	74.1	140.2	 697	OK
 310	     0	75.2	141.9	 715	OK
 311	     0	75.9	145.3	 704	OK
 312	     0	72.9	139.8	 696	OK
 313	     0	73.9	140.7	 694	OK
 314	     0	74.3	139.9	 698	OK
 315	     0	76.7	145.6	 689	OK
 316	     0	77.7	147.3	 699	OK
 317	     0	76.7	146.3	 730	OK
 318	     0	78.0	148.6	 702	OK
 319	     0	76.1	147.1	 700	OK
 320	     0	78.2	147.9	 708	OK
 321	     0	75.2	145.4	 702	OK
 322	     0	76.9	146.4	 695	OK
 323	     0	76.9	145.5	 716	OK
 324	     0	76.9	145.7	 697	OK
 325	     0	75.7	144.5	 692	OK
 326	     0	77.8	149.0	 711	OK
 327	     0	76.5	143.6	 689	OK
 328	     0	76.3	146.7	 682	OK
 329	     0	77.2	146.4	 694	OK
 330	     0	76.4	144.0	 698	OK
 331	     0	76.5	145.0	 684	OK
 332	     0	77.0	144.7	 695	OK
 333	     0	73.9	142.1	 691	OK
 334	     0	77.2	148.0	 697	OK
 335	     0	74.9	143.5	 694	OK
 336	     0	74.8	141.7	 689	OK
 337	     0	75.6	143.7	 680	OK
 338	     0	73.6	140.1	 683	OK
 339	     0	75.4	144.0	 698	OK
 340	     0	73.8	140.1	 708	OK
 341	     0	75.4	144.6	 698	OK
 342	     0	74.7	142.4	 688	OK
 343	     0	75.8	143.2	 668	OK
 344	     0	74.7	142.3	 697	OK
 345	     0	75.8	143.5	 681	OK
 346	     0	75.4	143.2	 681	OK
 347	     0	78.4	149.7	 692	OK
 348	     0	76.6	144.7	 697	OK
 349	     0	75.5	143.1	 672	OK
 350	     0	74.4	141.8	 688	OK
 351	     0	75.4	142.4	 685	OK
 352	     0	76.6	145.4	 669	OK
 353	     0	78.5	150.2	 711	OK
 354	     0	74.6	143.1	 705	OK
 355	     0	76.0	144.2	 680	OK
 356	     0	75.4	143.6	 675	OK
 357	     0	77.2	145.8	 665	OK
 358	     0	75.7	144.2	 690	OK
 359	     0	77.1	145.8	 658	OK
 360	     0	75.2	143.1	 689	OK
 361	     0	76.6	145.5	 682	OK
 362	     0	75.6	142.0	 664	OK
 363	     0	74.2	143.2	 666	OK
 364	     0	76.9	145.3	 682	OK
 365	     0	77.9	146.0	 683	OK
 366	     0	78.6	146.2	 676	OK
 367	     0	75.6	145.0	 673	OK
 368	     0	76.4	146.7	 670	OK
 369	     0	77.5	146.1	 661	OK
 370	     0	74.8	142.7	 664	OK
 371	     0	76.2	142.6	 661	OK
 372	     0	78.4	149.8	 704	OK
 373	     0	76.2	144.3	 679	OK
 374	     0	75.5	142.9	 662	OK
 375	     0	75.3	144.4	 680	OK
 376	     0	76.9	146.1	 686	OK
 377	     0	76.4	144.6	 673	OK
 378	     0	76.7	147.0	 675	OK
 379	     0	76.9	146.1	 678	OK
 380	     0	78.0	147.8	 667	OK
 381	     0	75.8	145.4	 677	OK
 382	     0	77.5	146.2	 673	OK
 383	     0	77.5	146.1	 676	OK
 384	     0	72.0	140.3	 674	OK
 385	     0	74.5	144.2	 681	OK
 386	     0	73.1	143.0	 657	OK
 387	     0	73.6	160.4	 686	OK
 388	     0	70.5	137.2	 659	OK
 389	     0	73.0	144.7	 642	OK
 390	     0	73.7	141.8	 631	OK
 391	     0	73.4	144.6	 656	OK
 392	     0	72.6	142.5	 667	OK
 393	     0	74.9	144.0	 655	OK
 394	     0	70.8	139.8	 665	OK
 395	     0	71.6	141.0	 655	OK
 396	     0	72.5	142.0	 650	OK
 397	     0	73.9	144.7	 668	OK
 398	     0	73.7	146.3	 662	OK
 399	     0	76.0	146.8	 663	OK
 400	     0	73.5	142.1	 649	OK
 401	     0	71.4	137.6	 643	OK
 402	     0	75.0	146.1	 654	OK
 403	     0	73.3	144.3	 650	OK
 404	     0	75.2	144.8	 646	OK
 405	     0	74.3	144.1	 657	OK
 406	     0	72.1	141.7	 655	OK
 407	     0	74.2	143.1	 663	OK
 408	     0	73.4	141.8	 655	OK
 409	     0	75.8	146.9	 670	OK
 410	     0	74.3	143.8	 647	OK
 411	     0	74.4	145.9	 664	OK
 412	     0	72.9	142.2	 667	OK
 413	     0	73.0	141.8	 659	OK
 414	     0	72.6	140.5	 657	OK
 415	     0	72.6	142.8	 692	OK
 416	     0	73.9	143.6	 670	OK
 417	     0	72.7	141.5	 674	OK
 418	     0	74.1	144.6	 674	OK
 419	     0	76.1	144.7	 652	OK
 420	     0	74.5	144.7	 659	OK
 421	     0	72.4	142.8	 688	OK
 422	     0	74.4	144.2	 673	OK
 423	     0	73.7	141.5	 671	OK
 424	     0	74.4	144.8	 665	OK
 425	     0	74.4	144.2	 680	OK
 426	     0	73.0	142.1	 652	OK
 427	     0	74.1	142.4	 647	OK
 428	     0	74.0	141.0	 668	OK
 429	     0	74.7	143.9	 665	OK
 430	     0	74.3	143.6	 673	OK
 431	     0	72.8	139.9	 685	OK
 432	     0	75.0	144.1	 662	OK
 433	     0	75.3	145.8	 680	OK
 434	     0	72.8	140.9	 673	OK
 435	     0	72.1	140.6	 661	OK
 436	     0	74.0	141.3	 634	OK
 437	     0	74.8	146.2	 671	OK
 438	     0	72.5	141.4	 645	OK
 439	     0	74.6	143.0	 667	OK
 440	     0	75.6	146.2	 667	OK
 441	     0	75.0	144.0	 673	OK
 442	     0	75.3	146.0	 676	OK
 443	     0	75.6	144.7	 681	OK
 444	     0	74.4	141.9	 672	OK
 445	     0	73.4	143.1	 679	OK
 446	     0	73.0	142.4	 675	OK
 447	     0	74.3	142.8	 677	OK
 448	     0	74.3	142.7	 685	OK
 449	     0	75.9	146.2	 685	OK
 450	     0	76.5	146.7	 664	OK
 451	     0	74.0	140.4	 668	OK
 452	     0	74.0	142.1	 664	OK
 453	     0	75.2	143.6	 649	OK
 454	     0	74.4	143.7	 658	OK
 455	     0	73.3	139.4	 655	OK
 456	     0	75.9	145.2	 671	OK
 457	     0	75.1	143.8	 666	OK
 458	     0	76.3	147.1	 673	OK
 459	     0	73.4	141.9	 667	OK
 460	     0	73.7	141.8	 668	OK
 461	     0	74.4	141.9	 669	OK
 462	     0	72.2	141.1	 671	OK
 463	     0	73.1	140.5	 665	OK
 464	     0	76.9	146.1	 652	OK
 465	     0	73.9	141.9	 659	OK
 466	     0	73.8	140.6	 682	OK
 467	     0	74.0	139.3	 655	OK
 468	     0	74.3	142.6	 670	OK
 469	     0	74.0	141.5	 650	OK
 470	     0	73.8	141.3	 662	OK
 471	     0	74.3	142.3	 654	OK
 472	     0	72.3	137.6	 652	OK
 473	     0	74.6	142.3	 663	OK
 474	     0	74.9	143.0	 661	OK
 475	     0	76.1	146.6	 677	OK
 476	     0	75.4	144.7	 654	OK
 477	     0	75.8	144.0	 647	OK
 478	     0	75.6	143.3	 666	OK
 479	     0	75.3	141.8	 628	OK
 480	     0	74.4	144.0	 661	OK
 481	     0	75.3	143.7	 655	OK
 482	     0	75.8	143.6	 668	OK
 483	     0	74.1	142.3	 665	OK
 484	     0	75.4	145.0	 653	OK
 485	     0	78.1	149.1	 663	OK
 486	     0	75.5	143.3	 651	OK
 487	     0	76.8	146.2	 662	OK
 488	     0	74.9	141.6	 655	OK
 489	     0	76.8	147.7	 650	OK
 490	     0	76.3	144.2	 661	OK
 491	     0	72.8	137.5	 643	OK
 492	     0	74.8	142.1	 641	OK
 493	     0	76.2	146.7	 644	OK
 494	     0	75.6	144.6	 662	OK
 495	     0	75.6	144.1	 633	OK
 496	     0	75.0	142.8	 673	OK
 497	     0	74.7	140.6	 684	OK
 498	     0	79.9	149.8	 660	OK
 499	     0	73.8	142.1	 675	OK
 500	     0	76.1	141.6	 656	OK
 501	     0	77.9	148.8	 657	OK
 502	     0	76.0	144.9	 659	OK
 503	     0	77.3	146.7	 662	OK
 504	     0	74.7	141.5	 667	OK
 505	     0	78.4	147.8	 642	OK
 506	     0	76.2	144.1	 644	OK
 507	     0	75.5	144.2	 660	OK
 508	     0	75.6	143.9	 657	OK
 509	     0	77.9	148.8	 641	OK
 510	     0	75.0	144.5	 637	OK
 511	     0	78.0	146.6	 646	OK
 512	  1000	74.7	146.2	 386	unbonded
 513	  4000	75.9	147.6	 785	high noise
 514	  1000	73.7	146.3	 387	unbonded
 515	     0	72.3	144.1	 756	OK
 516	     0	74.6	145.7	 712	OK
 517	     0	75.8	148.4	 723	OK
 518	     0	73.4	141.5	 729	OK
 519	     0	72.3	140.9	 699	OK
 520	     0	74.5	142.8	 696	OK
 521	     0	72.4	139.9	 693	OK
 522	     0	70.5	138.7	 703	OK
 523	     0	72.4	140.2	 700	OK
 524	     0	73.7	142.9	 708	OK
 525	     0	74.0	144.7	 699	OK
 526	     0	73.3	143.0	 685	OK
 527	     0	74.2	143.8	 712	OK
 528	     0	73.4	141.1	 692	OK
 529	     0	74.5	144.8	 695	OK
 530	     0	73.7	144.6	 696	OK
 531	     0	71.9	139.4	 695	OK
 532	     0	75.3	144.4	 709	OK
 533	     0	73.1	142.6	 708	OK
 534	     0	75.4	147.7	 684	OK
 535	     0	73.0	141.9	 706	OK
 536	     0	74.3	142.6	 692	OK
 537	     0	74.1	145.2	 686	OK
 538	     0	73.9	144.1	 682	OK
 539	     0	75.0	144.5	 692	OK
 540	     0	73.5	143.2	 681	OK
 541	     0	75.1	145.2	 690	OK
 542	     0	75.7	145.1	 699	OK
 543	     0	73.9	142.8	 684	OK
 544	     0	75.0	144.2	 679	OK
 545	     0	75.6	147.2	 696	OK
 546	     0	73.6	144.7	 689	OK
 547	     0	73.5	143.5	 683	OK
 548	     0	74.4	144.0	 688	OK
 549	     0	73.6	143.2	 716	OK
 550	     0	73.8	143.7	 694	OK
 551	     0	75.2	146.0	 698	OK
 552	     0	74.7	145.1	 689	OK
 553	     0	75.5	144.7	 689	OK
 554	     0	72.7	143.0	 687	OK
 555	     0	73.3	141.8	 691	OK
 556	     0	72.7	139.7	 682	OK
 557	     0	74.1	145.0	 689	OK
 558	     0	74.0	143.1	 709	OK
 559	     0	72.4	142.2	 700	OK
 560	     0	76.3	146.0	 688	OK
 561	     0	74.4	143.5	 688	OK
 562	     0	76.4	147.1	 681	OK
 563	     0	75.2	145.4	 686	OK
 564	     0	76.9	147.8	 685	OK
 565	     0	76.7	147.8	 674	OK
 566	     0	74.6	144.1	 665	OK
 567	     0	74.3	145.1	 667	OK
 568	     0	75.2	146.5	 685	OK
 569	     0	74.3	143.6	 692	OK
 570	     0	75.4	144.2	 680	OK
 571	     0	75.2	145.9	 671	OK
 572	     0	74.9	144.3	 676	OK
 573	     0	73.6	140.8	 685	OK
 574	     0	76.8	148.2	 683	OK
 575	     0	75.6	144.4	 680	OK
 576	     0	75.5	144.2	 675	OK
 577	     0	76.7	146.7	 677	OK
 578	     0	75.5	146.0	 651	OK
 579	     0	77.4	149.6	 678	OK
 580	     0	75.9	145.2	 676	OK
 581	     0	75.3	144.9	 667	OK
 582	     0	77.0	148.7	 673	OK
 583	     0	76.9	146.6	 648	OK
 584	     0	76.9	147.7	 653	OK
 585	     0	74.8	143.5	 685	OK
 586	     0	75.2	145.5	 665	OK
 587	     0	73.7	141.7	 647	OK
 588	     0	76.0	146.5	 671	OK
 589	     0	72.9	140.1	 657	OK
 590	     0	76.4	147.9	 663	OK
 591	     0	76.1	144.3	 651	OK
 592	     0	75.1	144.0	 642	OK
 593	     0	72.9	139.5	 667	OK
 594	     0	75.8	143.2	 650	OK
 595	     0	74.6	142.1	 658	OK
 596	     0	74.5	143.4	 658	OK
 597	     0	75.0	143.1	 676	OK
 598	     0	76.1	146.8	 656	OK
 599	     0	73.9	142.8	 667	OK
 600	     0	75.0	142.0	 654	OK
 601	     0	74.4	143.8	 668	OK
 602	     0	76.9	145.6	 643	OK
 603	     0	75.7	144.0	 654	OK
 604	     0	75.8	145.1	 660	OK
 605	     0	76.7	147.2	 654	OK
 606	     0	74.4	143.5	 668	OK
 607	     0	75.3	143.7	 640	OK
 608	     0	75.3	142.5	 652	OK
 609	     0	75.6	144.0	 636	OK
 610	     0	76.0	143.4	 654	OK
 611	     0	76.5	147.1	 634	OK
 612	     0	76.1	145.8	 647	OK
 613	     0	74.3	142.8	 636	OK
 614	     0	76.3	143.4	 648	OK
 615	     0	75.8	145.0	 646	OK
 616	     0	74.8	144.7	 641	OK
 617	     0	76.6	145.3	 640	OK
 618	     0	76.4	144.9	 651	OK
 619	     0	75.8	144.7	 643	OK
 620	     0	74.5	142.0	 645	OK
 621	     0	73.8	140.8	 638	OK
 622	     0	75.2	144.7	 656	OK
 623	     0	75.0	142.3	 632	OK
 624	     0	76.8	146.7	 651	OK
 625	     0	77.0	145.4	 652	OK
 626	     0	76.4	146.6	 641	OK
 627	     0	75.1	143.7	 634	OK
 628	     0	76.5	143.1	 635	OK
 629	     0	76.5	146.4	 639	OK
 630	     0	75.3	141.9	 636	OK
 631	     0	75.2	144.5	 658	OK
 632	     0	75.3	146.6	 632	OK
 633	     0	75.3	144.5	 642	OK
 634	     0	75.5	144.6	 648	OK
 635	     0	78.0	148.5	 633	OK
 636	     0	76.2	144.9	 648	OK
 637	     0	75.5	144.5	 642	OK
 638	     0	78.6	147.6	 642	OK
 639	     0	75.9	145.0	 643	OK
 640	     0	77.1	145.2	 665	OK
 641	     0	78.5	149.1	 683	OK
 642	     0	76.8	146.7	 669	OK
 643	     0	77.8	148.1	 669	OK
 644	     0	74.5	139.6	 661	OK
 645	     0	74.9	142.4	 677	OK
 646	     0	74.9	143.2	 668	OK
 647	     0	75.9	144.0	 667	OK
 648	     0	76.0	143.9	 664	OK
 649	     0	76.0	145.6	 646	OK
 650	     0	76.9	144.0	 666	OK
 651	     0	75.9	146.4	 658	OK
 652	     0	75.3	144.8	 680	OK
 653	     0	75.6	145.5	 657	OK
 654	     0	75.1	143.7	 663	OK
 655	     0	72.9	140.8	 656	OK
 656	     0	74.1	141.9	 667	OK
 657	     0	74.3	140.9	 671	OK
 658	     0	74.4	140.8	 672	OK
 659	     0	73.7	140.2	 647	OK
 660	     0	74.7	141.8	 693	OK
 661	     0	74.1	142.2	 653	OK
 662	     0	77.4	145.4	 661	OK
 663	     0	75.0	143.0	 674	OK
 664	     0	77.9	149.3	 665	OK
 665	     0	75.5	143.8	 662	OK
 666	     0	75.2	141.8	 660	OK
 667	     0	75.0	143.0	 671	OK
 668	     0	73.4	140.4	 680	OK
 669	     0	75.3	141.6	 685	OK
 670	     0	74.7	140.1	 673	OK
 671	     0	74.5	142.1	 686	OK
 672	     0	75.3	142.2	 677	OK
 673	     0	75.9	144.9	 695	OK
 674	     0	74.5	142.1	 686	OK
 675	     0	74.6	142.6	 703	OK
 676	     0	74.4	142.0	 699	OK
 677	     0	75.2	141.8	 705	OK
 678	     0	73.1	138.5	 712	OK
 679	     0	74.6	141.3	 723	OK
 680	     0	74.2	141.0	 734	OK
 681	     0	74.8	141.9	 736	OK
 682	     0	76.1	143.6	 751	OK
 683	     0	74.6	140.1	 734	OK
 684	     0	77.4	147.6	 747	OK
 685	     0	74.9	140.7	 745	OK
 686	     0	76.1	143.5	 760	OK
 687	     0	73.6	138.8	 750	OK
 688	     0	74.9	142.9	 731	OK
 689	     0	74.7	142.7	 736	OK
 690	     0	75.7	142.7	 708	OK
 691	     0	75.6	143.8	 708	OK
 692	     0	73.7	140.0	 718	OK
 693	     0	73.5	141.2	 719	OK
 694	     0	74.7	141.5	 715	OK
 695	     0	73.3	140.0	 702	OK
 696	     0	74.6	142.7	 693	OK
 697	     0	73.6	140.4	 684	OK
 698	     0	75.8	145.1	 699	OK
 699	     0	74.2	142.3	 677	OK
 700	     0	75.0	142.1	 683	OK
 701	     0	75.6	144.5	 680	OK
 702	     0	75.1	143.1	 683	OK
 703	     0	74.6	142.0	 709	OK
 704	     0	75.3	140.5	 689	OK
 705	     0	74.6	142.1	 687	OK
 706	     0	74.1	140.4	 667	OK
 707	     0	76.3	145.1	 696	OK
 708	     0	76.6	142.7	 680	OK
 709	     0	73.1	139.8	 700	OK
 710	     0	75.7	143.3	 656	OK
 711	     0	72.0	137.7	 693	OK
 712	     0	73.5	141.3	 685	OK
 713	     0	74.8	142.9	 698	OK
 714	     0	76.5	144.4	 679	OK
 715	     0	74.1	140.8	 689	OK
 716	     0	74.6	141.1	 667	OK
 717	     0	76.0	145.7	 676	OK
 718	     0	75.1	143.3	 671	OK
 719	     0	76.0	144.9	 673	OK
 720	     0	73.6	139.3	 673	OK
 721	     0	76.8	144.3	 696	OK
 722	     0	72.5	138.7	 670	OK
 723	     0	76.1	142.5	 698	OK
 724	     0	73.8	140.8	 681	OK
 725	     0	73.5	140.3	 684	OK
 726	     0	74.3	140.8	 702	OK
 727	     0	75.8	144.7	 683	OK
 728	     0	74.0	141.0	 690	OK
 729	     0	76.3	145.3	 703	OK
 730	     0	76.2	145.2	 677	OK
 731	     0	74.5	140.5	 695	OK
 732	     0	75.8	144.4	 680	OK
 733	     0	73.6	141.1	 683	OK
 734	     0	75.0	143.2	 695	OK
 735	     0	75.9	145.5	 690	OK
 736	     0	72.6	138.9	 680	OK
 737	     0	75.3	143.3	 693	OK
 738	     0	73.4	138.4	 699	OK
 739	     0	74.1	141.3	 701	OK
 740	     0	74.6	141.8	 678	OK
 741	     0	74.9	141.0	 685	OK
 742	     0	75.1	143.1	 690	OK
 743	     0	74.3	141.0	 686	OK
 744	     0	77.4	146.4	 693	OK
 745	     0	73.5	139.8	 684	OK
 746	     0	73.8	142.4	 703	OK
 747	     0	77.3	146.9	 684	OK
 748	     0	75.5	141.3	 681	OK
 749	     0	76.6	145.4	 687	OK
 750	     0	74.7	141.5	 695	OK
 751	     0	76.2	146.2	 688	OK
 752	     0	74.5	140.5	 689	OK
 753	     0	76.1	144.0	 688	OK
 754	     0	76.1	143.8	 710	OK
 755	     0	75.0	141.7	 713	OK
 756	     0	76.5	145.6	 714	OK
 757	     0	74.7	140.7	 706	OK
 758	     0	75.5	143.8	 694	OK
 759	     0	76.1	144.3	 704	OK
 760	     0	76.1	145.4	 714	OK
 761	     0	74.2	142.1	 713	OK
 762	     0	76.1	143.6	 687	OK
 763	     0	75.0	142.2	 700	OK
 764	     0	76.3	144.6	 720	OK
 765	     0	74.0	142.9	 731	OK
 766	     0	75.1	143.6	 720	OK
 767	     0	76.2	144.4	 735	OK
 768	     0	76.4	145.3	 685	OK
 769	     0	77.2	146.1	 699	OK
 770	     0	78.3	147.6	 699	OK
 771	     0	76.1	144.3	 685	OK
 772	     0	75.4	144.7	 698	OK
 773	     0	76.4	143.9	 669	OK
 774	     0	75.7	143.8	 699	OK
 775	     0	77.3	147.4	 660	OK
 776	     0	75.5	143.4	 693	OK
 777	     0	75.7	143.3	 690	OK
 778	     0	78.0	147.5	 681	OK
 779	     0	77.0	146.4	 698	OK
 780	     0	73.6	140.2	 685	OK
 781	     0	75.4	143.2	 679	OK
 782	     0	75.8	146.5	 680	OK
 783	     0	75.1	141.3	 698	OK
 784	     0	73.7	142.1	 690	OK
 785	     0	74.9	142.9	 708	OK
 786	     0	76.1	143.7	 677	OK
 787	     0	74.6	142.0	 693	OK
 788	     0	75.4	141.0	 690	OK
 789	     0	74.9	142.6	 688	OK
 790	     0	75.6	145.8	 685	OK
 791	     0	76.5	143.4	 669	OK
 792	     0	75.7	145.4	 696	OK
 793	     0	76.2	145.6	 677	OK
 794	     0	75.9	145.2	 693	OK
 795	     0	74.1	142.4	 681	OK
 796	     0	76.5	144.1	 683	OK
 797	     0	74.0	141.1	 665	OK
 798	     0	73.9	142.2	 693	OK
 799	     0	73.4	140.2	 698	OK
 800	     0	75.7	142.7	 697	OK
 801	     0	76.1	145.4	 692	OK
 802	     0	77.4	148.8	 694	OK
 803	     0	74.2	140.3	 700	OK
 804	     0	73.8	141.5	 670	OK
 805	     0	76.4	145.8	 681	OK
 806	     0	75.2	143.0	 691	OK
 807	     0	75.7	143.5	 688	OK
 808	     0	76.4	145.0	 682	OK
 809	     0	73.1	139.2	 679	OK
 810	     0	77.2	147.8	 679	OK
 811	     0	75.9	145.5	 688	OK
 812	     0	74.9	142.5	 676	OK
 813	     0	76.5	144.5	 674	OK
 814	     0	78.1	147.8	 696	OK
 815	     0	76.6	146.9	 696	OK
 816	     0	78.2	146.2	 691	OK
 817	     0	75.4	141.7	 700	OK
 818	     0	76.4	147.2	 694	OK
 819	     0	76.7	144.4	 702	OK
 820	     0	76.6	144.7	 699	OK
 821	     0	73.5	142.5	 710	OK
 822	     0	75.5	143.0	 697	OK
 823	     0	76.0	143.7	 684	OK
 824	     0	75.7	145.7	 697	OK
 825	     0	75.7	143.2	 699	OK
 826	     0	76.0	146.2	 691	OK
 827	     0	77.8	148.8	 698	OK
 828	     0	76.8	147.1	 700	OK
 829	     0	77.5	147.6	 730	OK
 830	     0	77.3	145.7	 685	OK
 831	     0	77.4	146.3	 699	OK
 832	     0	75.4	144.2	 680	OK
 833	     0	76.6	146.2	 686	OK
 834	     0	75.1	143.1	 685	OK
 835	     0	75.2	142.8	 698	OK
 836	     0	74.6	141.3	 703	OK
 837	     0	76.9	147.0	 696	OK
 838	     0	74.5	142.1	 690	OK
 839	     0	76.0	145.5	 695	OK
 840	     0	76.5	145.7	 689	OK
 841	     0	76.4	144.4	 701	OK
 842	     0	77.6	148.9	 706	OK
 843	     0	77.2	144.7	 693	OK
 844	     0	76.1	145.1	 701	OK
 845	     0	77.9	148.0	 691	OK
 846	     0	75.3	143.5	 689	OK
 847	     0	78.9	147.0	 689	OK
 848	     0	76.9	146.4	 682	OK
 849	     0	75.6	144.3	 687	OK
 850	     0	77.8	148.8	 696	OK
 851	     0	75.4	144.4	 694	OK
 852	     0	75.3	142.3	 685	OK
 853	     0	77.6	147.8	 684	OK
 854	     0	75.4	144.6	 673	OK
 855	     0	74.5	142.2	 687	OK
 856	     0	75.0	143.1	 669	OK
 857	     0	77.1	146.1	 686	OK
 858	     0	78.2	147.4	 700	OK
 859	     0	75.7	143.6	 675	OK
 860	     0	75.0	143.2	 662	OK
 861	     0	77.2	146.4	 674	OK
 862	     0	77.2	149.0	 667	OK
 863	     0	76.9	144.4	 667	OK
 864	     0	76.6	145.4	 667	OK
 865	     0	77.5	146.9	 670	OK
 866	     0	75.2	141.1	 676	OK
 867	     0	77.3	145.9	 687	OK
 868	     0	75.9	145.1	 685	OK
 869	     0	77.6	148.1	 667	OK
 870	     0	77.9	148.3	 656	OK
 871	     0	78.6	148.4	 672	OK
 872	     0	76.3	146.1	 672	OK
 873	     0	76.3	146.0	 691	OK
 874	     0	76.5	146.9	 678	OK
 875	     0	74.7	140.9	 678	OK
 876	     0	77.3	145.2	 674	OK
 877	     0	74.9	142.1	 687	OK
 878	     0	79.0	148.1	 697	OK
 879	     0	76.7	147.3	 676	OK
 880	     0	75.8	146.3	 661	OK
 881	     0	76.4	145.0	 671	OK
 882	     0	77.7	146.8	 682	OK
 883	     0	77.6	147.9	 671	OK
 884	     0	76.8	146.9	 694	OK
 885	     0	75.4	145.6	 680	OK
 886	     0	77.3	147.2	 692	OK
 887	     0	76.4	148.3	 680	OK
 888	     0	75.7	143.3	 691	OK
 889	     0	79.3	151.5	 683	OK
 890	     0	77.3	145.2	 681	OK
 891	     0	79.3	149.8	 676	OK
 892	     0	77.8	147.8	 670	OK
 893	     0	79.1	149.0	 677	OK
 894	     0	76.9	146.0	 679	OK
 895	     0	76.3	144.2	 688	OK
 896	     0	77.4	146.2	 666	OK
 897	     0	74.6	141.2	 660	OK
 898	     0	76.7	146.8	 659	OK
 899	     0	77.2	145.8	 687	OK
 900	     0	75.0	141.6	 694	OK
 901	     0	73.7	141.3	 669	OK
 902	     0	75.2	143.3	 666	OK
 903	     0	75.9	143.5	 685	OK
 904	     0	76.6	145.1	 664	OK
 905	     0	75.7	145.0	 671	OK
 906	     0	74.3	140.4	 668	OK
 907	     0	76.3	146.5	 678	OK
 908	     0	73.8	140.1	 668	OK
 909	     0	75.9	144.6	 664	OK
 910	     0	73.9	140.3	 664	OK
 911	     0	76.0	145.0	 679	OK
 912	     0	76.2	144.6	 657	OK
 913	     0	74.9	144.4	 673	OK
 914	     0	74.0	139.3	 682	OK
 915	     0	75.4	143.0	 664	OK
 916	     0	74.7	141.3	 666	OK
 917	     0	75.9	145.6	 675	OK
 918	     0	74.9	144.0	 667	OK
 919	     0	75.9	142.9	 676	OK
 920	     0	75.8	145.3	 678	OK
 921	     0	74.3	140.6	 655	OK
 922	     0	74.2	140.2	 666	OK
 923	     0	73.9	141.9	 676	OK
 924	     0	74.2	142.4	 689	OK
 925	     0	75.3	143.1	 676	OK
 926	     0	75.9	144.3	 678	OK
 927	     0	76.3	145.7	 677	OK
 928	     0	74.6	142.1	 679	OK
 929	     0	74.7	143.8	 695	OK
 930	     0	73.8	142.6	 669	OK
 931	     0	74.1	143.0	 682	OK
 932	     0	76.3	146.0	 663	OK
 933	     0	72.9	140.1	 661	OK
 934	     0	77.8	147.5	 651	OK
 935	     0	76.5	142.9	 680	OK
 936	     0	76.2	144.1	 664	OK
 937	     0	72.3	139.0	 658	OK
 938	     0	73.9	139.3	 652	OK
 939	     0	72.6	137.5	 678	OK
 940	     0	74.4	141.9	 662	OK
 941	     0	74.7	142.9	 654	OK
 942	     0	73.4	141.4	 663	OK
 943	     0	75.0	141.3	 663	OK
 944	     0	74.2	141.5	 655	OK
 945	     0	77.1	146.3	 665	OK
 946	     0	76.0	145.7	 656	OK
 947	     0	74.1	141.6	 644	OK
 948	     0	76.3	145.1	 672	OK
 949	     0	77.3	144.6	 670	OK
 950	     0	74.8	142.1	 657	OK
 951	     0	72.6	140.8	 665	OK
 952	     0	74.8	142.5	 673	OK
 953	     0	76.6	146.4	 670	OK
 954	     0	74.1	142.3	 662	OK
 955	     0	73.3	141.1	 673	OK
 956	     0	75.1	143.4	 667	OK
 957	     0	75.0	141.0	 657	OK
 958	     0	77.3	147.5	 662	OK
 959	     0	76.3	144.7	 669	OK
 960	     0	78.6	147.7	 672	OK
 961	     0	75.7	143.2	 671	OK
 962	     0	75.9	144.8	 692	OK
 963	     0	75.1	143.1	 672	OK
 964	     0	75.0	143.1	 683	OK
 965	     0	73.2	141.0	 667	OK
 966	     0	74.9	142.3	 671	OK
 967	     0	73.6	142.2	 670	OK
 968	     0	76.0	146.1	 688	OK
 969	     0	77.9	148.5	 680	OK
 970	     0	76.6	144.7	 681	OK
 971	     0	75.8	144.6	 659	OK
 972	     0	75.9	145.6	 647	OK
 973	     0	75.0	143.3	 694	OK
 974	     0	76.0	144.5	 689	OK
 975	     0	74.5	140.9	 661	OK
 976	     0	75.9	143.9	 676	OK
 977	     0	75.3	145.0	 683	OK
 978	     0	75.7	143.4	 683	OK
 979	     0	75.2	145.0	 685	OK
 980	     0	74.1	141.7	 672	OK
 981	     0	74.8	144.0	 696	OK
 982	     0	78.3	146.9	 678	OK
 983	     0	74.8	143.3	 683	OK
 984	     0	75.8	144.8	 660	OK
 985	     0	74.8	141.6	 682	OK
 986	     0	76.1	144.6	 683	OK
 987	     0	74.8	142.2	 667	OK
 988	     0	75.5	143.4	 682	OK
 989	     0	75.3	143.0	 710	OK
 990	     0	75.0	142.0	 665	OK
 991	     0	73.5	138.6	 662	OK
 992	     0	76.8	144.6	 662	OK
 993	     0	73.6	141.7	 685	OK
 994	     0	73.8	141.1	 698	OK
 995	     0	74.9	145.3	 660	OK
 996	     0	73.6	141.5	 685	OK
 997	     0	76.4	143.1	 690	OK
 998	     0	74.8	143.8	 692	OK
 999	     0	76.6	146.0	 696	OK
1000	     0	76.1	142.8	 678	OK
1001	     0	73.0	138.6	 667	OK
1002	     0	73.9	141.9	 680	OK
1003	     0	75.3	143.9	 678	OK
1004	     0	75.8	142.8	 672	OK
1005	     0	77.0	146.8	 674	OK
1006	     0	77.0	145.5	 673	OK
1007	     0	75.6	143.4	 685	OK
1008	     0	74.3	142.0	 683	OK
1009	     0	73.5	140.3	 676	OK
1010	     0	77.6	148.0	 691	OK
1011	     0	74.9	143.6	 671	OK
1012	     0	77.3	147.4	 683	OK
1013	     0	76.5	146.7	 673	OK
1014	     0	79.1	150.1	 697	OK
1015	     0	74.4	142.6	 667	OK
1016	     0	76.2	145.6	 682	OK
1017	     0	74.6	142.8	 677	OK
1018	     0	78.1	147.6	 695	OK
1019	     0	77.2	147.3	 679	OK
1020	     0	77.9	148.2	 688	OK
1021	     0	74.0	141.5	 683	OK
1022	     0	76.0	143.3	 662	OK
1023	     0	78.5	147.9	 668	OK
1024	     0	77.8	146.7	 662	OK
1025	     0	79.9	149.3	 667	OK
1026	     0	79.5	149.2	 665	OK
1027	     0	75.4	142.4	 651	OK
1028	     0	78.4	145.6	 671	OK
1029	     0	79.5	147.3	 648	OK
1030	     0	80.3	148.7	 657	OK
1031	     0	78.3	146.1	 654	OK
1032	     0	78.0	146.8	 672	OK
1033	     0	78.6	144.7	 641	OK
1034	     0	79.6	151.6	 665	OK
1035	     0	77.9	148.0	 658	OK
1036	     0	77.0	145.0	 664	OK
1037	     0	79.0	149.4	 654	OK
1038	     0	78.0	146.3	 641	OK
1039	     0	78.6	146.7	 655	OK
1040	     0	77.4	146.8	 657	OK
1041	     0	76.7	144.4	 665	OK
1042	     0	77.5	146.7	 638	OK
1043	     0	76.8	144.4	 662	OK
1044	     0	80.5	149.7	 647	OK
1045	     0	80.1	150.4	 636	OK
1046	     0	78.8	148.8	 651	OK
1047	     0	79.4	149.3	 650	OK
1048	     0	80.2	151.2	 652	OK
1049	     0	80.4	150.2	 653	OK
1050	     0	78.2	147.4	 638	OK
1051	     0	78.7	147.1	 660	OK
1052	     0	79.0	147.9	 639	OK
1053	     0	77.6	147.6	 648	OK
1054	     0	79.7	149.4	 652	OK
1055	     0	76.3	142.8	 654	OK
1056	     0	76.8	144.9	 647	OK
1057	     0	78.3	146.7	 645	OK
1058	     0	79.2	148.1	 655	OK
1059	     0	76.5	144.2	 658	OK
1060	     0	78.7	147.8	 649	OK
1061	     0	77.3	147.0	 633	OK
1062	     0	79.7	150.9	 655	OK
1063	     0	77.6	146.8	 648	OK
1064	     0	77.2	144.4	 652	OK
1065	     0	78.2	146.6	 650	OK
1066	     0	77.8	144.0	 638	OK
1067	     0	77.5	146.2	 646	OK
1068	     0	79.9	148.4	 652	OK
1069	     0	78.2	147.2	 660	OK
1070	     0	77.4	145.2	 637	OK
1071	     0	79.6	148.6	 669	OK
1072	     0	77.4	145.4	 650	OK
1073	     0	78.0	146.7	 687	OK
1074	     0	77.8	145.1	 657	OK
1075	     0	78.6	150.2	 663	OK
1076	     0	77.9	144.9	 645	OK
1077	     0	78.4	147.5	 669	OK
1078	     0	78.5	147.3	 675	OK
1079	     0	80.4	150.3	 660	OK
1080	     0	77.1	144.6	 681	OK
1081	     0	78.9	149.3	 652	OK
1082	     0	80.0	149.7	 649	OK
1083	     0	79.0	150.4	 664	OK
1084	     0	78.3	148.5	 653	OK
1085	     0	77.9	146.3	 673	OK
1086	     0	79.8	152.4	 671	OK
1087	     0	81.5	155.2	 656	OK
1088	     0	78.2	148.7	 655	OK
1089	     0	77.4	147.0	 645	OK
1090	     0	79.9	152.4	 668	OK
1091	     0	76.8	144.6	 657	OK
1092	     0	79.8	150.1	 656	OK
1093	     0	77.8	146.8	 667	OK
1094	     0	77.6	145.8	 654	OK
1095	     0	78.6	145.9	 646	OK
1096	     0	80.6	149.8	 666	OK
1097	     0	80.3	151.3	 652	OK
1098	     0	80.2	148.2	 650	OK
1099	     0	79.2	148.2	 664	OK
1100	     0	79.9	151.2	 674	OK
1101	     0	80.7	151.5	 662	OK
1102	     0	78.1	148.1	 644	OK
1103	     0	79.4	149.9	 668	OK
1104	     0	80.8	150.9	 663	OK
1105	     0	79.5	149.6	 674	OK
1106	     0	80.2	149.5	 659	OK
1107	     0	78.8	148.4	 673	OK
1108	     0	78.8	146.8	 657	OK
1109	     0	78.9	148.0	 651	OK
1110	     0	78.3	148.9	 657	OK
1111	     0	78.3	147.3	 669	OK
1112	     0	78.0	146.6	 647	OK
1113	     0	78.1	145.6	 658	OK
1114	     0	79.3	148.1	 637	OK
1115	     0	78.7	148.5	 653	OK
1116	     0	77.2	144.9	 666	OK
1117	     0	77.9	146.1	 645	OK
1118	     0	79.8	149.8	 641	OK
1119	     0	80.1	151.4	 671	OK
1120	     0	78.3	146.5	 666	OK
1121	     0	76.6	145.0	 661	OK
1122	     0	76.8	144.1	 649	OK
1123	     0	79.3	150.8	 643	OK
1124	     0	76.2	145.1	 656	OK
1125	     0	76.8	144.4	 641	OK
1126	     0	79.0	147.3	 647	OK
1127	     0	76.9	145.1	 654	OK
1128	     0	78.4	145.2	 654	OK
1129	     0	77.7	147.1	 645	OK
1130	     0	78.6	148.5	 660	OK
1131	     0	77.7	145.4	 652	OK
1132	     0	81.9	154.4	 643	OK
1133	     0	80.1	149.8	 640	OK
1134	     0	80.1	151.2	 638	OK
1135	     0	78.9	150.6	 636	OK
1136	     0	77.8	145.6	 672	OK
1137	     0	79.5	148.7	 643	OK
1138	     0	80.9	150.9	 658	OK
1139	     0	81.9	152.3	 627	OK
1140	     0	81.0	151.4	 640	OK
1141	     0	79.4	148.9	 639	OK
1142	     0	78.3	149.1	 653	OK
1143	     0	78.1	145.3	 626	OK
1144	     0	78.6	148.1	 632	OK
1145	     0	77.8	146.5	 663	OK
1146	     0	81.3	152.8	 643	OK
1147	     0	81.5	154.9	 647	OK
1148	     0	80.0	150.2	 656	OK
1149	     0	77.1	145.9	 658	OK
1150	     0	79.0	148.6	 642	OK
1151	     0	80.8	150.5	 636	OK
1152	     0	81.8	152.2	 712	OK
1153	     0	79.0	147.5	 656	OK
1154	     0	79.5	149.2	 660	OK
1155	     0	78.9	147.8	 661	OK
1156	     0	77.0	146.6	 654	OK
1157	     0	78.3	147.2	 663	OK
1158	     0	78.6	148.4	 638	OK
1159	     0	77.0	145.6	 660	OK
1160	     0	77.2	146.1	 653	OK
1161	     0	79.6	149.7	 661	OK
1162	     0	78.8	148.3	 652	OK
1163	     0	75.4	143.3	 645	OK
1164	     0	79.1	149.3	 651	OK
1165	     0	78.1	146.2	 673	OK
1166	     0	77.9	146.2	 646	OK
1167	     0	76.9	144.6	 635	OK
1168	     0	78.3	145.9	 656	OK
1169	     0	76.8	143.4	 641	OK
1170	     0	78.4	148.7	 653	OK
1171	     0	77.4	145.4	 647	OK
1172	     0	78.7	148.2	 657	OK
1173	     0	80.9	150.0	 654	OK
1174	     0	78.9	148.8	 647	OK
1175	     0	78.3	149.3	 664	OK
1176	     0	76.2	143.9	 653	OK
1177	     0	77.0	145.9	 675	OK
1178	     0	77.0	148.2	 652	OK
1179	     0	77.1	145.3	 658	OK
1180	     0	79.8	150.8	 655	OK
1181	     0	78.5	148.5	 657	OK
1182	     0	76.8	145.4	 658	OK
1183	     0	78.2	146.5	 655	OK
1184	     0	78.7	147.4	 673	OK
1185	     0	79.0	148.3	 657	OK
1186	     0	79.3	148.8	 668	OK
1187	     0	79.4	148.5	 673	OK
1188	     0	77.0	144.2	 679	OK
1189	     0	80.7	151.7	 654	OK
1190	     0	81.2	153.9	 683	OK
1191	     0	77.9	147.3	 674	OK
1192	     0	77.5	144.8	 683	OK
1193	     0	77.7	147.1	 673	OK
1194	     0	79.7	150.4	 686	OK
1195	     0	78.6	149.2	 671	OK
1196	     0	76.5	145.5	 695	OK
1197	     0	80.5	150.8	 668	OK
1198	     0	78.6	146.4	 676	OK
1199	     0	80.3	149.9	 668	OK
1200	     0	78.9	145.5	 674	OK
1201	     0	75.6	142.8	 656	OK
1202	     0	79.0	146.9	 661	OK
1203	     0	77.9	147.9	 659	OK
1204	     0	76.1	142.4	 683	OK
1205	     0	79.6	150.2	 672	OK
1206	     0	77.5	147.6	 674	OK
1207	     0	77.9	144.9	 675	OK
1208	     0	77.3	144.5	 677	OK
1209	     0	78.9	147.2	 689	OK
1210	     0	78.0	150.0	 662	OK
1211	     0	78.0	147.0	 662	OK
1212	     0	77.0	144.0	 666	OK
1213	     0	79.6	152.0	 678	OK
1214	     0	78.6	149.9	 683	OK
1215	     0	79.8	151.2	 683	OK
1216	     0	80.9	152.4	 673	OK
1217	     0	80.5	149.4	 675	OK
1218	     0	78.1	147.6	 676	OK
1219	     0	79.8	151.5	 692	OK
1220	     0	79.6	147.6	 680	OK
1221	     0	80.0	151.7	 687	OK
1222	     0	77.9	146.3	 682	OK
1223	     0	79.3	149.2	 688	OK
1224	     0	77.6	145.1	 689	OK
1225	     0	76.8	146.1	 670	OK
1226	     0	78.3	148.1	 682	OK
1227	     0	78.4	149.2	 667	OK
1228	     0	76.7	143.3	 675	OK
1229	     0	81.8	155.1	 682	OK
1230	     0	79.7	151.1	 671	OK
1231	     0	77.9	145.4	 674	OK
1232	     0	76.9	145.1	 694	OK
1233	     0	77.0	147.3	 670	OK
1234	     0	79.3	149.4	 693	OK
1235	     0	79.5	149.7	 676	OK
1236	     0	77.9	145.1	 667	OK
1237	     0	75.5	143.4	 682	OK
1238	     0	78.9	148.7	 677	OK
1239	     0	76.2	142.6	 674	OK
1240	     0	77.8	148.0	 679	OK
1241	     0	76.6	143.5	 680	OK
1242	     0	80.1	152.0	 681	OK
1243	     0	79.4	150.9	 689	OK
1244	     0	80.4	151.8	 674	OK
1245	     0	77.2	144.6	 656	OK
1246	     0	76.2	142.9	 663	OK
1247	     0	79.7	148.8	 658	OK
1248	     0	79.2	148.4	 663	OK
1249	     0	78.2	148.0	 660	OK
1250	     0	78.9	147.4	 672	OK
1251	     0	78.6	150.3	 675	OK
1252	     0	79.6	147.5	 678	OK
1253	     0	78.6	146.0	 660	OK
1254	     0	78.7	150.4	 678	OK
1255	     0	78.7	149.5	 676	OK
1256	     0	79.2	148.9	 686	OK
1257	     0	81.2	153.0	 679	OK
1258	     0	80.0	150.4	 684	OK
1259	     0	79.4	150.3	 683	OK
1260	     0	77.8	145.3	 672	OK
1261	     0	81.4	155.0	 668	OK
1262	     0	80.8	151.4	 668	OK
1263	     0	79.0	149.3	 680	OK
1264	     0	78.6	147.9	 657	OK
1265	     0	79.2	148.3	 666	OK
1266	     0	78.9	147.4	 686	OK
1267	     0	79.1	148.0	 662	OK
1268	     0	81.6	153.3	 693	OK
1269	     0	79.5	148.8	 675	OK
1270	     0	78.6	146.2	 687	OK
1271	     0	78.3	148.2	 667	OK
1272	     0	78.7	147.7	 683	OK
1273	     0	79.1	149.3	 680	OK
1274	     0	80.9	151.0	 680	OK
1275	     0	77.7	146.8	 689	OK
1276	     0	79.0	150.4	 665	OK
1277	     0	79.6	149.0	 676	OK
1278	     0	77.5	146.8	 677	OK
1279	     0	79.3	150.7	 688	OK
1408	     0	75.5	144.4	 553	OK
1409	     0	81.3	152.5	 562	OK
1410	     0	77.6	146.4	 557	OK
1411	     0	79.8	151.2	 551	OK
1412	     0	79.0	147.2	 548	OK
1413	     0	76.9	144.7	 539	OK
1414	     0	78.9	148.8	 543	OK
1415	     0	80.6	153.6	 554	OK
1416	     0	75.1	145.0	 561	OK
1417	     0	80.8	152.6	 544	OK
1418	     0	77.4	144.6	 559	OK
1419	     0	77.9	147.5	 559	OK
1420	     0	78.1	148.8	 566	OK
1421	     0	77.5	146.2	 541	OK
1422	     0	77.1	145.1	 549	OK
1423	     0	77.3	145.0	 548	OK
1424	     0	79.0	148.9	 550	OK
1425	     0	77.0	145.8	 559	OK
1426	     0	76.5	145.6	 568	OK
1427	     0	77.4	146.7	 543	OK
1428	     0	78.2	148.6	 544	OK
1429	     0	76.9	145.9	 542	OK
1430	     0	77.7	148.9	 555	OK
1431	     0	79.5	150.9	 538	OK
1432	     0	78.5	149.4	 546	OK
1433	     0	79.2	150.7	 563	OK
1434	     0	77.1	146.5	 569	OK
1435	     0	76.3	144.5	 561	OK
1436	     0	76.0	141.0	 549	OK
1437	     0	78.5	146.4	 557	OK
1438	     0	78.5	149.3	 560	OK
1439	     0	77.3	146.4	 547	OK
1440	     0	78.2	149.3	 555	OK
1441	     0	75.0	142.2	 551	OK
1442	     0	78.7	148.8	 565	OK
1443	     0	77.2	145.6	 557	OK
1444	     0	77.8	149.0	 561	OK
1445	     0	75.8	145.3	 539	OK
1446	     0	77.7	145.6	 559	OK
1447	     0	76.0	145.5	 556	OK
1448	     0	78.4	147.5	 545	OK
1449	     0	75.6	142.9	 548	OK
1450	     0	77.2	146.2	 567	OK
1451	     0	75.7	145.2	 566	OK
1452	     0	78.4	149.9	 564	OK
1453	     0	76.9	147.7	 550	OK
1454	     0	78.8	148.3	 564	OK
1455	     0	77.3	146.2	 565	OK
1456	     0	78.2	147.7	 548	OK
1457	     0	76.2	145.8	 553	OK
1458	     0	75.8	144.8	 572	OK
1459	     0	75.2	145.2	 544	OK
1460	     0	77.6	146.0	 555	OK
1461	     0	78.7	149.0	 553	OK
1462	     0	77.5	146.8	 551	OK
1463	     0	76.4	146.1	 557	OK
1464	     0	77.2	146.6	 545	OK
1465	     0	74.2	141.4	 550	OK
1466	     0	76.6	144.5	 548	OK
1467	     0	75.7	144.0	 566	OK
1468	     0	78.8	148.4	 552	OK
1469	     0	77.3	146.9	 559	OK
1470	     0	79.5	149.6	 544	OK
1471	     0	78.9	150.5	 553	OK
1472	     0	78.1	146.5	 550	OK
1473	     0	78.2	148.4	 540	OK
1474	     0	77.9	149.1	 574	OK
1475	     0	77.7	146.4	 550	OK
1476	     0	76.9	146.9	 568	OK
1477	     0	76.9	147.0	 545	OK
1478	     0	79.9	151.2	 564	OK
1479	     0	79.9	152.2	 566	OK
1480	     0	76.1	145.0	 560	OK
1481	     0	75.2	141.7	 557	OK
1482	     0	76.4	146.7	 547	OK
1483	     0	76.5	145.6	 568	OK
1484	     0	78.2	148.8	 537	OK
1485	     0	78.4	146.7	 544	OK
1486	     0	77.1	146.5	 550	OK
1487	  1000	74.7	140.6	 533	unbonded
1488	     0	78.8	148.8	 543	OK
1489	     0	76.5	146.2	 564	OK
1490	     0	77.6	147.8	 554	OK
1491	     0	77.0	146.2	 553	OK
1492	     0	76.7	143.3	 553	OK
1493	     0	76.0	144.7	 560	OK
1494	     0	78.6	150.0	 538	OK
1495	     0	77.0	145.3	 564	OK
1496	     0	76.7	146.1	 558	OK
1497	     0	76.8	147.3	 537	OK
1498	     0	78.9	149.9	 548	OK
1499	     0	75.8	143.4	 555	OK
1500	     0	77.1	146.5	 547	OK
1501	     0	78.0	150.1	 541	OK
1502	     0	77.4	145.9	 554	OK
1503	     0	76.5	146.6	 533	OK
1504	     0	79.3	150.2	 553	OK
1505	     0	79.0	149.9	 572	OK
1506	     0	76.7	145.0	 534	OK
1507	     0	78.7	151.9	 557	OK
1508	     0	77.4	147.2	 542	OK
1509	     0	77.6	147.0	 531	OK
1510	     0	76.9	144.9	 565	OK
1511	     0	77.9	145.7	 528	OK
1512	     0	77.9	147.7	 539	OK
1513	     0	77.7	146.2	 542	OK
1514	     0	78.2	146.7	 555	OK
1515	     0	77.0	146.4	 556	OK
1516	     0	77.4	147.6	 552	OK
1517	     0	74.6	144.1	 549	OK
1518	     0	76.9	145.1	 569	OK
1519	     0	78.6	149.5	 562	OK
1520	     0	76.1	144.0	 556	OK
1521	     0	78.7	150.1	 556	OK
1522	     0	77.6	148.7	 546	OK
1523	     0	75.8	144.0	 552	OK
1524	     0	77.5	148.0	 554	OK
1525	     0	79.2	149.4	 550	OK
1526	     0	76.8	145.9	 547	OK
1527	     0	78.5	149.2	 559	OK
1528	     0	77.5	146.7	 566	OK
1529	     0	79.6	152.3	 531	OK
1530	     0	78.1	149.1	 557	OK
1531	     0	79.0	148.2	 548	OK
1532	     0	77.5	148.0	 541	OK
1533	     0	76.6	148.0	 548	OK
1534	     0	79.2	148.4	 550	OK
1535	     0	79.2	148.4	 587	OK
1536	     0	79.7	150.2	 538	OK
1537	     0	81.4	153.4	 539	OK
1538	     0	81.4	155.4	 544	OK
1539	     0	80.7	152.6	 552	OK
1540	     0	79.5	150.3	 567	OK
1541	     0	79.9	151.7	 538	OK
1542	     0	80.0	152.0	 560	OK
1543	     0	80.6	152.5	 544	OK
1544	     0	80.8	154.3	 546	OK
1545	     0	80.4	151.2	 546	OK
1546	     0	78.3	150.0	 536	OK
1547	     0	81.1	153.1	 541	OK
1548	     0	80.5	153.2	 550	OK
1549	     0	80.8	152.5	 535	OK
1550	     0	78.5	147.6	 537	OK
1551	     0	79.1	149.6	 565	OK
1552	     0	78.7	150.1	 544	OK
1553	     0	79.9	151.7	 549	OK
1554	     0	79.2	148.6	 544	OK
1555	     0	76.4	144.6	 550	OK
1556	     0	80.6	153.2	 545	OK
1557	     0	80.3	151.2	 558	OK
1558	     0	81.2	153.5	 543	OK
1559	     0	79.3	151.7	 539	OK
1560	     0	81.4	152.9	 543	OK
1561	     0	79.7	152.0	 546	OK
1562	     0	80.7	153.1	 547	OK
1563	     0	80.6	152.6	 546	OK
1564	     0	79.5	152.6	 544	OK
1565	     0	78.8	149.0	 543	OK
1566	     0	80.1	151.4	 547	OK
1567	     0	79.3	150.4	 553	OK
1568	     0	80.9	154.0	 549	OK
1569	     0	79.8	151.4	 550	OK
1570	     0	79.5	149.7	 558	OK
1571	     0	81.2	154.7	 552	OK
1572	     0	80.6	152.1	 544	OK
1573	     0	79.2	149.4	 549	OK
1574	     0	78.3	148.5	 556	OK
1575	     0	80.0	153.9	 551	OK
1576	     0	78.1	149.4	 552	OK
1577	     0	79.4	149.9	 544	OK
1578	     0	81.1	151.4	 559	OK
1579	     0	79.7	151.3	 548	OK
1580	     0	78.9	150.2	 548	OK
1581	     0	77.5	146.7	 563	OK
1582	     0	80.1	150.0	 537	OK
1583	     0	78.4	149.0	 553	OK
1584	     0	82.5	154.5	 548	OK
1585	     0	78.4	148.5	 558	OK
1586	     0	80.9	151.6	 545	OK
1587	     0	77.8	149.3	 545	OK
1588	     0	79.5	151.7	 539	OK
1589	     0	78.7	148.8	 546	OK
1590	     0	81.2	153.3	 556	OK
1591	     0	78.1	146.8	 544	OK
1592	     0	79.0	148.8	 556	OK
1593	     0	82.3	157.9	 557	OK
1594	     0	80.7	154.3	 539	OK
1595	     0	82.3	156.4	 554	OK
1596	     0	81.2	154.5	 555	OK
1597	     0	80.7	153.8	 552	OK
1598	     0	81.7	154.9	 540	OK
1599	     0	80.7	154.2	 535	OK
1600	     0	80.7	152.9	 555	OK
1601	     0	80.0	150.4	 561	OK
1602	     0	79.9	150.9	 552	OK
1603	     0	81.4	154.4	 552	OK
1604	     0	78.0	150.6	 541	OK
1605	     0	81.2	152.1	 552	OK
1606	     0	78.6	149.7	 544	OK
1607	     0	80.3	152.7	 558	OK
1608	     0	80.1	152.8	 555	OK
1609	     0	78.8	149.3	 562	OK
1610	     0	79.3	149.9	 546	OK
1611	     0	79.9	150.6	 549	OK
1612	     0	78.3	147.9	 550	OK
1613	     0	78.3	150.5	 557	OK
1614	     0	81.6	156.1	 548	OK
1615	     0	75.8	144.9	 552	OK
1616	     0	81.0	151.7	 542	OK
1617	     0	78.6	147.9	 540	OK
1618	     0	76.5	146.0	 563	OK
1619	     0	78.6	148.6	 548	OK
1620	     0	77.3	146.9	 546	OK
1621	     0	80.1	153.2	 545	OK
1622	     0	76.9	145.6	 565	OK
1623	     0	80.2	153.1	 553	OK
1624	     0	80.2	152.6	 540	OK
1625	     0	80.0	151.2	 556	OK
1626	     0	77.5	146.4	 539	OK
1627	     0	79.3	151.4	 524	OK
1628	     0	79.4	151.6	 547	OK
1629	     0	79.9	151.2	 549	OK
1630	     0	80.5	154.1	 544	OK
1631	     0	77.7	147.0	 555	OK
1632	     0	80.8	154.6	 545	OK
1633	     0	78.0	146.8	 550	OK
1634	     0	80.3	151.3	 551	OK
1635	     0	77.8	148.4	 538	OK
1636	     0	79.1	149.5	 541	OK
1637	     0	79.3	149.4	 540	OK
1638	     0	79.9	150.5	 546	OK
1639	     0	79.7	149.7	 537	OK
1640	     0	79.1	148.8	 555	OK
1641	     0	77.5	148.5	 555	OK
1642	     0	78.5	148.6	 552	OK
1643	     0	79.2	151.1	 546	OK
1644	     0	76.8	145.9	 529	OK
1645	     0	79.0	148.8	 557	OK
1646	     0	78.9	148.3	 550	OK
1647	     0	79.9	152.7	 558	OK
1648	     0	80.3	151.8	 550	OK
1649	     0	78.8	149.8	 539	OK
1650	     0	78.8	148.0	 549	OK
1651	     0	80.4	151.1	 547	OK
1652	     0	78.0	150.4	 535	OK
1653	     0	80.4	151.0	 553	OK
1654	     0	78.2	149.9	 543	OK
1655	     0	77.6	149.3	 551	OK
1656	     0	78.9	149.3	 552	OK
1657	     0	80.5	153.0	 534	OK
1658	     0	79.8	151.2	 561	OK
1659	     0	78.9	148.9	 553	OK
1660	     0	81.3	152.3	 553	OK
1661	     0	79.0	149.7	 549	OK
1662	     0	79.7	150.4	 553	OK
1663	     0	78.2	150.1	 559	OK
1664	     0	74.9	144.4	 570	OK
1665	     0	78.8	151.3	 580	OK
1666	     0	76.0	144.7	 574	OK
1667	     0	78.2	149.0	 575	OK
1668	     0	77.5	147.2	 563	OK
1669	     0	78.8	150.6	 567	OK
1670	     0	76.3	144.4	 557	OK
1671	     0	78.7	149.4	 570	OK
1672	     0	76.6	146.9	 570	OK
1673	     0	78.1	150.0	 571	OK
1674	     0	75.9	144.9	 569	OK
1675	     0	77.3	147.9	 558	OK
1676	     0	75.9	144.3	 563	OK
1677	     0	75.3	143.5	 557	OK
1678	  1000	75.8	144.9	 524	unbonded
1679	     0	77.3	148.6	 562	OK
1680	     0	76.3	144.4	 564	OK
1681	     0	77.7	149.2	 544	OK
1682	     0	73.6	141.5	 569	OK
1683	     0	75.5	144.8	 539	OK
1684	     0	75.6	146.1	 566	OK
1685	     0	76.1	146.1	 559	OK
1686	     0	75.9	145.6	 553	OK
1687	     0	74.8	141.8	 557	OK
1688	     0	80.6	153.5	 570	OK
1689	     0	76.2	146.3	 558	OK
1690	     0	75.8	144.9	 554	OK
1691	     0	77.4	147.4	 559	OK
1692	     0	77.8	149.7	 560	OK
1693	     0	75.6	145.1	 588	OK
1694	     0	73.9	142.5	 566	OK
1695	     0	75.5	145.1	 568	OK
1696	     0	77.3	146.4	 572	OK
1697	     0	76.6	147.3	 559	OK
1698	     0	76.8	145.2	 567	OK
1699	     0	75.3	143.3	 578	OK
1700	     0	76.8	146.6	 557	OK
1701	     0	75.1	142.7	 559	OK
1702	     0	79.0	149.9	 559	OK
1703	     0	78.7	149.0	 566	OK
1704	     0	77.3	147.2	 567	OK
1705	     0	76.5	146.4	 592	OK
1706	     0	78.1	149.6	 576	OK
1707	     0	75.7	145.4	 577	OK
1708	     0	77.3	146.7	 566	OK
1709	     0	75.8	146.0	 550	OK
1710	     0	76.5	145.6	 563	OK
1711	     0	76.9	146.3	 575	OK
1712	     0	75.1	142.6	 566	OK
1713	     0	75.9	146.2	 561	OK
1714	     0	76.0	144.2	 556	OK
1715	     0	74.3	144.0	 572	OK
1716	     0	76.4	145.4	 567	OK
1717	     0	75.8	146.2	 562	OK
1718	     0	74.8	142.9	 555	OK
1719	     0	74.8	142.6	 573	OK
1720	     0	74.2	142.9	 570	OK
1721	     0	74.4	141.1	 575	OK
1722	     0	76.1	145.7	 581	OK
1723	     0	74.5	142.0	 575	OK
1724	     0	76.6	147.2	 569	OK
1725	     0	77.2	149.2	 554	OK
1726	     0	73.6	140.9	 565	OK
1727	     0	76.9	145.6	 565	OK
1728	     0	75.5	146.1	 556	OK
1729	     0	76.2	146.0	 578	OK
1730	     0	75.9	144.8	 560	OK
1731	     0	76.6	146.2	 579	OK
1732	     0	78.4	148.4	 568	OK
1733	     0	76.6	145.3	 542	OK
1734	     0	76.9	147.5	 570	OK
1735	     0	78.5	148.8	 563	OK
1736	     0	77.3	147.4	 561	OK
1737	     0	76.6	146.8	 556	OK
1738	     0	74.8	143.9	 574	OK
1739	     0	76.0	147.0	 562	OK
1740	     0	73.7	142.3	 571	OK
1741	     0	76.7	147.8	 565	OK
1742	     0	73.7	142.3	 560	OK
1743	     0	75.7	144.4	 558	OK
1744	     0	76.7	147.5	 571	OK
1745	     0	73.4	140.4	 563	OK
1746	     0	76.9	148.3	 563	OK
1747	     0	75.8	144.6	 560	OK
1748	     0	77.5	148.7	 558	OK
1749	     0	78.7	149.1	 569	OK
1750	     0	75.0	143.4	 556	OK
1751	     0	75.7	146.0	 566	OK
1752	     0	76.9	147.2	 566	OK
1753	     0	76.6	143.8	 549	OK
1754	     0	76.2	145.9	 553	OK
1755	     0	74.5	142.1	 575	OK
1756	     0	76.7	144.2	 556	OK
1757	     0	75.4	143.3	 573	OK
1758	     0	76.7	146.7	 547	OK
1759	     0	75.8	144.4	 559	OK
1760	     0	76.6	146.9	 553	OK
1761	     0	77.3	147.6	 554	OK
1762	     0	75.9	144.9	 555	OK
1763	     0	75.3	144.7	 552	OK
1764	     0	76.8	145.6	 558	OK
1765	     0	76.7	144.4	 551	OK
1766	     0	76.3	144.9	 537	OK
1767	     0	76.0	143.9	 575	OK
1768	     0	76.4	145.1	 565	OK
1769	     0	77.0	148.1	 570	OK
1770	     0	76.4	144.1	 564	OK
1771	     0	76.1	144.8	 553	OK
1772	     0	76.8	146.7	 558	OK
1773	     0	76.7	147.3	 541	OK
1774	     0	77.4	147.9	 547	OK
1775	     0	75.6	143.3	 560	OK
1776	     0	76.7	145.3	 553	OK
1777	     0	77.6	147.7	 553	OK
1778	     0	74.8	141.4	 568	OK
1779	     0	76.8	147.5	 546	OK
1780	     0	75.7	145.2	 542	OK
1781	     0	75.8	145.1	 545	OK
1782	     0	78.0	146.8	 556	OK
1783	     0	78.3	147.1	 546	OK
1784	     0	76.6	144.9	 568	OK
1785	     0	75.9	145.6	 559	OK
1786	     0	75.1	142.6	 558	OK
1787	     0	77.7	148.0	 564	OK
1788	     0	80.0	153.3	 563	OK
1789	     0	77.7	149.8	 556	OK
1790	     0	78.8	149.5	 563	OK
1791	     0	78.1	148.1	 567	OK
1792	  1000	73.0	144.8	 553	unbonded
1793	  1000	73.4	143.9	 539	unbonded
1794	     0	71.3	140.3	 577	OK
1795	  1000	73.2	151.4	 549	unbonded
1796	  1000	74.6	146.8	 542	unbonded
1797	  1000	73.1	160.2	 547	unbonded
1798	  1000	73.5	144.8	 532	unbonded
1799	  1000	72.7	142.4	 545	unbonded
1800	  1000	73.2	145.1	 538	unbonded
1801	     0	75.4	147.4	 558	OK
1802	  1000	74.1	157.5	 531	unbonded
1803	  1000	75.0	146.8	 532	unbonded
1804	     0	73.8	145.9	 556	OK
1805	  1000	73.3	141.6	 539	unbonded
1806	  1000	73.3	143.5	 527	unbonded
1807	     0	75.1	145.5	 553	OK
1808	     0	73.6	144.7	 553	OK
1809	  1000	73.8	144.5	 538	unbonded
1810	  1000	73.5	143.3	 540	unbonded
1811	     0	73.6	144.4	 554	OK
1812	  1000	71.8	140.9	 543	unbonded
1813	  1000	73.4	142.6	 538	unbonded
1814	  1000	71.3	139.9	 553	unbonded
1815	  1000	73.1	142.9	 552	unbonded
1816	     0	73.2	144.5	 561	OK
1817	  1000	73.8	142.5	 532	unbonded
1818	  1000	72.8	144.9	 537	unbonded
1819	     0	74.9	143.8	 551	OK
1820	  1000	72.5	142.4	 560	unbonded
1821	     0	75.2	146.3	 551	OK
1822	  1000	71.9	139.9	 541	unbonded
1823	     0	73.9	143.5	 549	OK
1824	     0	73.8	144.6	 551	OK
1825	     0	76.0	146.5	 549	OK
1826	  1000	73.9	144.1	 543	unbonded
1827	  1000	73.4	143.0	 544	unbonded
1828	  1000	72.6	142.6	 545	unbonded
1829	     0	73.7	144.1	 551	OK
1830	     0	73.9	141.9	 555	OK
1831	     0	75.5	145.5	 544	OK
1832	  1000	73.5	144.4	 539	unbonded
1833	     0	75.1	147.1	 549	OK
1834	     0	76.1	147.1	 538	OK
1835	     0	75.2	145.4	 548	OK
1836	     0	73.5	144.0	 562	OK
1837	  1000	75.1	144.9	 520	unbonded
1838	  1000	75.9	148.9	 533	unbonded
1839	  1000	73.7	144.2	 547	unbonded
1840	     0	74.6	144.1	 545	OK
1841	  1000	72.4	140.6	 549	unbonded
1842	  1000	76.1	146.7	 533	unbonded
1843	     0	75.5	148.3	 542	OK
1844	  1000	75.3	146.6	 536	unbonded
1845	     0	75.2	143.8	 544	OK
1846	     0	76.9	150.8	 542	OK
1847	     0	75.2	144.7	 554	OK
1848	     0	75.0	143.6	 557	OK
1849	     0	75.3	144.2	 556	OK
1850	  1000	75.6	147.2	 532	unbonded
1851	  1000	75.4	146.1	 533	unbonded
1852	  1000	75.9	148.2	 534	unbonded
1853	     0	74.0	145.2	 551	OK
1854	  1000	75.2	144.6	 540	unbonded
1855	  1000	76.0	144.2	 533	unbonded
1856	     0	75.8	147.4	 540	OK
1857	     0	76.1	146.6	 536	OK
1858	     0	73.3	144.6	 555	OK
1859	  1000	73.5	141.3	 541	unbonded
1860	  1000	73.5	141.0	 541	unbonded
1861	  1000	73.7	143.1	 544	unbonded
1862	  1000	73.4	141.0	 534	unbonded
1863	  1000	74.6	142.1	 537	unbonded
1864	     0	75.0	142.6	 542	OK
1865	  1000	73.6	142.0	 516	unbonded
1866	  1000	74.9	142.8	 526	unbonded
1867	  1000	72.9	141.4	 556	unbonded
1868	  1000	73.9	143.9	 521	unbonded
1869	     0	76.4	148.5	 542	OK
1870	     0	75.1	144.9	 550	OK
1871	  1000	71.8	138.3	 530	unbonded
1872	  1000	75.0	144.4	 534	unbonded
1873	  1000	74.1	143.9	 534	unbonded
1874	  1000	75.3	144.2	 535	unbonded
1875	  1000	74.4	143.7	 534	unbonded
1876	     0	75.6	146.2	 538	OK
1877	  1000	74.3	143.6	 530	unbonded
1878	     0	74.9	143.8	 547	OK
1879	  1000	73.9	144.0	 536	unbonded
1880	     0	72.7	141.8	 570	OK
1881	  1000	73.5	142.4	 539	unbonded
1882	  1000	73.8	144.0	 529	unbonded
1883	     0	75.1	144.9	 545	OK
1884	     0	75.3	144.2	 541	OK
1885	  1000	75.6	144.5	 528	unbonded
1886	     0	77.7	148.8	 549	OK
1887	  1000	75.2	143.7	 528	unbonded
1888	     0	75.6	146.8	 548	OK
1889	  1000	75.2	145.0	 521	unbonded
1890	     0	75.3	146.3	 557	OK
1891	  1000	72.2	139.8	 546	unbonded
1892	  1000	74.6	143.7	 519	unbonded
1893	  1000	76.4	145.6	 527	unbonded
1894	     0	75.5	145.7	 554	OK
1895	  1000	75.1	144.2	 538	unbonded
1896	     0	76.1	144.3	 539	OK
1897	  1000	75.6	144.2	 523	unbonded
1898	  1000	74.7	143.0	 539	unbonded
1899	  1000	76.5	147.8	 517	unbonded
1900	  1000	74.2	143.6	 541	unbonded
1901	     0	75.4	144.4	 543	OK
1902	     0	77.6	148.2	 528	OK
1903	  1000	75.1	143.0	 537	unbonded
1904	  1000	76.2	145.7	 527	unbonded
1905	     0	75.3	144.7	 542	OK
1906	     0	77.4	150.8	 537	OK
1907	     0	75.8	143.7	 542	OK
1908	  1000	76.6	147.0	 527	unbonded
1909	  1000	74.7	145.0	 529	unbonded
1910	     0	77.4	148.0	 541	OK
1911	  1000	74.7	145.4	 525	unbonded
1912	     0	76.3	146.7	 540	OK
1913	     0	76.6	145.5	 540	OK
1914	     0	77.0	147.3	 534	OK
1915	  1000	75.6	146.3	 536	unbonded
1916	     0	78.9	147.7	 525	OK
1917	  1000	76.1	145.4	 521	unbonded
1918	     0	78.5	150.8	 533	OK
1919	     0	77.1	146.0	 540	OK
1920	     0	73.9	143.1	 555	OK
1921	  1000	73.0	141.8	 550	unbonded
1922	     0	74.8	145.1	 543	OK
1923	     0	74.2	145.5	 557	OK
1924	  1000	72.9	142.0	 557	unbonded
1925	  1000	75.4	146.2	 537	unbonded
1926	  1000	73.9	143.2	 547	unbonded
1927	  1000	72.3	142.8	 558	unbonded
1928	     0	73.2	143.5	 560	OK
1929	     0	73.4	145.1	 575	OK
1930	  1000	74.0	143.6	 547	unbonded
1931	  1000	75.0	148.3	 540	unbonded
1932	     0	76.1	146.8	 536	OK
1933	  1000	75.3	146.2	 538	unbonded
1934	     0	73.1	143.9	 568	OK
1935	  1000	74.9	147.3	 541	unbonded
1936	  1000	72.8	141.4	 548	unbonded
1937	     0	74.0	146.3	 553	OK
1938	     0	75.7	148.0	 557	OK
1939	     0	75.0	145.4	 549	OK
1940	     0	74.4	147.2	 551	OK
1941	  1000	72.5	141.2	 538	unbonded
1942	  1000	73.8	144.2	 532	unbonded
1943	     0	76.4	147.9	 555	OK
1944	     0	75.3	149.2	 539	OK
1945	     0	74.3	146.8	 553	OK
1946	     0	75.5	147.8	 547	OK
1947	  1000	74.5	142.9	 540	unbonded
1948	     0	73.8	144.5	 551	OK
1949	  1000	74.0	144.7	 546	unbonded
1950	  1000	72.2	140.8	 550	unbonded
1951	  1000	75.5	149.2	 536	unbonded
1952	     0	75.4	147.7	 549	OK
1953	  1000	73.6	144.9	 538	unbonded
1954	     0	76.6	149.0	 549	OK
1955	  1000	72.8	142.1	 532	unbonded
1956	     0	74.8	144.0	 551	OK
1957	     0	74.7	146.6	 555	OK
1958	     0	73.7	144.3	 564	OK
1959	     0	74.6	146.2	 552	OK
1960	     0	75.2	147.3	 543	OK
1961	  1000	75.8	145.8	 535	unbonded
1962	     0	75.4	148.2	 540	OK
1963	  1000	74.3	143.2	 533	unbonded
1964	     0	75.7	148.2	 547	OK
1965	  1000	74.0	144.5	 549	unbonded
1966	     0	73.2	144.2	 558	OK
1967	  1000	73.8	145.1	 526	unbonded
1968	     0	77.0	147.0	 555	OK
1969	     0	77.2	148.5	 547	OK
1970	  1000	74.0	144.7	 531	unbonded
1971	  1000	73.9	147.0	 541	unbonded
1972	     0	75.5	148.3	 539	OK
1973	     0	74.9	146.1	 556	OK
1974	     0	75.7	144.8	 548	OK
1975	     0	77.5	149.6	 538	OK
1976	     0	75.9	147.0	 551	OK
1977	     0	75.5	147.9	 550	OK
1978	     0	76.3	145.8	 576	OK
1979	  1000	74.0	144.6	 535	unbonded
1980	     0	77.4	149.9	 537	OK
1981	     0	75.5	146.8	 556	OK
1982	     0	76.3	147.1	 549	OK
1983	  1000	78.2	149.9	 516	unbonded
1984	     0	74.8	145.7	 552	OK
1985	     0	73.9	141.8	 551	OK
1986	  1000	74.9	144.5	 535	unbonded
1987	     0	78.8	152.8	 544	OK
1988	     0	75.2	144.8	 551	OK
1989	     0	77.0	147.0	 544	OK
1990	  1000	74.7	143.4	 540	unbonded
1991	     0	75.6	144.8	 552	OK
1992	     0	77.6	148.8	 548	OK
1993	  1000	74.0	143.3	 546	unbonded
1994	  1000	75.2	143.3	 528	unbonded
1995	     0	74.2	143.2	 552	OK
1996	     0	77.2	148.4	 547	OK
1997	     0	75.7	145.6	 552	OK
1998	     0	74.9	146.4	 554	OK
1999	  1000	74.4	142.4	 538	unbonded
2000	     0	75.3	146.5	 544	OK
2001	  1000	74.7	145.4	 543	unbonded
2002	     0	76.2	149.5	 546	OK
2003	  1000	74.0	144.5	 544	unbonded
2004	     0	75.0	144.7	 546	OK
2005	     0	76.5	146.8	 547	OK
2006	  1000	73.2	140.2	 552	unbonded
2007	  1000	74.4	145.2	 544	unbonded
2008	  1000	74.8	142.3	 541	unbonded
2009	  1000	73.7	141.7	 546	unbonded
2010	  1000	74.1	142.7	 545	unbonded
2011	     0	76.1	144.6	 551	OK
2012	  1000	75.7	144.6	 522	unbonded
2013	     0	74.9	144.4	 545	OK
2014	  1000	75.1	143.4	 532	unbonded
2015	     0	75.3	144.4	 546	OK
2016	  1000	75.4	146.7	 515	unbonded
2017	     0	76.2	145.3	 551	OK
2018	  1000	75.6	145.2	 534	unbonded
2019	     0	76.6	147.0	 545	OK
2020	     0	76.8	147.6	 546	OK
2021	  1000	75.6	144.4	 529	unbonded
2022	  1000	76.5	146.4	 526	unbonded
2023	  1000	76.2	148.0	 529	unbonded
2024	  1000	75.1	145.2	 534	unbonded
2025	     0	75.5	146.1	 539	OK
2026	     0	76.6	144.2	 537	OK
2027	     0	75.6	145.6	 541	OK
2028	     0	76.6	147.3	 554	OK
2029	     0	77.5	148.7	 538	OK
2030	     0	75.3	145.5	 544	OK
2031	  1000	76.6	148.4	 524	unbonded
2032	     0	77.4	148.9	 538	OK
2033	  1000	75.0	143.1	 541	unbonded
2034	     0	76.5	145.6	 551	OK
2035	     0	74.7	142.4	 567	OK
2036	     0	77.6	150.5	 544	OK
2037	     0	75.8	145.0	 536	OK
2038	  1000	76.3	146.5	 532	unbonded
2039	     0	79.2	150.8	 536	OK
2040	     0	77.2	150.0	 531	OK
2041	     0	77.6	147.9	 535	OK
2042	  1000	74.5	141.7	 535	unbonded
2043	  1000	72.6	141.0	 545	unbonded
2044	     0	77.4	147.0	 537	OK
2045	     0	76.9	146.2	 538	OK
2046	  1000	76.2	144.4	 532	unbonded
2047	     0	78.1	148.3	 556	OK
2048	     0	75.7	146.6	 540	OK
2049	     0	76.7	146.6	 548	OK
2050	  1000	74.0	141.3	 544	unbonded
2051	     0	77.7	148.9	 558	OK
2052	     0	77.7	145.9	 570	OK
2053	     0	75.3	144.0	 568	OK
2054	     0	75.6	145.0	 542	OK
2055	     0	76.1	146.3	 551	OK
2056	  1000	75.8	144.9	 529	unbonded
2057	     0	73.9	141.7	 556	OK
2058	     0	75.9	145.6	 557	OK
2059	  1000	74.3	142.0	 540	unbonded
2060	     0	76.0	146.4	 556	OK
2061	     0	75.9	147.0	 558	OK
2062	     0	74.7	145.1	 559	OK
2063	     0	74.8	143.2	 549	OK
2064	  1000	73.6	141.4	 550	unbonded
2065	  1000	75.3	142.5	 535	unbonded
2066	     0	74.7	144.6	 566	OK
2067	     0	75.3	145.6	 560	OK
2068	     0	74.9	142.6	 558	OK
2069	     0	75.4	145.9	 545	OK
2070	     0	76.5	147.2	 552	OK
2071	  1000	74.3	140.9	 543	unbonded
2072	     0	74.6	142.0	 575	OK
2073	     0	77.7	147.6	 548	OK
2074	     0	76.8	144.6	 546	OK
2075	     0	76.1	144.9	 552	OK
2076	     0	75.5	144.2	 546	OK
2077	     0	75.6	143.8	 548	OK
2078	     0	73.8	141.2	 553	OK
2079	     0	75.0	144.3	 547	OK
2080	     0	76.2	145.8	 538	OK
2081	     0	75.0	143.3	 553	OK
2082	     0	75.4	146.4	 544	OK
2083	  1000	73.5	140.6	 543	unbonded
2084	     0	74.0	142.1	 567	OK
2085	     0	77.6	147.8	 568	OK
2086	  1000	72.3	138.8	 535	unbonded
2087	     0	75.5	144.8	 541	OK
2088	     0	75.6	145.0	 543	OK
2089	     0	77.5	145.4	 549	OK
2090	     0	76.5	146.1	 559	OK
2091	     0	75.5	145.9	 561	OK
2092	     0	75.2	145.0	 563	OK
2093	  1000	73.4	142.5	 543	unbonded
2094	     0	76.1	143.4	 557	OK
2095	     0	75.9	143.2	 550	OK
2096	     0	77.0	146.1	 560	OK
2097	     0	76.9	146.5	 562	OK
2098	     0	76.2	145.2	 553	OK
2099	     0	77.0	146.1	 565	OK
2100	  1000	73.3	139.9	 553	unbonded
2101	     0	73.9	143.3	 554	OK
2102	     0	76.3	146.3	 557	OK
2103	     0	76.0	147.0	 561	OK
2104	     0	74.3	143.4	 558	OK
2105	     0	76.0	146.1	 557	OK
2106	  1000	74.8	145.2	 537	unbonded
2107	     0	76.2	145.5	 555	OK
2108	     0	76.6	146.6	 553	OK
2109	  1000	72.9	141.0	 555	unbonded
2110	     0	77.0	147.8	 546	OK
2111	     0	76.4	145.8	 555	OK
2112	     0	75.4	145.1	 558	OK
2113	     0	75.7	146.1	 547	OK
2114	     0	74.0	141.8	 552	OK
2115	     0	74.8	144.9	 561	OK
2116	  1000	73.3	140.4	 545	unbonded
2117	     0	74.6	144.2	 562	OK
2118	     0	76.3	146.2	 562	OK
2119	     0	78.6	147.1	 548	OK
2120	     0	78.8	148.2	 562	OK
2121	     0	76.0	144.2	 553	OK
2122	     0	75.1	144.6	 560	OK
2123	  1000	73.5	142.8	 535	unbonded
2124	  1000	75.2	144.5	 538	unbonded
2125	     0	76.5	145.9	 549	OK
2126	     0	75.2	143.8	 553	OK
2127	     0	75.2	144.8	 553	OK
2128	     0	75.8	143.3	 553	OK
2129	     0	75.5	143.8	 570	OK
2130	     0	76.0	144.1	 549	OK
2131	     0	75.8	145.1	 559	OK
2132	     0	72.6	139.2	 569	OK
2133	  1000	72.5	138.8	 540	unbonded
2134	  1000	75.0	143.3	 538	unbonded
2135	     0	77.2	145.3	 540	OK
2136	     0	76.0	146.2	 563	OK
2137	     0	74.8	140.2	 550	OK
2138	     0	76.5	145.6	 549	OK
2139	     0	77.2	146.1	 560	OK
2140	     0	75.8	145.4	 544	OK
2141	     0	74.4	142.0	 560	OK
2142	     0	75.5	145.8	 556	OK
2143	  1000	73.9	143.1	 545	unbonded
2144	     0	75.6	143.8	 543	OK
2145	     0	75.8	145.0	 553	OK
2146	     0	74.5	140.7	 554	OK
2147	     0	75.6	143.6	 561	OK
2148	  1000	74.5	142.1	 530	unbonded
2149	     0	76.1	145.2	 552	OK
2150	     0	75.4	143.9	 563	OK
2151	  1000	74.9	144.9	 536	unbonded
2152	     0	76.1	144.9	 551	OK
2153	     0	74.3	141.9	 557	OK
2154	     0	75.9	146.4	 550	OK
2155	     0	75.6	143.0	 553	OK
2156	     0	75.7	143.4	 550	OK
2157	     0	74.3	143.3	 558	OK
2158	     0	77.2	146.9	 547	OK
2159	     0	76.6	146.5	 558	OK
2160	     0	74.1	139.7	 553	OK
2161	     0	77.1	147.1	 551	OK
2162	     0	77.6	148.9	 540	OK
2163	  1000	73.3	140.9	 535	unbonded
2164	     0	76.6	145.2	 548	OK
2165	     0	74.2	140.9	 561	OK
2166	  1000	75.6	145.0	 537	unbonded
2167	     0	80.0	151.3	 542	OK
2168	     0	75.9	145.0	 560	OK
2169	     0	78.0	148.5	 555	OK
2170	  1000	76.6	145.1	 530	unbonded
2171	  1000	74.4	142.3	 540	unbonded
2172	     0	78.1	148.8	 539	OK
2173	     0	76.7	147.5	 550	OK
2174	     0	76.5	144.8	 553	OK
2175	     0	78.2	147.6	 554	OK
2176	     0	78.4	149.0	 552	OK
2177	     0	76.0	146.0	 563	OK
2178	     0	77.2	148.3	 583	OK
2179	     0	77.1	146.8	 552	OK
2180	     0	76.2	146.3	 549	OK
2181	     0	76.7	147.4	 561	OK
2182	     0	79.0	151.8	 567	OK
2183	     0	74.5	144.7	 564	OK
2184	     0	74.8	142.7	 557	OK
2185	     0	74.7	146.2	 569	OK
2186	     0	75.5	144.8	 560	OK
2187	     0	76.0	147.1	 550	OK
2188	     0	75.3	143.7	 573	OK
2189	     0	76.5	146.5	 562	OK
2190	     0	76.7	147.5	 565	OK
2191	     0	76.6	147.4	 557	OK
2192	     0	75.3	143.9	 567	OK
2193	     0	75.3	143.0	 566	OK
2194	     0	76.6	145.6	 555	OK
2195	     0	74.1	142.5	 568	OK
2196	     0	74.4	143.3	 566	OK
2197	     0	75.7	144.1	 567	OK
2198	     0	74.3	142.0	 566	OK
2199	     0	75.2	144.7	 553	OK
2200	     0	75.3	143.2	 576	OK
2201	     0	79.0	150.5	 544	OK
2202	     0	76.2	146.7	 572	OK
2203	     0	75.0	144.0	 549	OK
2204	     0	76.4	144.9	 568	OK
2205	     0	76.3	146.7	 577	OK
2206	     0	75.5	144.1	 552	OK
2207	     0	77.6	147.5	 564	OK
2208	     0	77.1	148.5	 554	OK
2209	     0	76.8	146.4	 568	OK
2210	     0	76.9	148.8	 583	OK
2211	     0	75.7	143.2	 578	OK
2212	     0	76.2	144.4	 572	OK
2213	     0	76.3	147.4	 572	OK
2214	     0	77.3	147.7	 569	OK
2215	     0	74.7	144.4	 566	OK
2216	     0	75.9	145.8	 555	OK
2217	     0	76.5	145.3	 553	OK
2218	     0	77.2	148.3	 568	OK
2219	     0	74.5	143.8	 558	OK
2220	     0	74.8	143.2	 562	OK
2221	     0	74.8	144.3	 563	OK
2222	     0	76.2	145.2	 546	OK
2223	  1000	74.9	142.8	 542	unbonded
2224	     0	75.2	144.8	 556	OK
2225	     0	73.9	140.5	 568	OK
2226	     0	76.8	147.2	 550	OK
2227	     0	76.0	146.1	 563	OK
2228	     0	76.8	148.3	 573	OK
2229	     0	75.3	144.1	 560	OK
2230	     0	75.9	143.7	 568	OK
2231	     0	77.2	146.1	 570	OK
2232	     0	75.8	145.1	 568	OK
2233	     0	78.0	150.3	 566	OK
2234	     0	76.7	148.2	 546	OK
2235	     0	77.8	148.1	 554	OK
2236	     0	74.2	142.6	 577	OK
2237	     0	77.9	149.2	 573	OK
2238	     0	75.2	143.1	 563	OK
2239	     0	77.4	146.5	 564	OK
2240	     0	76.1	146.8	 573	OK
2241	     0	77.4	147.2	 564	OK
2242	     0	77.6	148.0	 559	OK
2243	     0	77.5	148.5	 551	OK
2244	     0	77.1	146.3	 562	OK
2245	     0	76.2	145.6	 550	OK
2246	     0	78.2	147.7	 558	OK
2247	     0	74.6	143.5	 568	OK
2248	     0	76.5	145.9	 556	OK
2249	     0	76.1	144.9	 554	OK
2250	     0	76.2	145.0	 568	OK
2251	  4000	74.7	145.4	 609	high noise
2252	     0	78.0	150.0	 566	OK
2253	     0	75.7	145.6	 563	OK
2254	     0	77.2	148.3	 561	OK
2255	     0	75.2	145.4	 542	OK
2256	     0	75.9	145.1	 569	OK
2257	     0	76.3	146.2	 560	OK
2258	     0	77.5	146.1	 562	OK
2259	     0	73.8	143.4	 565	OK
2260	     0	74.6	143.2	 565	OK
2261	  1000	75.9	143.9	 533	unbonded
2262	     0	77.1	148.0	 558	OK
2263	     0	77.6	146.8	 561	OK
2264	     0	77.8	146.9	 538	OK
2265	     0	77.8	149.3	 568	OK
2266	     0	75.7	145.4	 568	OK
2267	     0	79.2	152.4	 561	OK
2268	     0	77.4	147.1	 554	OK
2269	     0	76.3	145.1	 556	OK
2270	     0	76.3	147.0	 564	OK
2271	     0	76.9	147.7	 550	OK
2272	     0	75.5	145.2	 565	OK
2273	     0	77.8	149.0	 571	OK
2274	     0	76.0	146.1	 555	OK
2275	     0	76.6	146.7	 557	OK
2276	     0	76.7	145.8	 565	OK
2277	     0	75.6	144.1	 581	OK
2278	     0	76.4	147.5	 572	OK
2279	     0	74.5	142.7	 558	OK
2280	     0	76.3	144.3	 541	OK
2281	     0	77.8	149.1	 559	OK
2282	     0	77.5	148.6	 540	OK
2283	     0	79.1	149.8	 558	OK
2284	     0	75.5	145.3	 553	OK
2285	     0	76.7	147.4	 568	OK
2286	     0	75.8	145.7	 548	OK
2287	     0	77.6	147.0	 558	OK
2288	     0	76.4	146.5	 559	OK
2289	     0	77.6	146.6	 564	OK
2290	     0	77.6	145.8	 565	OK
2291	     0	76.4	145.7	 555	OK
2292	     0	78.6	148.7	 553	OK
2293	     0	77.1	148.0	 555	OK
2294	     0	76.9	145.9	 546	OK
2295	     0	77.1	146.3	 546	OK
2296	     0	77.2	146.7	 576	OK
2297	     0	75.8	143.3	 577	OK
2298	     0	73.8	142.1	 559	OK
2299	     0	76.9	147.5	 570	OK
2300	     0	80.3	151.3	 560	OK
2301	     0	76.8	146.0	 555	OK
2302	     0	76.7	144.7	 550	OK
2303	     0	77.6	148.7	 555	OK
2304	     0	75.0	142.3	 549	OK
2305	     0	76.7	146.4	 549	OK
2306	  1000	73.3	139.0	 551	unbonded
2307	     0	75.0	145.7	 547	OK
2308	     0	77.0	148.4	 544	OK
2309	     0	75.5	144.4	 548	OK
2310	     0	75.0	144.1	 550	OK
2311	     0	74.6	142.1	 560	OK
2312	     0	75.9	145.8	 567	OK
2313	     0	74.4	143.9	 550	OK
2314	     0	73.6	140.2	 567	OK
2315	     0	74.2	143.7	 561	OK
2316	     0	74.4	143.6	 563	OK
2317	     0	74.9	143.8	 550	OK
2318	  1000	72.5	137.1	 558	unbonded
2319	     0	76.8	147.3	 555	OK
2320	     0	74.9	144.4	 547	OK
2321	     0	76.5	145.9	 560	OK
2322	  1000	73.3	141.1	 552	unbonded
2323	     0	75.5	145.0	 556	OK
2324	     0	74.3	144.4	 547	OK
2325	  1000	73.8	140.1	 526	unbonded
2326	     0	75.6	143.4	 544	OK
2327	     0	74.7	141.9	 546	OK
2328	     0	76.0	145.2	 539	OK
2329	  1000	73.8	141.9	 536	unbonded
2330	     0	76.4	145.0	 544	OK
2331	     0	74.3	142.0	 566	OK
2332	     0	76.1	146.7	 540	OK
2333	  1000	73.3	141.4	 546	unbonded
2334	  1000	74.0	142.7	 547	unbonded
2335	     0	74.2	142.8	 548	OK
2336	     0	75.7	146.3	 570	OK
2337	     0	76.2	145.0	 567	OK
2338	     0	73.9	143.0	 551	OK
2339	     0	75.2	143.8	 550	OK
2340	     0	76.5	145.8	 557	OK
2341	  1000	73.5	140.5	 543	unbonded
2342	     0	74.2	141.8	 550	OK
2343	     0	73.4	142.3	 559	OK
2344	     0	77.7	150.5	 555	OK
2345	  1000	74.1	142.4	 533	unbonded
2346	     0	75.3	143.1	 561	OK
2347	     0	75.0	145.0	 559	OK
2348	     0	74.6	144.3	 546	OK
2349	     0	77.0	146.6	 552	OK
2350	     0	76.0	145.7	 560	OK
2351	     0	76.7	147.4	 571	OK
2352	     0	76.0	145.6	 550	OK
2353	  1000	73.5	141.7	 550	unbonded
2354	     0	74.7	143.9	 552	OK
2355	  1000	73.5	142.0	 537	unbonded
2356	     0	74.1	141.2	 563	OK
2357	     0	74.8	145.4	 562	OK
2358	     0	75.2	147.2	 549	OK
2359	     0	76.2	145.7	 543	OK
2360	     0	75.4	146.4	 553	OK
2361	     0	76.6	146.3	 552	OK
2362	     0	75.8	146.3	 546	OK
2363	     0	74.5	144.7	 567	OK
2364	     0	73.9	140.9	 553	OK
2365	     0	75.8	145.5	 569	OK
2366	     0	74.3	143.2	 570	OK
2367	     0	75.3	143.5	 543	OK
2368	     0	74.0	144.1	 550	OK
2369	     0	77.1	148.9	 559	OK
2370	     0	74.8	143.9	 563	OK
2371	     0	76.2	145.7	 561	OK
2372	     0	76.3	145.9	 555	OK
2373	     0	73.5	140.0	 554	OK
2374	     0	77.1	149.2	 561	OK
2375	     0	72.3	139.2	 568	OK
2376	     0	74.9	143.5	 553	OK
2377	     0	74.9	142.6	 551	OK
2378	     0	75.9	146.1	 559	OK
2379	     0	75.1	145.4	 553	OK
2380	  1000	75.1	145.9	 541	unbonded
2381	     0	75.6	144.1	 544	OK
2382	     0	74.8	143.3	 555	OK
2383	  1000	75.2	143.8	 540	unbonded
2384	     0	73.0	140.4	 564	OK
2385	     0	77.2	147.5	 548	OK
2386	     0	74.7	143.0	 567	OK
2387	     0	74.3	143.7	 560	OK
2388	     0	74.1	143.5	 557	OK
2389	     0	75.3	142.6	 540	OK
2390	     0	75.5	145.8	 555	OK
2391	  1000	74.7	144.3	 542	unbonded
2392	     0	75.2	146.8	 546	OK
2393	     0	74.4	141.5	 552	OK
2394	     0	76.0	144.7	 554	OK
2395	     0	75.8	144.9	 549	OK
2396	     0	74.7	142.4	 548	OK
2397	     0	75.8	144.8	 548	OK
2398	     0	74.8	142.1	 569	OK
2399	     0	75.2	144.6	 560	OK
2400	     0	76.1	147.9	 560	OK
2401	     0	77.1	148.5	 539	OK
2402	     0	74.5	142.5	 568	OK
2403	     0	76.4	145.7	 553	OK
2404	     0	75.5	143.6	 559	OK
2405	     0	76.5	146.5	 550	OK
2406	     0	75.6	144.1	 544	OK
2407	     0	77.3	147.8	 564	OK
2408	  1000	73.6	140.9	 535	unbonded
2409	     0	75.2	143.6	 542	OK
2410	     0	75.2	144.9	 545	OK
2411	     0	74.9	142.4	 558	OK
2412	  1000	74.3	142.1	 543	unbonded
2413	     0	75.8	145.1	 555	OK
2414	     0	76.4	148.2	 549	OK
2415	     0	75.9	147.1	 554	OK
2416	     0	75.8	146.9	 542	OK
2417	     0	73.6	142.9	 571	OK
2418	  1000	74.1	141.5	 530	unbonded
2419	     0	76.5	145.3	 563	OK
2420	     0	75.4	143.0	 564	OK
2421	     0	74.5	143.7	 557	OK
2422	     0	75.1	144.3	 566	OK
2423	     0	75.0	143.4	 563	OK
2424	     0	76.0	144.5	 563	OK
2425	     0	76.5	148.3	 563	OK
2426	     0	76.0	145.8	 550	OK
2427	  1000	75.3	146.2	 528	unbonded
2428	     0	76.6	145.6	 540	OK
2429	     0	77.8	150.3	 541	OK
2430	     0	76.2	147.3	 547	OK
2431	     0	75.9	144.3	 544	OK
2432	     0	79.9	149.3	 540	OK
2433	  1000	77.7	146.3	 520	unbonded
2434	     0	78.8	150.3	 543	OK
2435	     0	79.3	149.3	 545	OK
2436	     0	78.9	148.4	 539	OK
2437	     0	79.7	150.7	 534	OK
2438	     0	78.0	147.3	 530	OK
2439	     0	78.1	149.7	 532	OK
2440	     0	79.6	149.4	 531	OK
2441	     0	79.8	149.1	 538	OK
2442	     0	78.4	146.8	 526	OK
2443	     0	78.7	148.3	 535	OK
2444	  1000	76.8	147.4	 526	unbonded
2445	     0	80.2	150.2	 534	OK
2446	     0	76.0	146.4	 547	OK
2447	     0	77.3	146.4	 548	OK
2448	     0	78.0	146.8	 541	OK
2449	     0	77.8	148.7	 548	OK
2450	     0	81.0	153.1	 529	OK
2451	     0	77.5	146.8	 537	OK
2452	  1000	75.5	143.9	 534	unbonded
2453	     0	77.0	146.5	 537	OK
2454	     0	78.2	148.7	 538	OK
2455	     0	77.9	148.3	 543	OK
2456	     0	80.5	152.1	 517	OK
2457	     0	80.8	152.6	 522	OK
2458	     0	77.3	148.2	 534	OK
2459	     0	79.8	151.5	 527	OK
2460	     0	78.9	150.3	 515	OK
2461	  1000	78.6	149.4	 514	unbonded
2462	     0	79.9	153.3	 552	OK
2463	     0	77.0	144.7	 542	OK
2464	     0	79.4	150.3	 533	OK
2465	     0	77.8	146.9	 541	OK
2466	     0	78.7	148.5	 542	OK
2467	     0	78.9	152.0	 530	OK
2468	     0	78.3	148.3	 554	OK
2469	     0	79.4	151.1	 537	OK
2470	     0	79.2	149.0	 517	OK
2471	     0	77.3	146.8	 545	OK
2472	     0	80.2	150.6	 543	OK
2473	     0	79.1	150.1	 535	OK
2474	     0	77.6	148.9	 540	OK
2475	     0	79.9	150.3	 527	OK
2476	     0	77.6	144.9	 536	OK
2477	     0	80.1	151.5	 550	OK
2478	     0	78.2	145.7	 543	OK
2479	     0	78.9	148.3	 541	OK
2480	     0	76.3	145.6	 543	OK
2481	     0	78.6	151.3	 539	OK
2482	     0	77.1	147.5	 537	OK
2483	     0	76.4	144.8	 536	OK
2484	     0	78.2	148.2	 535	OK
2485	     0	79.4	150.2	 523	OK
2486	     0	78.2	149.0	 548	OK
2487	     0	78.0	148.5	 539	OK
2488	     0	79.6	151.5	 548	OK
2489	     0	78.6	149.6	 539	OK
2490	     0	76.5	144.7	 550	OK
2491	     0	79.9	151.9	 541	OK
2492	     0	80.0	150.4	 539	OK
2493	     0	80.7	154.3	 546	OK
2494	     0	79.9	151.9	 549	OK
2495	     0	78.1	149.9	 522	OK
2496	     0	80.3	151.3	 546	OK
2497	     0	80.2	152.0	 534	OK
2498	     0	79.1	149.7	 528	OK
2499	     0	80.1	150.6	 538	OK
2500	     0	78.1	147.9	 544	OK
2501	     0	79.2	149.6	 536	OK
2502	     0	78.5	149.8	 550	OK
2503	     0	77.1	147.6	 533	OK
2504	     0	78.7	148.2	 544	OK
2505	     0	79.4	150.1	 526	OK
2506	     0	77.9	146.4	 537	OK
2507	  1000	79.2	150.8	 508	unbonded
2508	     0	78.7	148.2	 550	OK
2509	     0	79.0	147.9	 524	OK
2510	     0	78.8	149.1	 522	OK
2511	     0	77.5	146.9	 545	OK
2512	     0	78.4	149.7	 535	OK
2513	     0	78.4	148.6	 539	OK
2514	     0	77.8	148.7	 531	OK
2515	     0	80.9	153.4	 544	OK
2516	     0	79.0	149.2	 553	OK
2517	     0	77.5	144.9	 529	OK
2518	     0	79.0	148.3	 524	OK
2519	     0	80.1	149.5	 535	OK
2520	     0	76.3	146.5	 539	OK
2521	     0	77.5	146.7	 532	OK
2522	     0	79.3	150.8	 525	OK
2523	     0	77.6	146.5	 543	OK
2524	     0	78.0	148.4	 540	OK
2525	     0	77.9	147.2	 534	OK
2526	     0	76.4	143.4	 535	OK
2527	     0	77.5	147.2	 538	OK
2528	     0	78.4	148.0	 529	OK
2529	  1000	76.3	145.2	 518	unbonded
2530	     0	80.1	151.9	 519	OK
2531	     0	79.7	149.3	 528	OK
2532	     0	81.8	153.4	 522	OK
2533	     0	80.1	152.5	 530	OK
2534	     0	77.8	148.3	 546	OK
2535	     0	78.9	148.3	 542	OK
2536	     0	78.6	149.8	 536	OK
2537	     0	77.7	146.6	 527	OK
2538	     0	78.4	148.2	 533	OK
2539	     0	80.0	152.2	 529	OK
2540	  1000	77.2	146.8	 525	unbonded
2541	     0	78.7	150.9	 543	OK
2542	  1000	77.7	149.0	 515	unbonded
2543	     0	77.5	148.3	 525	OK
2544	     0	81.1	152.0	 528	OK
2545	     0	79.9	150.8	 542	OK
2546	     0	77.5	148.3	 527	OK
2547	     0	78.4	149.6	 521	OK
2548	     0	81.3	153.3	 538	OK
2549	     0	77.8	150.4	 532	OK
2550	  1000	79.2	149.8	 512	unbonded
2551	     0	78.6	149.6	 541	OK
2552	     0	79.9	152.1	 532	OK
2553	     0	78.5	148.5	 535	OK
2554	     0	79.6	150.0	 552	OK
2555	     0	79.6	150.3	 532	OK
2556	     0	80.8	153.8	 520	OK
2557	     0	79.9	151.0	 529	OK
2558	     0	77.7	148.2	 538	OK
2559	     0	78.3	149.6	 553	OK
2560	     0	79.7	151.4	 565	OK
2561	     0	79.4	148.9	 583	OK
2562	     0	76.6	146.9	 561	OK
2563	     0	78.5	148.8	 546	OK
2564	     0	79.3	151.5	 548	OK
2565	     0	77.6	146.4	 549	OK
2566	     0	76.0	145.2	 546	OK
2567	     0	77.6	146.4	 540	OK
2568	     0	77.2	147.6	 558	OK
2569	     0	78.4	149.5	 544	OK
2570	     0	78.7	150.1	 556	OK
2571	     0	77.3	147.9	 547	OK
2572	     0	78.3	146.4	 530	OK
2573	     0	77.5	148.4	 533	OK
2574	     0	78.1	148.3	 540	OK
2575	     0	79.1	148.6	 536	OK
2576	     0	79.1	149.3	 556	OK
2577	     0	77.6	148.1	 551	OK
2578	     0	78.7	147.5	 560	OK
2579	     0	78.5	150.0	 546	OK
2580	     0	79.1	150.3	 535	OK
2581	     0	78.1	147.2	 554	OK
2582	     0	77.2	147.1	 538	OK
2583	     0	78.4	148.7	 539	OK
2584	     0	78.5	147.5	 550	OK
2585	     0	77.3	147.7	 538	OK
2586	     0	77.4	146.0	 549	OK
2587	     0	78.7	149.5	 557	OK
2588	     0	77.4	148.6	 564	OK
2589	     0	77.0	147.8	 552	OK
2590	     0	80.8	154.4	 554	OK
2591	     0	77.4	145.0	 551	OK
2592	     0	79.4	149.1	 546	OK
2593	     0	80.5	151.0	 558	OK
2594	     0	77.2	145.6	 554	OK
2595	     0	76.6	145.8	 551	OK
2596	     0	79.5	148.5	 550	OK
2597	     0	79.7	150.7	 538	OK
2598	     0	78.1	149.9	 545	OK
2599	     0	77.5	147.2	 542	OK
2600	     0	77.9	146.0	 534	OK
2601	     0	78.3	146.9	 549	OK
2602	     0	77.3	146.5	 563	OK
2603	     0	78.5	147.7	 560	OK
2604	     0	79.3	151.5	 549	OK
2605	     0	79.5	151.2	 546	OK
2606	     0	79.3	148.2	 557	OK
2607	     0	78.6	149.1	 542	OK
2608	     0	78.4	150.6	 552	OK
2609	     0	78.2	148.9	 525	OK
2610	     0	79.6	149.1	 551	OK
2611	     0	77.8	149.1	 541	OK
2612	     0	80.3	150.4	 544	OK
2613	     0	76.6	146.8	 547	OK
2614	     0	77.4	149.8	 554	OK
2615	     0	78.6	149.2	 558	OK
2616	     0	78.4	149.3	 535	OK
2617	     0	79.9	149.7	 551	OK
2618	     0	79.0	152.0	 539	OK
2619	     0	77.6	148.7	 550	OK
2620	     0	76.8	147.6	 552	OK
2621	     0	78.3	147.9	 551	OK
2622	     0	79.2	150.0	 536	OK
2623	     0	79.3	150.7	 555	OK
2624	     0	78.0	149.6	 532	OK
2625	     0	79.9	151.5	 549	OK
2626	     0	79.0	147.6	 555	OK
2627	     0	75.4	144.4	 542	OK
2628	     0	78.3	149.0	 563	OK
2629	     0	78.7	148.1	 549	OK
2630	     0	79.0	150.7	 539	OK
2631	     0	78.3	147.6	 549	OK
2632	     0	81.2	152.9	 541	OK
2633	     0	77.9	147.0	 552	OK
2634	     0	78.8	151.0	 557	OK
2635	     0	77.8	148.1	 541	OK
2636	     0	80.1	151.5	 566	OK
2637	     0	79.7	149.6	 551	OK
2638	     0	80.8	151.9	 551	OK
2639	     0	78.9	149.7	 539	OK
2640	     0	79.5	149.6	 549	OK
2641	     0	79.4	152.0	 549	OK
2642	     0	79.5	150.2	 536	OK
2643	     0	78.7	150.8	 536	OK
2644	     0	79.6	151.0	 544	OK
2645	     0	80.9	153.4	 554	OK
2646	     0	78.6	148.6	 542	OK
2647	     0	77.0	149.1	 544	OK
2648	     0	76.7	147.4	 540	OK
2649	     0	78.6	148.4	 558	OK
2650	     0	79.8	151.3	 549	OK
2651	     0	79.4	149.0	 543	OK
2652	     0	77.3	145.3	 540	OK
2653	     0	78.6	147.8	 547	OK
2654	     0	77.6	148.7	 543	OK
2655	     0	81.3	153.1	 549	OK
2656	     0	79.2	150.0	 557	OK
2657	     0	76.7	147.4	 534	OK
2658	     0	78.1	148.4	 558	OK
2659	     0	79.9	150.2	 547	OK
2660	     0	81.1	152.9	 562	OK
2661	     0	78.6	147.9	 539	OK
2662	     0	79.0	150.0	 536	OK
2663	     0	77.4	145.5	 556	OK
2664	     0	78.4	150.9	 541	OK
2665	     0	79.6	151.1	 556	OK
2666	     0	77.4	148.9	 555	OK
2667	     0	78.9	150.6	 550	OK
2668	     0	79.6	149.3	 533	OK
2669	     0	77.0	147.7	 553	OK
2670	     0	76.7	146.8	 546	OK
2671	     0	77.5	147.5	 525	OK
2672	     0	77.3	145.7	 546	OK
2673	     0	79.7	152.1	 545	OK
2674	     0	80.2	152.1	 551	OK
2675	     0	80.9	151.2	 538	OK
2676	     0	80.4	152.0	 549	OK
2677	     0	79.6	150.2	 557	OK
2678	     0	78.8	150.2	 559	OK
2679	     0	78.7	148.7	 544	OK
2680	     0	79.8	151.4	 544	OK
2681	     0	79.0	149.6	 538	OK
2682	     0	79.6	151.0	 545	OK
2683	     0	77.4	146.4	 547	OK
2684	     0	78.6	147.6	 548	OK
2685	     0	80.2	153.2	 531	OK
2686	     0	80.7	153.5	 527	OK
2687	     0	78.9	150.9	 550	OK
