#chan	code	gain	vt50	innse	comment
   0	     0	68.2	80.9	1931	OK
   1	     0	69.5	98.0	1853	OK
   2	     0	70.7	98.0	1845	OK
   3	     0	69.6	96.8	1875	OK
   4	     0	67.0	95.3	1902	OK
   5	     0	66.4	93.3	1880	OK
   6	     0	66.5	94.3	1885	OK
   7	     0	67.4	97.2	1876	OK
   8	     0	66.0	94.0	1850	OK
   9	     0	67.7	96.1	1848	OK
  10	     0	68.8	97.2	1889	OK
  11	     0	67.2	99.4	1808	OK
  12	     0	66.6	94.5	1885	OK
  13	     0	68.9	98.3	1848	OK
  14	     0	66.7	95.4	1860	OK
  15	     0	65.7	93.2	1885	OK
  16	     0	65.3	96.3	1849	OK
  17	     0	67.0	97.2	1834	OK
  18	     0	66.5	95.4	1873	OK
  19	     0	68.9	101.4	1804	OK
  20	     0	68.4	96.4	1865	OK
  21	     0	66.2	95.7	1867	OK
  22	     0	68.7	98.0	1839	OK
  23	     0	68.6	100.4	1847	OK
  24	     0	65.8	96.0	1878	OK
  25	     0	67.4	95.9	1865	OK
  26	     0	66.8	102.2	1853	OK
  27	     0	68.6	94.5	1881	OK
  28	     0	66.2	95.8	1894	OK
  29	     0	66.2	94.1	1914	OK
  30	     0	66.8	96.4	1878	OK
  31	     0	69.2	99.9	1843	OK
  32	     0	67.0	95.0	1889	OK
  33	     0	65.6	96.4	1879	OK
  34	     0	66.0	96.2	1872	OK
  35	     0	67.6	96.7	1896	OK
  36	     0	67.3	94.5	1893	OK
  37	     0	68.3	100.1	1853	OK
  38	     0	69.2	97.0	1860	OK
  39	     0	68.7	95.3	1900	OK
  40	     0	67.8	103.0	1804	OK
  41	     0	66.3	95.6	1877	OK
  42	     0	67.5	97.6	1863	OK
  43	     0	67.6	100.4	1835	OK
  44	     0	69.3	100.5	1843	OK
  45	     0	68.4	94.8	1891	OK
  46	     0	67.4	96.2	1857	OK
  47	     0	65.7	98.2	1864	OK
  48	     0	67.3	96.9	1882	OK
  49	     0	68.6	98.0	1862	OK
  50	     0	69.2	97.9	1873	OK
  51	     0	69.3	102.1	1832	OK
  52	     0	67.1	94.2	1889	OK
  53	     0	66.7	95.0	1877	OK
  54	     0	69.8	100.3	1835	OK
  55	     0	67.0	102.7	1844	OK
  56	     0	67.4	97.7	1863	OK
  57	     0	66.3	94.3	1865	OK
  58	     0	70.7	103.5	1788	OK
  59	     0	67.9	96.0	1845	OK
  60	     0	68.9	97.3	1877	OK
  61	     0	68.9	97.0	1856	OK
  62	     0	70.1	100.8	1815	OK
  63	     0	72.1	102.3	1829	OK
  64	     0	68.7	98.1	1846	OK
  65	     0	70.3	98.2	1830	OK
  66	     0	66.9	95.1	1853	OK
  67	     0	65.4	92.8	1877	OK
  68	     0	67.5	94.5	1880	OK
  69	     0	65.2	96.2	1847	OK
  70	     0	65.3	93.4	1851	OK
  71	     0	65.0	91.9	1872	OK
  72	     0	65.8	97.0	1813	OK
  73	     0	69.3	100.5	1835	OK
  74	     0	68.8	101.3	1793	OK
  75	     0	67.9	97.1	1863	OK
  76	     0	68.4	101.4	1811	OK
  77	     0	67.7	96.3	1847	OK
  78	     0	68.1	94.4	1861	OK
  79	     0	65.3	93.4	1869	OK
  80	     0	66.0	95.8	1835	OK
  81	     0	67.9	96.3	1833	OK
  82	     0	66.3	98.2	1843	OK
  83	     0	68.3	96.0	1874	OK
  84	     0	68.0	98.6	1790	OK
  85	     0	65.9	94.9	1857	OK
  86	     0	69.3	99.1	1821	OK
  87	     0	65.9	96.0	1870	OK
  88	     0	67.0	97.9	1827	OK
  89	     0	66.9	94.0	1879	OK
  90	     0	67.9	94.1	1881	OK
  91	     0	68.3	98.2	1853	OK
  92	     0	68.3	97.2	1828	OK
  93	     0	68.4	96.9	1817	OK
  94	     0	67.7	95.3	1853	OK
  95	     0	68.2	99.0	1839	OK
  96	     0	66.5	93.7	1885	OK
  97	     0	65.8	93.2	1879	OK
  98	     0	67.6	96.0	1849	OK
  99	     0	68.0	97.2	1845	OK
 100	     0	67.1	97.5	1828	OK
 101	     0	65.4	95.8	1869	OK
 102	     0	63.5	91.4	1882	OK
 103	     0	68.3	96.7	1868	OK
 104	     0	65.1	94.1	1844	OK
 105	     0	65.7	92.6	1834	OK
 106	     0	66.9	93.8	1884	OK
 107	     0	68.2	95.9	1833	OK
 108	     0	67.5	96.1	1817	OK
 109	     0	68.0	95.8	1840	OK
 110	     0	63.8	93.7	1837	OK
 111	     0	67.1	92.2	1884	OK
 112	     0	68.3	98.7	1849	OK
 113	     0	64.8	92.2	1897	OK
 114	     0	67.8	95.2	1827	OK
 115	     0	67.3	95.2	1845	OK
 116	     0	66.3	95.3	1846	OK
 117	     0	66.5	98.8	1830	OK
 118	     0	67.4	101.2	1783	OK
 119	     0	64.2	90.8	1863	OK
 120	     0	67.8	100.1	1788	OK
 121	     0	66.1	94.5	1881	OK
 122	     0	68.4	99.7	1819	OK
 123	     0	66.8	97.1	1879	OK
 124	     0	65.9	93.9	1880	OK
 125	     0	69.2	98.2	1865	OK
 126	     0	68.0	94.4	1922	OK
 127	     0	71.4	100.0	1921	OK
 128	     0	72.6	101.8	1825	OK
 129	     0	74.1	101.2	1809	OK
 130	     0	72.0	101.0	1786	OK
 131	     0	72.8	100.7	1838	OK
 132	     0	71.8	101.2	1801	OK
 133	     0	71.2	102.0	1796	OK
 134	     0	68.2	100.7	1811	OK
 135	     0	71.2	101.5	1808	OK
 136	     0	70.3	101.5	1810	OK
 137	     0	70.9	97.2	1815	OK
 138	     0	68.9	96.4	1840	OK
 139	     0	71.3	99.0	1816	OK
 140	     0	69.9	98.4	1834	OK
 141	     0	69.6	101.1	1783	OK
 142	     0	69.7	100.6	1817	OK
 143	     0	71.0	103.2	1786	OK
 144	     0	70.2	101.1	1823	OK
 145	     0	69.7	98.8	1812	OK
 146	     0	68.9	97.3	1840	OK
 147	     0	70.4	98.2	1872	OK
 148	     0	69.2	102.4	1772	OK
 149	     0	68.4	96.2	1854	OK
 150	     0	70.5	98.1	1831	OK
 151	     0	71.1	97.9	1835	OK
 152	     0	70.0	104.0	1797	OK
 153	     0	71.9	99.2	1842	OK
 154	     0	72.5	102.3	1783	OK
 155	     0	69.5	97.9	1834	OK
 156	     0	71.7	100.6	1807	OK
 157	     0	69.6	103.9	1811	OK
 158	     0	69.1	97.3	1818	OK
 159	     0	70.7	99.4	1833	OK
 160	     0	68.3	99.5	1806	OK
 161	     0	70.8	98.9	1861	OK
 162	     0	70.5	98.1	1831	OK
 163	     0	71.2	101.4	1836	OK
 164	     0	68.2	97.6	1874	OK
 165	     0	71.3	99.6	1838	OK
 166	     0	68.9	98.5	1840	OK
 167	     0	70.3	97.4	1882	OK
 168	     0	69.7	97.7	1852	OK
 169	     0	70.0	99.9	1828	OK
 170	     0	69.4	99.7	1826	OK
 171	     0	71.2	101.6	1818	OK
 172	     0	70.6	99.1	1850	OK
 173	     0	70.1	100.2	1828	OK
 174	     0	69.8	98.5	1830	OK
 175	     0	69.4	97.4	1850	OK
 176	     0	70.0	99.8	1815	OK
 177	     0	72.9	102.0	1798	OK
 178	     0	70.8	97.7	1838	OK
 179	     0	74.0	100.5	1825	OK
 180	     0	71.2	97.6	1794	OK
 181	     0	71.2	100.2	1825	OK
 182	     0	71.0	105.5	1819	OK
 183	     0	73.0	103.4	1779	OK
 184	     0	71.1	97.0	1831	OK
 185	     0	71.0	101.7	1801	OK
 186	     0	71.8	102.1	1806	OK
 187	     0	70.5	100.7	1839	OK
 188	     0	72.2	102.6	1816	OK
 189	     0	72.0	102.6	1812	OK
 190	     0	73.9	99.2	1822	OK
 191	     0	74.8	102.5	1795	OK
 192	     0	72.7	100.8	1782	OK
 193	     0	73.0	103.5	1772	OK
 194	     0	69.6	99.9	1814	OK
 195	     0	71.4	103.7	1778	OK
 196	     0	69.9	98.8	1813	OK
 197	     0	71.1	101.2	1810	OK
 198	     0	69.8	98.5	1797	OK
 199	     0	68.5	95.8	1841	OK
 200	     0	73.1	102.6	1781	OK
 201	     0	71.6	101.2	1798	OK
 202	     0	71.4	99.5	1797	OK
 203	     0	71.3	100.1	1830	OK
 204	     0	69.2	96.8	1814	OK
 205	     0	72.0	101.6	1790	OK
 206	     0	71.1	100.3	1780	OK
 207	     0	68.9	101.8	1789	OK
 208	     0	69.9	97.5	1810	OK
 209	     0	70.3	99.7	1803	OK
 210	     0	69.1	99.1	1810	OK
 211	     0	72.4	102.7	1768	OK
 212	     0	71.8	104.6	1774	OK
 213	     0	69.9	97.7	1829	OK
 214	     0	69.9	105.0	1772	OK
 215	     0	71.3	101.7	1759	OK
 216	     0	70.7	99.9	1846	OK
 217	     0	71.2	101.3	1793	OK
 218	     0	69.1	97.7	1817	OK
 219	     0	66.9	95.3	1843	OK
 220	     0	71.4	101.3	1756	OK
 221	     0	69.2	99.3	1813	OK
 222	     0	67.7	98.2	1803	OK
 223	     0	70.3	99.9	1775	OK
 224	     0	70.6	99.3	1790	OK
 225	     0	67.6	95.4	1836	OK
 226	     0	69.6	99.0	1794	OK
 227	     0	69.0	101.9	1770	OK
 228	     0	69.5	100.2	1775	OK
 229	     0	69.1	97.5	1808	OK
 230	     0	66.5	96.9	1818	OK
 231	     0	69.4	103.5	1766	OK
 232	     0	69.0	98.3	1831	OK
 233	     0	68.6	97.9	1823	OK
 234	     0	67.7	95.8	1805	OK
 235	     0	71.4	100.0	1791	OK
 236	     0	69.2	96.8	1816	OK
 237	     0	69.2	95.3	1826	OK
 238	     0	69.5	102.0	1780	OK
 239	     0	72.4	100.3	1806	OK
 240	     0	70.1	101.1	1786	OK
 241	     0	70.5	99.6	1810	OK
 242	     0	67.8	94.6	1839	OK
 243	     0	65.8	95.6	1859	OK
 244	     0	66.3	94.0	1805	OK
 245	     0	69.4	96.6	1812	OK
 246	     0	70.4	99.4	1796	OK
 247	     0	71.6	100.6	1775	OK
 248	     0	68.5	99.0	1801	OK
 249	     0	68.5	97.5	1837	OK
 250	     0	73.5	101.7	1796	OK
 251	     0	71.6	99.9	1790	OK
 252	     0	73.9	108.2	1713	OK
 253	     0	70.2	99.5	1817	OK
 254	     0	71.3	99.6	1795	OK
 255	     0	73.5	103.3	1751	OK
 256	     0	71.2	99.9	1826	OK
 257	     0	70.5	97.2	1814	OK
 258	     0	72.9	101.5	1782	OK
 259	     0	67.8	100.2	1771	OK
 260	     0	68.5	98.6	1800	OK
 261	     0	66.4	94.4	1836	OK
 262	     0	69.3	98.7	1803	OK
 263	     0	67.3	95.5	1821	OK
 264	     0	67.4	94.6	1839	OK
 265	     0	68.7	96.4	1811	OK
 266	     0	70.3	100.1	1764	OK
 267	     0	69.0	95.9	1820	OK
 268	     0	69.1	99.7	1806	OK
 269	     0	70.2	108.4	1712	OK
 270	     0	69.6	99.5	1778	OK
 271	     0	65.8	95.0	1818	OK
 272	     0	68.9	98.7	1790	OK
 273	     0	66.5	93.7	1839	OK
 274	     0	67.3	99.8	1784	OK
 275	     0	67.9	94.8	1830	OK
 276	     0	69.1	100.0	1772	OK
 277	     0	67.9	99.3	1806	OK
 278	     0	67.0	93.9	1821	OK
 279	     0	71.0	102.6	1765	OK
 280	     0	70.1	98.9	1794	OK
 281	     0	68.9	97.5	1797	OK
 282	     0	69.3	98.6	1815	OK
 283	     0	67.5	94.7	1817	OK
 284	     0	66.7	96.5	1822	OK
 285	     0	66.6	94.0	1824	OK
 286	     0	67.7	95.8	1820	OK
 287	     0	68.1	99.3	1776	OK
 288	     0	66.3	98.1	1783	OK
 289	     0	65.3	94.8	1808	OK
 290	     0	68.1	98.0	1807	OK
 291	     0	68.5	97.0	1810	OK
 292	     0	66.3	94.5	1817	OK
 293	     0	67.5	97.0	1813	OK
 294	     0	68.4	95.4	1820	OK
 295	     0	67.7	95.9	1816	OK
 296	     0	67.6	95.9	1835	OK
 297	     0	66.0	93.9	1855	OK
 298	     0	70.2	99.8	1783	OK
 299	     0	67.2	99.0	1780	OK
 300	     0	66.6	94.6	1828	OK
 301	     0	68.1	99.5	1793	OK
 302	     0	69.8	99.7	1782	OK
 303	     0	68.6	100.6	1819	OK
 304	     0	66.8	94.8	1780	OK
 305	     0	66.9	98.1	1816	OK
 306	     0	65.9	94.2	1844	OK
 307	     0	68.8	99.3	1767	OK
 308	     0	69.1	97.9	1800	OK
 309	     0	66.7	94.3	1829	OK
 310	     0	67.9	99.7	1762	OK
 311	     0	69.1	97.7	1808	OK
 312	     0	69.2	97.3	1801	OK
 313	     0	68.4	98.1	1797	OK
 314	     0	69.5	100.0	1800	OK
 315	     0	67.4	95.5	1824	OK
 316	     0	69.6	96.6	1822	OK
 317	     0	66.7	93.9	1827	OK
 318	     0	69.4	98.3	1775	OK
 319	     0	72.0	100.9	1779	OK
 320	     0	68.4	97.3	1824	OK
 321	     0	70.1	101.5	1765	OK
 322	     0	69.2	98.4	1769	OK
 323	     0	69.4	98.7	1822	OK
 324	     0	66.8	97.4	1807	OK
 325	     0	70.0	99.3	1794	OK
 326	     0	68.7	96.0	1803	OK
 327	     0	66.7	94.5	1836	OK
 328	     0	66.9	95.9	1820	OK
 329	     0	66.0	94.8	1842	OK
 330	     0	66.5	94.9	1837	OK
 331	     0	67.2	94.6	1822	OK
 332	     0	67.3	95.0	1843	OK
 333	     0	65.8	95.3	1802	OK
 334	     0	67.4	95.9	1820	OK
 335	     0	69.8	99.4	1789	OK
 336	     0	68.6	96.7	1822	OK
 337	     0	71.5	100.1	1785	OK
 338	     0	67.4	94.7	1833	OK
 339	     0	68.7	96.6	1831	OK
 340	     0	69.8	99.1	1800	OK
 341	     0	70.4	101.2	1782	OK
 342	     0	67.8	97.4	1835	OK
 343	     0	66.2	92.9	1835	OK
 344	     0	69.0	101.9	1766	OK
 345	     0	67.7	99.7	1767	OK
 346	     0	67.3	96.1	1794	OK
 347	     0	67.0	97.5	1823	OK
 348	     0	68.7	101.4	1777	OK
 349	     0	66.5	97.7	1799	OK
 350	     0	66.5	96.9	1803	OK
 351	     0	69.8	97.8	1773	OK
 352	     0	67.4	97.6	1787	OK
 353	     0	67.5	93.6	1828	OK
 354	     0	65.7	99.2	1769	OK
 355	     0	67.7	101.8	1767	OK
 356	     0	66.2	96.3	1818	OK
 357	     0	67.3	96.3	1817	OK
 358	     0	67.4	94.2	1816	OK
 359	     0	68.2	97.8	1814	OK
 360	     0	68.2	98.4	1786	OK
 361	     0	66.6	94.8	1828	OK
 362	     0	68.9	97.6	1791	OK
 363	     0	67.9	96.9	1809	OK
 364	     0	67.9	97.7	1776	OK
 365	     0	68.6	100.2	1795	OK
 366	     0	64.2	83.6	1908	OK
 367	     0	67.9	98.9	1776	OK
 368	     0	67.6	95.9	1795	OK
 369	     0	65.2	92.4	1851	OK
 370	     0	67.3	94.7	1800	OK
 371	     0	65.7	94.8	1824	OK
 372	     0	68.8	95.9	1828	OK
 373	     0	66.0	98.2	1804	OK
 374	     0	68.1	95.6	1788	OK
 375	     0	65.6	97.3	1817	OK
 376	     0	66.6	97.3	1825	OK
 377	     0	64.1	93.5	1842	OK
 378	     0	65.7	93.8	1819	OK
 379	     0	67.2	97.2	1784	OK
 380	     0	67.0	106.9	1718	OK
 381	     0	66.4	95.0	1801	OK
 382	     0	64.9	93.1	1829	OK
 383	     0	67.5	96.5	1831	OK
 384	     0	69.8	96.7	1736	OK
 385	     0	71.3	99.0	1729	OK
 386	     0	69.1	99.4	1707	OK
 387	     0	69.7	99.3	1722	OK
 388	     0	68.3	98.2	1735	OK
 389	     0	67.6	97.6	1751	OK
 390	     0	69.0	97.5	1732	OK
 391	     0	69.7	98.3	1723	OK
 392	     0	68.4	96.6	1761	OK
 393	     0	67.9	95.5	1754	OK
 394	     0	67.9	99.1	1702	OK
 395	     0	68.2	95.8	1741	OK
 396	     0	68.6	95.7	1749	OK
 397	     0	70.9	99.9	1698	OK
 398	     0	72.4	102.8	1717	OK
 399	     0	68.2	98.9	1734	OK
 400	     0	68.7	95.6	1739	OK
 401	     0	70.5	99.0	1731	OK
 402	     0	66.8	100.4	1680	OK
 403	     0	68.4	106.7	1692	OK
 404	     0	67.2	98.1	1721	OK
 405	     0	68.6	99.2	1707	OK
 406	     0	67.2	95.7	1754	OK
 407	     0	69.3	97.3	1758	OK
 408	     0	69.9	99.7	1712	OK
 409	     0	67.8	98.8	1743	OK
 410	     0	69.5	100.4	1722	OK
 411	     0	69.4	96.0	1751	OK
 412	     0	66.8	95.3	1763	OK
 413	     0	67.3	95.9	1758	OK
 414	     0	68.4	100.1	1719	OK
 415	     0	69.2	97.6	1734	OK
 416	     0	66.7	95.7	1752	OK
 417	     0	66.9	96.0	1744	OK
 418	     0	68.6	95.5	1756	OK
 419	     0	69.6	97.9	1741	OK
 420	     0	68.4	95.4	1749	OK
 421	     0	69.0	98.4	1730	OK
 422	     0	69.1	96.4	1748	OK
 423	     0	68.7	98.7	1733	OK
 424	     0	69.6	117.5	1640	OK
 425	     0	68.7	100.8	1727	OK
 426	     0	66.1	94.9	1736	OK
 427	     0	68.4	97.2	1767	OK
 428	     0	69.6	99.0	1743	OK
 429	     0	69.8	97.8	1769	OK
 430	     0	68.3	98.9	1716	OK
 431	     0	71.0	100.3	1751	OK
 432	     0	70.6	99.1	1765	OK
 433	     0	71.3	99.5	1741	OK
 434	     0	70.0	95.7	1751	OK
 435	     0	70.5	99.9	1721	OK
 436	     0	69.9	103.7	1723	OK
 437	     0	67.9	94.6	1784	OK
 438	     0	69.1	97.1	1734	OK
 439	     0	70.0	100.3	1714	OK
 440	     0	68.8	96.7	1756	OK
 441	     0	68.8	98.2	1734	OK
 442	     0	69.0	96.2	1763	OK
 443	     0	69.8	99.8	1727	OK
 444	     0	72.6	100.4	1751	OK
 445	     0	75.2	104.4	1712	OK
 446	     0	71.0	97.7	1712	OK
 447	     0	69.8	98.0	1777	OK
 448	     0	72.1	105.1	1677	OK
 449	     0	73.9	104.0	1681	OK
 450	     0	70.5	98.8	1732	OK
 451	     0	69.1	100.2	1729	OK
 452	     0	70.9	101.2	1724	OK
 453	     0	69.1	96.2	1743	OK
 454	     0	69.1	96.9	1732	OK
 455	     0	67.0	96.8	1754	OK
 456	     0	69.7	98.4	1755	OK
 457	     0	69.7	98.0	1729	OK
 458	     0	70.5	98.9	1712	OK
 459	     0	69.2	99.7	1694	OK
 460	     0	68.7	97.4	1746	OK
 461	     0	70.1	98.5	1719	OK
 462	     0	67.0	95.8	1759	OK
 463	     0	68.3	97.9	1742	OK
 464	     0	71.0	99.4	1725	OK
 465	     0	68.1	95.4	1749	OK
 466	     0	72.9	100.5	1700	OK
 467	     0	70.2	99.0	1732	OK
 468	     0	66.7	92.9	1763	OK
 469	     0	69.3	97.0	1782	OK
 470	     0	67.7	96.0	1771	OK
 471	     0	71.2	100.6	1726	OK
 472	     0	66.8	95.3	1730	OK
 473	     0	70.3	106.1	1688	OK
 474	     0	69.2	101.7	1695	OK
 475	     0	70.5	99.6	1735	OK
 476	     0	71.7	99.9	1723	OK
 477	     0	68.8	95.7	1751	OK
 478	     0	70.7	100.6	1734	OK
 479	     0	69.5	98.4	1708	OK
 480	     0	69.6	97.2	1751	OK
 481	     0	71.1	101.3	1712	OK
 482	     0	68.9	97.4	1738	OK
 483	     0	70.4	98.6	1750	OK
 484	     0	68.6	95.4	1741	OK
 485	     0	71.5	97.1	1739	OK
 486	     0	68.1	97.1	1720	OK
 487	     0	70.6	98.0	1747	OK
 488	     0	70.4	100.9	1701	OK
 489	     0	71.7	100.0	1710	OK
 490	     0	71.7	101.9	1726	OK
 491	     0	71.5	98.6	1720	OK
 492	     0	71.2	100.4	1709	OK
 493	     0	70.7	99.4	1728	OK
 494	     0	73.3	104.3	1683	OK
 495	     0	73.9	103.3	1688	OK
 496	     0	72.6	100.3	1724	OK
 497	     0	72.6	99.9	1718	OK
 498	     0	71.0	101.1	1707	OK
 499	     0	70.8	103.0	1682	OK
 500	     0	71.9	100.3	1731	OK
 501	     0	68.6	95.5	1726	OK
 502	     0	71.9	97.7	1736	OK
 503	     0	73.4	103.0	1684	OK
 504	     0	70.2	99.5	1708	OK
 505	     0	73.1	103.4	1670	OK
 506	     0	73.5	101.2	1686	OK
 507	     0	72.0	101.6	1697	OK
 508	     0	74.9	101.7	1745	OK
 509	     0	74.5	102.3	1709	OK
 510	     0	71.1	100.6	1704	OK
 511	     0	72.3	100.0	1707	OK
 512	     0	69.2	98.0	1789	OK
 513	     0	68.4	97.8	1822	OK
 514	     0	67.6	96.0	1822	OK
 515	     0	70.0	99.6	1776	OK
 516	     0	68.7	96.9	1796	OK
 517	     0	68.6	96.9	1780	OK
 518	     0	65.7	95.4	1785	OK
 519	     0	66.8	97.1	1782	OK
 520	     0	67.4	101.6	1719	OK
 521	     0	67.4	97.1	1819	OK
 522	     0	65.9	96.7	1759	OK
 523	     0	69.0	99.1	1777	OK
 524	     0	66.9	96.3	1788	OK
 525	     0	66.0	96.2	1810	OK
 526	     0	68.1	98.3	1796	OK
 527	     0	67.4	97.7	1797	OK
 528	     0	67.4	95.9	1803	OK
 529	     0	67.6	95.7	1803	OK
 530	     0	69.0	100.8	1738	OK
 531	     0	70.2	98.4	1765	OK
 532	     0	67.3	94.1	1811	OK
 533	     0	68.2	95.6	1788	OK
 534	     0	68.1	96.5	1795	OK
 535	     0	68.7	93.9	1802	OK
 536	     0	68.7	102.2	1740	OK
 537	     0	67.6	94.5	1826	OK
 538	     0	68.7	99.0	1738	OK
 539	     0	69.5	98.6	1751	OK
 540	     0	67.9	100.5	1718	OK
 541	     0	70.8	98.8	1771	OK
 542	     0	68.9	93.9	1800	OK
 543	     0	67.8	94.9	1812	OK
 544	     0	67.4	94.2	1814	OK
 545	     0	67.6	96.7	1810	OK
 546	     0	70.4	100.1	1779	OK
 547	     0	69.0	100.1	1776	OK
 548	     0	67.1	95.2	1824	OK
 549	     0	68.2	97.2	1803	OK
 550	     0	66.7	94.9	1792	OK
 551	     0	68.5	96.3	1820	OK
 552	     0	67.6	94.7	1835	OK
 553	     0	68.5	96.5	1798	OK
 554	     0	67.6	96.7	1811	OK
 555	     0	67.2	97.7	1799	OK
 556	     0	68.1	99.0	1804	OK
 557	     0	69.5	99.9	1798	OK
 558	     0	65.4	95.4	1824	OK
 559	     0	70.4	99.1	1799	OK
 560	     0	66.2	95.0	1792	OK
 561	     0	67.7	97.1	1793	OK
 562	     0	68.9	99.2	1768	OK
 563	     0	69.2	98.0	1777	OK
 564	     0	69.0	97.9	1784	OK
 565	     0	69.8	96.2	1805	OK
 566	     0	69.1	99.1	1788	OK
 567	     0	66.6	94.2	1820	OK
 568	     0	71.4	100.6	1772	OK
 569	     0	69.9	97.1	1785	OK
 570	     0	69.3	97.4	1804	OK
 571	     0	68.8	98.6	1803	OK
 572	     0	72.8	100.4	1749	OK
 573	     0	72.5	101.4	1764	OK
 574	     0	70.6	100.1	1774	OK
 575	     0	69.5	97.6	1770	OK
 576	     0	71.5	100.9	1777	OK
 577	     0	68.3	94.1	1831	OK
 578	     0	68.8	99.0	1777	OK
 579	     0	69.3	102.7	1770	OK
 580	     0	68.3	97.2	1815	OK
 581	     0	69.8	101.5	1727	OK
 582	     0	68.6	99.3	1781	OK
 583	     0	69.0	98.8	1807	OK
 584	     0	68.0	97.5	1780	OK
 585	     0	69.8	97.2	1823	OK
 586	     0	67.9	99.5	1765	OK
 587	     0	66.4	99.4	1748	OK
 588	     0	70.7	99.6	1775	OK
 589	     0	70.1	98.9	1779	OK
 590	     0	67.8	102.9	1754	OK
 591	     0	69.1	98.2	1781	OK
 592	     0	67.3	94.8	1832	OK
 593	     0	69.5	98.3	1794	OK
 594	     0	68.0	97.9	1787	OK
 595	     0	67.5	95.8	1825	OK
 596	     0	67.6	94.0	1854	OK
 597	     0	69.3	97.6	1802	OK
 598	     0	69.1	98.0	1797	OK
 599	     0	67.7	97.7	1798	OK
 600	     0	67.8	96.4	1831	OK
 601	     0	68.1	96.6	1824	OK
 602	     0	68.3	97.6	1796	OK
 603	     0	66.4	94.6	1817	OK
 604	     0	68.8	95.8	1809	OK
 605	     0	68.4	97.2	1799	OK
 606	     0	68.8	96.9	1816	OK
 607	     0	69.6	98.4	1780	OK
 608	     0	69.5	99.4	1805	OK
 609	     0	68.8	103.0	1767	OK
 610	     0	68.0	96.0	1808	OK
 611	     0	69.7	108.3	1734	OK
 612	     0	69.3	98.4	1832	OK
 613	     0	67.7	95.6	1782	OK
 614	     0	67.9	95.5	1823	OK
 615	     0	67.2	96.8	1825	OK
 616	     0	69.7	105.2	1738	OK
 617	     0	69.0	111.8	1720	OK
 618	     0	67.9	96.1	1804	OK
 619	     0	66.4	52.3	1761	OK
 620	     0	69.7	98.8	1781	OK
 621	     0	67.1	95.2	1828	OK
 622	     0	68.9	98.5	1781	OK
 623	     0	68.4	98.4	1778	OK
 624	     0	66.7	99.0	1776	OK
 625	     0	67.9	102.9	1758	OK
 626	     0	68.7	96.4	1835	OK
 627	     0	67.3	97.3	1788	OK
 628	     0	67.6	93.4	1833	OK
 629	     0	68.3	99.8	1807	OK
 630	     0	67.5	96.5	1795	OK
 631	     0	70.4	100.2	1770	OK
 632	     0	66.2	94.9	1851	OK
 633	     0	66.6	97.2	1786	OK
 634	     0	71.2	97.9	1816	OK
 635	     0	70.1	99.1	1795	OK
 636	     0	69.5	99.5	1776	OK
 637	     0	69.6	98.9	1780	OK
 638	     0	67.4	95.5	1774	OK
 639	     0	71.0	103.0	1738	OK
 640	     0	71.7	100.9	1790	OK
 641	     0	73.0	101.1	1801	OK
 642	     0	69.4	100.6	1741	OK
 643	     0	69.4	97.3	1811	OK
 644	     0	69.2	96.4	1792	OK
 645	     0	67.8	95.3	1817	OK
 646	     0	68.4	97.9	1778	OK
 647	     0	68.5	98.0	1784	OK
 648	     0	69.6	99.0	1797	OK
 649	     0	69.8	99.8	1770	OK
 650	     0	66.5	93.7	1815	OK
 651	     0	66.5	94.8	1792	OK
 652	     0	67.4	96.7	1807	OK
 653	     0	66.5	91.6	1839	OK
 654	     0	67.2	99.2	1803	OK
 655	     0	69.2	96.4	1813	OK
 656	     0	67.6	100.3	1773	OK
 657	     0	67.5	99.9	1790	OK
 658	     0	65.7	92.6	1865	OK
 659	     0	68.2	102.1	1738	OK
 660	     0	66.1	97.9	1788	OK
 661	     0	67.7	95.3	1820	OK
 662	     0	67.8	97.2	1814	OK
 663	     0	65.4	94.3	1823	OK
 664	     0	67.0	94.2	1807	OK
 665	     0	67.8	98.1	1786	OK
 666	     0	67.1	96.4	1793	OK
 667	     0	67.3	97.6	1807	OK
 668	     0	65.7	95.1	1837	OK
 669	     0	66.9	95.2	1831	OK
 670	     0	68.6	98.9	1769	OK
 671	     0	68.8	96.1	1798	OK
 672	     0	69.7	101.6	1783	OK
 673	     0	67.6	95.2	1847	OK
 674	     0	69.7	99.3	1784	OK
 675	     0	69.3	99.2	1783	OK
 676	     0	67.0	97.2	1775	OK
 677	     0	66.2	93.5	1822	OK
 678	     0	68.2	98.6	1799	OK
 679	     0	69.9	96.4	1823	OK
 680	     0	66.8	93.5	1835	OK
 681	     0	69.6	99.2	1780	OK
 682	     0	68.2	97.4	1805	OK
 683	     0	67.7	96.4	1795	OK
 684	     0	68.3	96.5	1814	OK
 685	     0	70.2	98.6	1786	OK
 686	     0	68.2	96.3	1808	OK
 687	     0	68.4	96.3	1813	OK
 688	     0	68.8	97.2	1804	OK
 689	     0	66.6	98.2	1776	OK
 690	     0	67.5	94.8	1822	OK
 691	     0	69.8	97.3	1825	OK
 692	     0	69.2	97.6	1780	OK
 693	     0	66.2	93.1	1840	OK
 694	     0	67.1	97.9	1768	OK
 695	     0	68.1	100.5	1794	OK
 696	     0	71.6	100.7	1792	OK
 697	     0	69.3	95.7	1807	OK
 698	     0	68.3	101.6	1731	OK
 699	     0	67.6	94.3	1840	OK
 700	     0	70.0	97.0	1823	OK
 701	     0	68.6	99.2	1793	OK
 702	     0	69.2	93.8	1831	OK
 703	     0	70.7	98.1	1812	OK
 704	     0	72.3	103.3	1783	OK
 705	     0	69.2	97.3	1825	OK
 706	     0	68.1	96.7	1797	OK
 707	     0	67.2	95.7	1822	OK
 708	     0	67.2	94.7	1822	OK
 709	     0	68.2	96.0	1828	OK
 710	     0	68.8	97.4	1798	OK
 711	     0	64.8	93.5	1801	OK
 712	     0	66.7	93.3	1859	OK
 713	     0	68.1	103.4	1731	OK
 714	     0	67.1	96.6	1821	OK
 715	     0	68.2	97.4	1783	OK
 716	     0	67.2	97.1	1811	OK
 717	     0	67.2	97.2	1824	OK
 718	     0	72.0	100.1	1785	OK
 719	     0	69.3	99.3	1798	OK
 720	     0	63.2	92.1	1835	OK
 721	     0	67.7	93.6	1852	OK
 722	     0	67.3	95.9	1846	OK
 723	     0	69.1	97.2	1823	OK
 724	     0	66.7	95.5	1826	OK
 725	     0	65.9	93.6	1826	OK
 726	     0	66.9	94.8	1829	OK
 727	     0	66.8	97.5	1805	OK
 728	     0	68.1	98.2	1795	OK
 729	     0	67.1	96.7	1825	OK
 730	     0	62.9	90.6	1849	OK
 731	     0	67.3	96.1	1831	OK
 732	     0	66.0	95.1	1843	OK
 733	     0	67.9	97.4	1802	OK
 734	     0	68.1	96.7	1816	OK
 735	     0	71.1	106.5	1718	OK
 736	     0	68.0	93.8	1829	OK
 737	     0	68.3	97.2	1802	OK
 738	     0	66.2	93.6	1832	OK
 739	     0	69.4	96.7	1813	OK
 740	     0	68.8	98.0	1770	OK
 741	     0	67.6	96.9	1821	OK
 742	     0	65.5	93.6	1850	OK
 743	     0	69.0	97.2	1798	OK
 744	     0	67.9	97.5	1813	OK
 745	     0	68.4	98.2	1831	OK
 746	     0	67.7	96.0	1825	OK
 747	     0	70.5	96.9	1815	OK
 748	     0	68.1	96.5	1807	OK
 749	     0	67.5	96.3	1826	OK
 750	     0	68.9	98.1	1807	OK
 751	     0	68.7	96.6	1832	OK
 752	     0	67.6	94.8	1829	OK
 753	     0	71.1	99.8	1794	OK
 754	     0	67.0	93.9	1857	OK
 755	     0	68.1	97.7	1788	OK
 756	     0	66.8	93.9	1868	OK
 757	     0	70.8	100.2	1793	OK
 758	     0	67.5	95.8	1806	OK
 759	     0	68.4	94.2	1826	OK
 760	     0	68.7	100.7	1770	OK
 761	     0	68.7	100.3	1794	OK
 762	     0	69.0	97.9	1803	OK
 763	     0	70.1	100.0	1791	OK
 764	     0	70.2	100.2	1797	OK
 765	     0	68.2	98.8	1801	OK
 766	     0	72.8	101.4	1791	OK
 767	     0	70.6	97.0	1805	OK
 768	     0	72.8	104.0	1659	OK
 769	     0	72.6	105.2	1696	OK
 770	     0	69.1	97.5	1753	OK
 771	     0	69.3	99.2	1733	OK
 772	     0	70.0	100.8	1720	OK
 773	     0	69.4	97.3	1730	OK
 774	     0	68.2	96.7	1772	OK
 775	     0	70.4	99.3	1726	OK
 776	     0	69.6	98.6	1725	OK
 777	     0	72.3	100.2	1731	OK
 778	     0	67.8	98.0	1680	OK
 779	     0	69.2	97.2	1718	OK
 780	     0	70.0	98.2	1750	OK
 781	     0	71.5	100.9	1741	OK
 782	     0	69.5	97.0	1727	OK
 783	     0	69.5	98.6	1730	OK
 784	     0	71.1	99.2	1710	OK
 785	     0	71.7	101.3	1709	OK
 786	     0	70.6	97.4	1734	OK
 787	     0	69.9	96.2	1729	OK
 788	     0	69.3	98.7	1696	OK
 789	     0	69.7	99.6	1717	OK
 790	     0	71.5	101.5	1686	OK
 791	     0	73.1	101.5	1699	OK
 792	     0	70.5	100.2	1725	OK
 793	     0	74.3	101.5	1724	OK
 794	     0	71.9	105.0	1683	OK
 795	     0	69.8	100.2	1709	OK
 796	     0	70.1	98.2	1705	OK
 797	     0	70.0	96.7	1768	OK
 798	     0	71.1	99.3	1699	OK
 799	     0	72.5	101.7	1699	OK
 800	     0	71.9	102.8	1713	OK
 801	     0	70.9	99.0	1700	OK
 802	     0	71.6	101.1	1701	OK
 803	     0	72.5	102.1	1701	OK
 804	     0	75.3	103.5	1705	OK
 805	     0	71.8	101.1	1727	OK
 806	     0	73.4	101.1	1713	OK
 807	     0	70.7	99.5	1748	OK
 808	     0	73.3	102.8	1703	OK
 809	     0	71.5	103.1	1691	OK
 810	     0	71.1	100.3	1728	OK
 811	     0	73.5	106.6	1647	OK
 812	     0	71.9	100.0	1730	OK
 813	     0	70.9	97.3	1742	OK
 814	     0	71.3	100.4	1734	OK
 815	     0	71.9	103.2	1701	OK
 816	     0	74.5	99.5	1740	OK
 817	     0	74.2	104.3	1734	OK
 818	     0	72.1	100.0	1725	OK
 819	     0	72.7	100.9	1711	OK
 820	     0	71.1	96.9	1749	OK
 821	     0	74.8	103.4	1703	OK
 822	     0	72.2	100.8	1709	OK
 823	     0	73.1	105.1	1691	OK
 824	     0	71.6	98.6	1725	OK
 825	     0	73.8	102.3	1702	OK
 826	     0	72.7	102.8	1691	OK
 827	     0	74.1	100.7	1739	OK
 828	     0	73.8	102.1	1707	OK
 829	     0	75.3	102.7	1702	OK
 830	     0	74.9	102.4	1697	OK
 831	     0	73.8	103.7	1711	OK
 832	     0	75.1	104.1	1701	OK
 833	     0	75.4	104.5	1684	OK
 834	     0	70.7	98.2	1761	OK
 835	     0	74.7	102.2	1700	OK
 836	     0	72.2	100.7	1716	OK
 837	     0	72.3	100.9	1717	OK
 838	     0	73.8	99.8	1729	OK
 839	     0	73.6	103.4	1711	OK
 840	     0	72.4	98.6	1748	OK
 841	     0	71.2	98.5	1720	OK
 842	     0	72.9	103.0	1687	OK
 843	     0	71.4	99.3	1729	OK
 844	     0	71.2	99.2	1748	OK
 845	     0	74.7	102.4	1730	OK
 846	     0	71.0	99.6	1723	OK
 847	     0	72.5	102.5	1726	OK
 848	     0	73.0	101.0	1708	OK
 849	     0	71.6	100.2	1711	OK
 850	     0	71.7	104.2	1695	OK
 851	     0	70.4	100.1	1707	OK
 852	     0	70.4	98.8	1714	OK
 853	     0	71.7	107.9	1674	OK
 854	     0	68.6	96.4	1784	OK
 855	     0	70.7	106.1	1675	OK
 856	     0	72.5	100.7	1725	OK
 857	     0	71.4	101.2	1699	OK
 858	     0	72.0	99.4	1713	OK
 859	     0	70.6	96.8	1753	OK
 860	     0	73.2	101.8	1713	OK
 861	     0	72.8	104.3	1716	OK
 862	     0	70.6	106.3	1666	OK
 863	     0	71.5	101.1	1692	OK
 864	     0	72.5	98.8	1706	OK
 865	     0	71.4	102.4	1705	OK
 866	     0	73.6	102.1	1705	OK
 867	     0	72.8	98.6	1747	OK
 868	     0	73.6	101.0	1735	OK
 869	     0	75.8	106.0	1652	OK
 870	     0	73.9	103.0	1709	OK
 871	     0	73.8	102.0	1713	OK
 872	     0	73.1	101.3	1697	OK
 873	     0	71.1	100.1	1734	OK
 874	     0	74.0	101.9	1711	OK
 875	     0	71.8	98.6	1705	OK
 876	     0	72.2	99.0	1714	OK
 877	     0	71.2	98.8	1741	OK
 878	     0	74.2	102.0	1694	OK
 879	     0	71.7	99.7	1734	OK
 880	     0	73.1	103.2	1691	OK
 881	     0	71.7	98.7	1748	OK
 882	     0	73.4	104.1	1710	OK
 883	     0	71.7	100.3	1713	OK
 884	     0	72.6	99.4	1724	OK
 885	     0	70.3	98.4	1717	OK
 886	     0	73.4	100.9	1678	OK
 887	     0	74.1	103.1	1715	OK
 888	     0	71.8	101.2	1702	OK
 889	     0	71.2	98.0	1748	OK
 890	     0	73.7	101.7	1700	OK
 891	     0	75.6	104.1	1678	OK
 892	     0	75.1	103.0	1725	OK
 893	     0	73.0	101.7	1690	OK
 894	     0	75.8	103.7	1691	OK
 895	     0	72.8	101.4	1691	OK
 896	     0	72.8	100.3	1743	OK
 897	     0	73.1	100.1	1675	OK
 898	     0	72.2	101.6	1621	OK
 899	     0	72.3	102.9	1591	OK
 900	     0	69.3	96.5	1673	OK
 901	     0	69.0	97.3	1658	OK
 902	     0	69.4	96.7	1639	OK
 903	     0	69.4	97.0	1634	OK
 904	     0	69.3	99.1	1626	OK
 905	     0	71.3	98.5	1648	OK
 906	     0	67.4	96.6	1643	OK
 907	     0	69.0	97.2	1651	OK
 908	     0	69.0	95.8	1668	OK
 909	     0	68.8	99.9	1653	OK
 910	     0	70.1	98.2	1636	OK
 911	     0	69.8	97.4	1665	OK
 912	     0	68.2	102.1	1576	OK
 913	     0	68.4	97.0	1657	OK
 914	     0	70.1	99.0	1642	OK
 915	     0	68.5	98.2	1664	OK
 916	     0	70.7	95.6	1660	OK
 917	     0	70.7	99.8	1644	OK
 918	     0	68.2	96.9	1646	OK
 919	     0	70.4	98.1	1678	OK
 920	     0	71.4	99.2	1622	OK
 921	     0	69.4	98.5	1652	OK
 922	     0	67.5	94.9	1667	OK
 923	     0	70.8	99.0	1631	OK
 924	     0	70.8	102.5	1598	OK
 925	     0	72.2	102.2	1645	OK
 926	     0	70.8	100.6	1626	OK
 927	     0	71.4	99.0	1652	OK
 928	     0	70.0	100.3	1644	OK
 929	     0	70.8	97.7	1629	OK
 930	     0	70.7	99.3	1641	OK
 931	     0	69.6	98.0	1654	OK
 932	     0	69.8	97.6	1649	OK
 933	     0	68.6	98.6	1650	OK
 934	     0	71.5	99.1	1585	OK
 935	     0	68.4	96.0	1669	OK
 936	     0	67.4	95.9	1692	OK
 937	     0	69.2	95.4	1697	OK
 938	     0	67.9	97.6	1649	OK
 939	     0	69.2	96.2	1674	OK
 940	     0	70.0	96.7	1656	OK
 941	     0	69.1	100.6	1643	OK
 942	     0	68.2	99.9	1632	OK
 943	     0	71.1	97.8	1656	OK
 944	     0	69.9	97.3	1659	OK
 945	     0	70.5	97.8	1673	OK
 946	     0	69.1	97.0	1668	OK
 947	     0	69.3	98.0	1670	OK
 948	     0	70.7	100.6	1621	OK
 949	     0	68.3	100.4	1608	OK
 950	     0	68.6	95.9	1671	OK
 951	     0	70.1	97.4	1640	OK
 952	     0	68.4	96.6	1641	OK
 953	     0	68.4	97.2	1666	OK
 954	     0	71.2	97.6	1689	OK
 955	     0	69.4	99.0	1658	OK
 956	     0	75.6	104.0	1613	OK
 957	     0	70.4	102.4	1635	OK
 958	     0	70.5	97.2	1657	OK
 959	     0	70.7	98.7	1641	OK
 960	     0	74.9	102.3	1629	OK
 961	     0	72.6	99.4	1617	OK
 962	     0	71.3	99.3	1636	OK
 963	     0	69.2	98.8	1657	OK
 964	     0	68.2	96.1	1694	OK
 965	     0	71.1	99.5	1664	OK
 966	     0	71.2	100.7	1650	OK
 967	     0	69.6	102.8	1616	OK
 968	     0	69.9	95.2	1653	OK
 969	     0	69.9	99.3	1654	OK
 970	     0	68.3	100.0	1640	OK
 971	     0	69.1	97.2	1709	OK
 972	     0	69.9	97.2	1647	OK
 973	     0	69.5	100.0	1651	OK
 974	     0	66.2	94.0	1689	OK
 975	     0	69.8	124.0	1572	OK
 976	     0	69.1	98.3	1673	OK
 977	     0	69.5	95.7	1685	OK
 978	     0	70.9	110.8	1594	OK
 979	     0	68.4	96.2	1668	OK
 980	     0	69.8	98.6	1639	OK
 981	     0	68.9	98.3	1665	OK
 982	     0	66.2	93.9	1675	OK
 983	     0	66.7	93.9	1702	OK
 984	     0	70.6	98.6	1671	OK
 985	     0	67.1	96.3	1657	OK
 986	     0	68.3	97.0	1663	OK
 987	     0	67.3	94.8	1691	OK
 988	     0	66.4	98.1	1639	OK
 989	     0	65.6	94.5	1665	OK
 990	     0	69.8	98.1	1674	OK
 991	     0	69.9	98.3	1666	OK
 992	     0	68.5	99.4	1610	OK
 993	     0	68.4	96.6	1666	OK
 994	     0	68.5	99.8	1639	OK
 995	     0	69.9	100.3	1631	OK
 996	     0	68.2	97.3	1677	OK
 997	     0	67.9	99.0	1637	OK
 998	     0	67.7	94.0	1701	OK
 999	     0	69.4	97.1	1670	OK
1000	     0	69.2	101.5	1598	OK
1001	     0	69.2	100.5	1642	OK
1002	     0	68.6	96.9	1692	OK
1003	     0	71.7	101.1	1628	OK
1004	     0	69.2	97.1	1679	OK
1005	     0	67.0	93.8	1697	OK
1006	     0	69.5	98.1	1656	OK
1007	     0	68.3	95.4	1720	OK
1008	     0	67.0	93.9	1683	OK
1009	     0	69.2	100.2	1650	OK
1010	     0	67.8	96.8	1678	OK
1011	     0	67.7	96.9	1665	OK
1012	     0	70.5	98.0	1666	OK
1013	     0	69.7	98.8	1647	OK
1014	     0	67.3	97.9	1647	OK
1015	     0	70.2	97.2	1695	OK
1016	     0	67.9	94.6	1710	OK
1017	     0	69.0	98.4	1662	OK
1018	     0	68.6	97.7	1650	OK
1019	     0	67.8	95.2	1690	OK
1020	     0	66.3	92.5	1703	OK
1021	     0	67.9	95.0	1702	OK
1022	     0	68.7	94.3	1706	OK
1023	     0	69.0	98.3	1667	OK
1024	     0	68.8	97.0	1775	OK
1025	     0	70.0	97.1	1756	OK
1026	     0	69.1	101.0	1704	OK
1027	     0	69.5	100.9	1717	OK
1028	     0	68.2	99.6	1754	OK
1029	     0	67.4	96.8	1762	OK
1030	     0	67.6	97.7	1743	OK
1031	     0	71.3	98.5	1762	OK
1032	     0	67.3	94.6	1753	OK
1033	     0	67.8	95.1	1757	OK
1034	     0	69.0	97.4	1740	OK
1035	     0	68.1	100.7	1738	OK
1036	     0	69.2	98.3	1747	OK
1037	     0	68.7	94.8	1748	OK
1038	     0	68.6	96.5	1787	OK
1039	     0	68.3	95.4	1784	OK
1040	     0	68.2	97.2	1755	OK
1041	     0	69.2	100.7	1727	OK
1042	     0	68.2	96.8	1746	OK
1043	     0	68.6	102.0	1717	OK
1044	     0	66.7	94.9	1792	OK
1045	     0	67.6	97.2	1757	OK
1046	     0	68.1	98.1	1751	OK
1047	     0	69.6	99.6	1758	OK
1048	     0	66.6	96.2	1757	OK
1049	     0	67.3	96.7	1756	OK
1050	     0	67.5	98.8	1773	OK
1051	     0	66.7	96.2	1781	OK
1052	     0	68.6	97.6	1762	OK
1053	     0	67.1	94.4	1794	OK
1054	     0	68.8	103.0	1732	OK
1055	     0	67.0	97.3	1793	OK
1056	     0	68.9	99.4	1749	OK
1057	     0	66.8	102.3	1708	OK
1058	     0	67.3	94.9	1770	OK
1059	     0	67.7	97.6	1734	OK
1060	     0	67.7	94.4	1770	OK
1061	     0	68.1	96.0	1795	OK
1062	     0	65.9	98.9	1752	OK
1063	     0	65.3	86.1	1847	OK
1064	     0	67.6	97.7	1787	OK
1065	     0	66.4	94.7	1783	OK
1066	     0	66.3	94.9	1768	OK
1067	     0	66.3	95.4	1788	OK
1068	     0	67.0	97.5	1745	OK
1069	     0	66.4	94.9	1767	OK
1070	     0	67.3	99.9	1759	OK
1071	     0	69.2	101.6	1723	OK
1072	     0	68.0	97.4	1766	OK
1073	     0	68.2	97.7	1766	OK
1074	     0	67.2	95.4	1789	OK
1075	     0	66.3	93.6	1777	OK
1076	     0	68.9	97.9	1760	OK
1077	     0	68.7	97.3	1780	OK
1078	     0	66.2	96.8	1750	OK
1079	     0	69.7	101.5	1738	OK
1080	     0	66.0	94.9	1785	OK
1081	     0	70.4	98.4	1753	OK
1082	     0	70.4	98.3	1739	OK
1083	     0	70.2	99.6	1739	OK
1084	     0	69.9	97.3	1754	OK
1085	     0	70.3	97.6	1772	OK
1086	     0	73.1	103.3	1703	OK
1087	     0	73.0	102.7	1731	OK
1088	     0	67.6	101.8	1684	OK
1089	     0	68.4	97.1	1763	OK
1090	     0	66.6	94.1	1756	OK
1091	     0	66.7	93.9	1780	OK
1092	     0	67.0	95.8	1778	OK
1093	     0	67.5	94.3	1769	OK
1094	     0	67.8	97.2	1741	OK
1095	     0	67.6	95.5	1777	OK
1096	     0	70.5	98.6	1731	OK
1097	     0	69.1	98.8	1762	OK
1098	     0	66.6	96.6	1780	OK
1099	     0	67.9	96.3	1770	OK
1100	     0	69.6	97.5	1781	OK
1101	     0	64.8	92.4	1789	OK
1102	     0	65.7	96.0	1756	OK
1103	     0	66.9	94.4	1763	OK
1104	     0	66.6	94.9	1754	OK
1105	     0	66.8	94.8	1789	OK
1106	     0	67.6	95.6	1727	OK
1107	     0	65.9	94.9	1787	OK
1108	     0	66.9	96.2	1748	OK
1109	     0	68.8	95.6	1743	OK
1110	     0	67.5	97.2	1767	OK
1111	     0	67.6	98.1	1737	OK
1112	     0	65.6	92.9	1773	OK
1113	     0	66.7	96.1	1751	OK
1114	     0	66.4	95.6	1765	OK
1115	     0	69.9	99.9	1704	OK
1116	     0	68.2	96.3	1762	OK
1117	     0	65.1	92.7	1782	OK
1118	     0	66.6	99.3	1717	OK
1119	     0	67.3	95.1	1775	OK
1120	     0	65.8	97.0	1745	OK
1121	     0	69.6	98.2	1714	OK
1122	     0	66.2	93.5	1767	OK
1123	     0	68.6	99.5	1717	OK
1124	     0	66.2	96.4	1753	OK
1125	     0	69.1	100.4	1718	OK
1126	     0	66.9	95.6	1760	OK
1127	     0	66.4	96.1	1748	OK
1128	     0	65.0	95.9	1749	OK
1129	     0	68.9	95.2	1751	OK
1130	     0	66.3	95.8	1747	OK
1131	     0	68.0	98.1	1733	OK
1132	     0	66.5	93.6	1796	OK
1133	     0	69.9	99.0	1708	OK
1134	     0	67.6	93.8	1766	OK
1135	     0	68.7	98.0	1742	OK
1136	     0	68.1	95.3	1770	OK
1137	     0	67.8	96.8	1789	OK
1138	     0	67.4	94.8	1752	OK
1139	     0	66.6	96.5	1746	OK
1140	     0	65.3	95.1	1767	OK
1141	     0	67.8	95.1	1746	OK
1142	     0	69.9	97.7	1755	OK
1143	     0	68.5	95.5	1751	OK
1144	     0	67.6	95.2	1741	OK
1145	     0	68.7	96.4	1749	OK
1146	     0	66.9	94.7	1738	OK
1147	     0	69.2	98.2	1766	OK
1148	     0	65.4	94.8	1774	OK
1149	     0	71.8	101.1	1749	OK
1150	     0	71.4	98.6	1795	OK
1151	  4000	74.4	100.6	1899	high noise
1152	     0	73.4	101.6	1732	OK
1153	     0	72.3	102.4	1719	OK
1154	     0	72.1	99.3	1720	OK
1155	     0	72.5	102.6	1697	OK
1156	     0	68.7	97.4	1727	OK
1157	     0	68.5	97.3	1747	OK
1158	     0	73.1	103.8	1701	OK
1159	     0	71.0	101.5	1721	OK
1160	     0	69.8	99.7	1743	OK
1161	     0	68.9	98.2	1724	OK
1162	     0	72.6	101.0	1739	OK
1163	     0	71.0	101.8	1713	OK
1164	     0	71.0	100.1	1722	OK
1165	     0	67.8	96.4	1743	OK
1166	     0	72.8	103.4	1709	OK
1167	     0	69.5	98.6	1707	OK
1168	     0	69.4	99.7	1731	OK
1169	     0	68.9	98.5	1732	OK
1170	     0	68.2	99.4	1731	OK
1171	     0	70.4	98.2	1786	OK
1172	     0	71.1	102.7	1708	OK
1173	     0	71.4	101.1	1717	OK
1174	     0	69.1	96.6	1754	OK
1175	     0	70.9	99.6	1727	OK
1176	     0	70.8	101.8	1722	OK
1177	     0	71.7	98.4	1736	OK
1178	     0	70.3	97.3	1758	OK
1179	     0	73.2	102.1	1718	OK
1180	     0	72.2	98.8	1764	OK
1181	     0	72.2	101.1	1733	OK
1182	     0	69.5	97.8	1744	OK
1183	     0	67.9	94.8	1756	OK
1184	     0	72.2	100.8	1716	OK
1185	     0	70.9	99.5	1717	OK
1186	     0	69.7	101.3	1748	OK
1187	     0	72.3	99.2	1746	OK
1188	     0	68.1	97.4	1765	OK
1189	     0	69.3	99.3	1764	OK
1190	     0	70.6	97.6	1743	OK
1191	     0	71.9	103.4	1718	OK
1192	     0	68.4	93.9	1775	OK
1193	     0	70.7	98.4	1723	OK
1194	     0	70.6	105.8	1703	OK
1195	     0	69.0	98.3	1777	OK
1196	     0	70.1	97.9	1733	OK
1197	     0	71.1	100.0	1755	OK
1198	     0	70.9	101.6	1716	OK
1199	     0	69.3	98.9	1744	OK
1200	     0	71.0	98.8	1730	OK
1201	     0	71.5	100.2	1728	OK
1202	     0	70.5	98.1	1754	OK
1203	     0	73.5	106.0	1720	OK
1204	     0	70.9	100.6	1731	OK
1205	     0	72.3	101.9	1705	OK
1206	     0	68.0	96.4	1733	OK
1207	     0	71.8	103.4	1687	OK
1208	     0	72.2	101.6	1713	OK
1209	     0	72.5	101.3	1715	OK
1210	     0	73.5	103.4	1711	OK
1211	     0	71.7	101.2	1728	OK
1212	     0	72.5	98.0	1742	OK
1213	     0	74.8	102.5	1724	OK
1214	     0	74.1	100.7	1731	OK
1215	     0	76.6	106.2	1682	OK
1216	     0	73.2	102.0	1709	OK
1217	     0	75.0	104.7	1676	OK
1218	     0	71.4	100.5	1700	OK
1219	     0	70.3	97.8	1719	OK
1220	     0	69.9	100.3	1726	OK
1221	     0	68.0	97.1	1706	OK
1222	     0	71.6	101.4	1691	OK
1223	     0	71.2	99.3	1699	OK
1224	     0	69.0	98.0	1701	OK
1225	     0	72.3	103.3	1699	OK
1226	     0	70.0	97.2	1738	OK
1227	     0	68.8	98.9	1752	OK
1228	     0	69.2	97.7	1727	OK
1229	     0	73.2	101.3	1712	OK
1230	     0	71.6	100.1	1693	OK
1231	     0	73.2	101.7	1689	OK
1232	     0	69.5	99.2	1710	OK
1233	     0	74.1	102.9	1666	OK
1234	     0	70.6	98.5	1725	OK
1235	     0	71.1	100.2	1695	OK
1236	     0	73.2	103.8	1691	OK
1237	     0	71.5	103.2	1677	OK
1238	     0	70.8	101.0	1689	OK
1239	     0	70.9	100.5	1683	OK
1240	     0	75.8	103.5	1678	OK
1241	     0	70.5	98.1	1710	OK
1242	     0	71.6	98.7	1695	OK
1243	     0	70.7	100.0	1690	OK
1244	     0	70.8	98.4	1729	OK
1245	     0	70.6	100.9	1687	OK
1246	     0	67.6	99.9	1701	OK
1247	     0	72.3	102.4	1659	OK
1248	     0	68.8	96.1	1726	OK
1249	     0	71.2	101.9	1711	OK
1250	     0	69.7	99.8	1690	OK
1251	     0	70.7	103.9	1676	OK
1252	     0	70.0	99.9	1688	OK
1253	     0	69.3	100.6	1697	OK
1254	     0	69.0	95.9	1696	OK
1255	     0	71.2	98.9	1713	OK
1256	     0	68.3	94.5	1730	OK
1257	     0	70.3	99.9	1695	OK
1258	     0	71.4	102.2	1685	OK
1259	     0	70.6	102.4	1635	OK
1260	     0	71.3	100.9	1701	OK
1261	     0	70.4	98.9	1696	OK
1262	     0	70.1	100.1	1658	OK
1263	     0	71.3	99.9	1673	OK
1264	     0	69.5	98.0	1715	OK
1265	     0	68.8	97.2	1690	OK
1266	     0	69.5	97.7	1726	OK
1267	     0	70.5	97.6	1688	OK
1268	     0	71.4	99.8	1707	OK
1269	     0	68.9	97.2	1708	OK
1270	     0	70.8	100.1	1683	OK
1271	     0	68.3	94.3	1736	OK
1272	     0	69.7	100.2	1685	OK
1273	     0	69.3	97.4	1714	OK
1274	     0	71.3	99.7	1675	OK
1275	     0	70.7	98.0	1720	OK
1276	     0	72.4	100.5	1701	OK
1277	     0	73.9	105.0	1665	OK
1278	     0	73.1	104.2	1651	OK
1279	     0	75.3	103.5	1679	OK
1280	     0	71.9	99.1	1721	OK
1281	     0	73.4	101.7	1676	OK
1282	     0	70.7	105.1	1679	OK
1283	     0	68.1	98.9	1690	OK
1284	     0	68.8	98.5	1667	OK
1285	     0	71.1	100.0	1692	OK
1286	     0	66.3	96.6	1699	OK
1287	     0	70.1	97.9	1695	OK
1288	     0	69.7	101.2	1686	OK
1289	     0	69.1	98.5	1663	OK
1290	     0	66.9	96.3	1700	OK
1291	     0	68.5	99.1	1720	OK
1292	     0	70.9	101.0	1643	OK
1293	     0	70.6	100.3	1676	OK
1294	     0	69.7	99.6	1712	OK
1295	     0	66.6	96.9	1707	OK
1296	     0	69.2	99.6	1677	OK
1297	     0	69.1	100.9	1678	OK
1298	     0	68.0	105.1	1641	OK
1299	     0	69.4	98.0	1678	OK
1300	     0	66.8	96.9	1725	OK
1301	     0	67.5	94.9	1717	OK
1302	     0	68.1	96.4	1701	OK
1303	     0	68.6	97.6	1705	OK
1304	     0	68.4	97.1	1722	OK
1305	     0	68.6	98.0	1701	OK
1306	     0	67.5	97.1	1704	OK
1307	     0	70.2	99.2	1719	OK
1308	     0	68.2	97.2	1701	OK
1309	     0	67.9	96.8	1707	OK
1310	     0	67.0	95.2	1716	OK
1311	     0	70.1	101.6	1641	OK
1312	     0	67.9	95.8	1703	OK
1313	     0	69.4	100.5	1664	OK
1314	     0	68.8	99.7	1700	OK
1315	     0	68.1	97.6	1711	OK
1316	     0	70.9	98.8	1691	OK
1317	     0	67.6	99.3	1716	OK
1318	     0	68.7	97.2	1690	OK
1319	     0	67.2	104.5	1648	OK
1320	     0	65.8	94.8	1735	OK
1321	     0	67.7	97.5	1727	OK
1322	     0	66.7	96.6	1681	OK
1323	     0	69.1	97.7	1686	OK
1324	     0	66.2	95.6	1710	OK
1325	     0	69.7	99.2	1695	OK
1326	     0	66.4	96.2	1695	OK
1327	     0	67.5	94.0	1731	OK
1328	     0	69.4	97.1	1747	OK
1329	     0	69.0	96.3	1710	OK
1330	     0	68.3	97.7	1709	OK
1331	     0	69.9	99.8	1682	OK
1332	     0	69.4	98.4	1712	OK
1333	     0	68.7	100.6	1685	OK
1334	     0	69.3	98.6	1712	OK
1335	     0	68.6	97.2	1712	OK
1336	     0	69.6	100.0	1719	OK
1337	     0	67.2	96.1	1705	OK
1338	     0	70.9	98.6	1709	OK
1339	     0	70.9	99.1	1707	OK
1340	     0	69.8	100.1	1693	OK
1341	     0	71.3	98.2	1710	OK
1342	     0	70.3	101.3	1668	OK
1343	     0	73.3	101.1	1660	OK
1344	     0	67.3	97.8	1695	OK
1345	     0	69.3	97.7	1715	OK
1346	     0	70.9	100.8	1674	OK
1347	     0	67.4	101.1	1664	OK
1348	     0	67.3	94.9	1743	OK
1349	     0	68.8	98.4	1716	OK
1350	     0	68.0	97.6	1698	OK
1351	     0	67.5	94.5	1701	OK
1352	     0	69.0	98.6	1670	OK
1353	     0	69.3	96.3	1716	OK
1354	     0	71.5	101.4	1675	OK
1355	     0	67.0	96.3	1697	OK
1356	     0	66.7	94.6	1764	OK
1357	     0	69.4	97.7	1720	OK
1358	     0	69.4	99.6	1674	OK
1359	     0	68.5	100.4	1700	OK
1360	     0	66.1	93.5	1752	OK
1361	     0	69.4	99.1	1693	OK
1362	     0	67.3	95.0	1737	OK
1363	     0	68.5	98.9	1688	OK
1364	     0	69.7	97.8	1709	OK
1365	     0	66.3	97.8	1716	OK
1366	     0	69.1	98.7	1694	OK
1367	     0	67.5	98.8	1708	OK
1368	     0	67.5	102.4	1679	OK
1369	     0	66.7	98.0	1688	OK
1370	     0	68.6	103.8	1686	OK
1371	     0	66.1	95.4	1707	OK
1372	     0	67.9	96.9	1738	OK
1373	     0	68.6	102.7	1658	OK
1374	     0	67.2	97.1	1717	OK
1375	     0	68.6	100.1	1712	OK
1376	     0	68.1	97.6	1692	OK
1377	     0	64.9	94.5	1722	OK
1378	     0	67.6	99.4	1660	OK
1379	     0	67.8	99.1	1715	OK
1380	     0	69.2	97.5	1705	OK
1381	     0	65.9	94.6	1747	OK
1382	     0	66.4	97.0	1723	OK
1383	     0	68.2	97.6	1738	OK
1384	     0	65.9	96.5	1719	OK
1385	     0	66.8	97.5	1687	OK
1386	     0	70.1	99.8	1703	OK
1387	     0	66.7	97.2	1707	OK
1388	     0	65.6	93.6	1753	OK
1389	     0	67.3	96.8	1726	OK
1390	     0	67.0	97.2	1722	OK
1391	     0	65.5	95.1	1736	OK
1392	     0	67.1	95.0	1738	OK
1393	     0	65.5	95.7	1711	OK
1394	     0	66.2	95.2	1682	OK
1395	     0	66.8	97.2	1735	OK
1396	     0	63.8	93.2	1728	OK
1397	     0	66.2	97.1	1723	OK
1398	     0	68.5	95.5	1710	OK
1399	     0	65.6	94.1	1729	OK
1400	     0	65.8	95.6	1707	OK
1401	     0	67.7	97.6	1694	OK
1402	     0	67.2	96.8	1701	OK
1403	     0	67.5	98.7	1718	OK
1404	     0	68.0	98.9	1658	OK
1405	     0	68.4	96.9	1720	OK
1406	     0	67.8	99.3	1696	OK
1407	     0	70.3	96.6	1726	OK
1408	     0	68.6	97.0	1661	OK
1409	     0	68.0	99.6	1623	OK
1410	     0	68.8	97.7	1626	OK
1411	     0	69.2	97.2	1647	OK
1412	     0	67.2	98.3	1637	OK
1413	     0	68.6	98.4	1633	OK
1414	     0	66.3	95.3	1674	OK
1415	     0	67.3	105.2	1591	OK
1416	     0	69.5	99.0	1654	OK
1417	     0	68.6	95.4	1679	OK
1418	     0	68.2	96.1	1644	OK
1419	     0	67.4	96.8	1627	OK
1420	     0	66.5	98.5	1659	OK
1421	     0	66.3	96.7	1628	OK
1422	     0	68.5	97.0	1635	OK
1423	     0	69.8	97.7	1648	OK
1424	     0	66.8	94.7	1666	OK
1425	     0	68.0	95.7	1663	OK
1426	     0	66.2	95.4	1653	OK
1427	     0	69.1	98.9	1600	OK
1428	     0	69.3	98.6	1633	OK
1429	     0	69.2	98.8	1659	OK
1430	     0	69.2	103.5	1633	OK
1431	     0	69.8	99.6	1630	OK
1432	     0	69.4	95.7	1655	OK
1433	     0	71.3	96.9	1640	OK
1434	     0	67.6	96.9	1644	OK
1435	     0	69.2	97.9	1638	OK
1436	     0	69.3	97.1	1664	OK
1437	     0	68.0	97.1	1647	OK
1438	     0	68.4	98.4	1615	OK
1439	     0	68.4	97.3	1661	OK
1440	     0	68.5	96.8	1671	OK
1441	     0	69.2	97.9	1649	OK
1442	     0	71.5	99.9	1643	OK
1443	     0	68.6	96.9	1664	OK
1444	     0	70.4	98.0	1629	OK
1445	     0	69.2	99.1	1623	OK
1446	     0	66.2	97.5	1663	OK
1447	     0	69.1	98.4	1619	OK
1448	     0	68.5	97.5	1665	OK
1449	     0	68.3	100.2	1618	OK
1450	     0	67.9	96.1	1647	OK
1451	     0	71.4	103.8	1607	OK
1452	     0	70.6	100.7	1637	OK
1453	     0	67.9	97.1	1651	OK
1454	     0	69.7	100.0	1632	OK
1455	     0	69.7	97.9	1669	OK
1456	     0	69.3	95.6	1673	OK
1457	     0	70.3	103.7	1640	OK
1458	     0	70.2	103.9	1594	OK
1459	     0	70.1	98.7	1634	OK
1460	     0	68.6	98.8	1629	OK
1461	     0	69.8	102.6	1620	OK
1462	     0	69.0	100.5	1618	OK
1463	     0	68.1	100.9	1609	OK
1464	     0	71.0	99.4	1661	OK
1465	     0	69.4	96.3	1678	OK
1466	     0	71.1	99.9	1634	OK
1467	     0	71.2	98.7	1661	OK
1468	     0	73.8	103.8	1611	OK
1469	     0	72.8	100.8	1626	OK
1470	     0	72.7	101.4	1617	OK
1471	     0	74.3	100.7	1617	OK
1472	     0	72.3	99.7	1616	OK
1473	     0	70.7	99.9	1654	OK
1474	     0	69.9	103.8	1596	OK
1475	     0	71.7	105.7	1582	OK
1476	     0	67.0	95.1	1678	OK
1477	     0	68.3	98.5	1637	OK
1478	     0	68.8	99.0	1602	OK
1479	     0	70.8	99.4	1637	OK
1480	     0	68.6	100.4	1620	OK
1481	     0	70.2	100.1	1629	OK
1482	     0	67.8	97.5	1656	OK
1483	     0	70.6	99.6	1642	OK
1484	     0	68.5	97.6	1609	OK
1485	     0	69.4	113.9	1562	OK
1486	     0	67.7	99.5	1603	OK
1487	     0	69.0	101.2	1633	OK
1488	     0	68.6	97.7	1629	OK
1489	     0	69.2	96.9	1670	OK
1490	     0	70.4	102.2	1595	OK
1491	     0	70.4	99.8	1639	OK
1492	     0	68.4	98.3	1634	OK
1493	     0	70.2	99.8	1610	OK
1494	     0	68.5	97.6	1613	OK
1495	     0	69.0	96.5	1664	OK
1496	     0	69.4	98.5	1608	OK
1497	     0	68.4	98.9	1654	OK
1498	     0	72.0	101.9	1602	OK
1499	     0	69.4	99.1	1624	OK
1500	     0	68.4	97.4	1648	OK
1501	     0	70.1	98.4	1643	OK
1502	     0	70.1	101.5	1596	OK
1503	     0	67.7	96.4	1639	OK
1504	     0	69.1	97.3	1640	OK
1505	     0	66.2	95.7	1630	OK
1506	     0	70.1	99.8	1630	OK
1507	     0	72.0	101.1	1614	OK
1508	     0	72.3	100.2	1616	OK
1509	     0	68.6	95.0	1627	OK
1510	     0	69.1	97.1	1645	OK
1511	     0	71.2	100.5	1610	OK
1512	     0	71.4	100.5	1637	OK
1513	     0	71.8	104.2	1580	OK
1514	     0	72.1	99.4	1621	OK
1515	     0	73.6	102.7	1609	OK
1516	     0	70.0	97.3	1623	OK
1517	     0	71.2	98.3	1608	OK
1518	     0	71.3	98.8	1662	OK
1519	     0	69.7	99.6	1618	OK
1520	     0	73.1	104.8	1536	OK
1521	     0	73.3	101.0	1601	OK
1522	     0	71.1	100.0	1622	OK
1523	     0	74.8	106.7	1559	OK
1524	     0	72.6	99.4	1620	OK
1525	     0	70.4	101.1	1591	OK
1526	     0	72.2	100.6	1618	OK
1527	     0	72.0	102.0	1606	OK
1528	     0	70.6	101.1	1581	OK
1529	     0	72.4	100.8	1596	OK
1530	     0	73.0	101.3	1623	OK
1531	     0	72.2	102.0	1586	OK
1532	     0	73.5	99.5	1635	OK
1533	     0	74.6	104.8	1590	OK
1534	     0	75.4	101.9	1587	OK
1535	     0	72.6	101.0	1610	OK
1536	     0	66.8	95.0	1725	OK
1537	     0	69.7	97.7	1698	OK
1538	     0	67.7	98.8	1654	OK
1539	     0	70.6	99.1	1671	OK
1540	     0	67.1	96.1	1671	OK
1541	     0	68.9	97.5	1682	OK
1542	     0	68.3	96.8	1690	OK
1543	     0	68.8	99.2	1673	OK
1544	     0	68.0	97.0	1665	OK
1545	     0	65.8	95.0	1725	OK
1546	     0	65.6	94.7	1705	OK
1547	     0	67.9	97.6	1697	OK
1548	     0	67.4	96.6	1684	OK
1549	     0	68.3	100.6	1650	OK
1550	     0	69.8	96.3	1688	OK
1551	     0	68.9	96.2	1667	OK
1552	     0	68.0	96.0	1713	OK
1553	     0	68.2	98.3	1660	OK
1554	     0	68.0	95.8	1707	OK
1555	     0	69.5	98.5	1669	OK
1556	     0	69.1	99.1	1634	OK
1557	     0	69.7	100.7	1669	OK
1558	     0	67.9	94.9	1721	OK
1559	     0	69.8	102.1	1649	OK
1560	     0	70.3	98.3	1683	OK
1561	     0	72.5	103.0	1653	OK
1562	     0	68.3	96.8	1669	OK
1563	     0	68.8	100.3	1647	OK
1564	     0	69.0	101.2	1635	OK
1565	     0	68.3	99.0	1680	OK
1566	     0	68.5	100.6	1650	OK
1567	     0	66.4	95.9	1696	OK
1568	     0	67.2	98.0	1692	OK
1569	     0	65.1	94.4	1691	OK
1570	     0	66.4	95.3	1689	OK
1571	     0	67.3	97.9	1691	OK
1572	     0	66.9	96.9	1689	OK
1573	     0	69.1	98.9	1666	OK
1574	     0	68.7	100.0	1684	OK
1575	     0	68.3	97.8	1674	OK
1576	     0	66.8	96.3	1706	OK
1577	     0	66.5	95.9	1700	OK
1578	     0	68.0	98.8	1631	OK
1579	     0	67.5	94.8	1732	OK
1580	     0	66.3	97.4	1703	OK
1581	     0	67.9	96.6	1688	OK
1582	     0	65.8	97.4	1685	OK
1583	     0	68.4	99.4	1680	OK
1584	     0	69.1	99.6	1665	OK
1585	     0	69.5	96.3	1701	OK
1586	     0	70.4	98.1	1682	OK
1587	     0	68.4	97.1	1714	OK
1588	     0	70.8	98.2	1670	OK
1589	     0	71.1	102.2	1657	OK
1590	     0	69.3	98.2	1687	OK
1591	     0	67.8	96.1	1709	OK
1592	     0	70.0	97.3	1683	OK
1593	     0	68.3	96.3	1702	OK
1594	     0	68.7	98.8	1693	OK
1595	     0	70.3	99.6	1678	OK
1596	     0	70.5	97.6	1667	OK
1597	     0	69.0	99.7	1643	OK
1598	     0	71.5	100.4	1688	OK
1599	     0	74.7	101.8	1641	OK
1600	     0	69.3	100.3	1724	OK
1601	     0	69.6	99.2	1660	OK
1602	     0	68.8	95.8	1726	OK
1603	     0	71.2	99.5	1677	OK
1604	     0	70.2	101.0	1676	OK
1605	     0	70.1	122.4	1595	OK
1606	     0	70.0	97.0	1727	OK
1607	     0	66.9	95.3	1720	OK
1608	     0	68.9	100.2	1681	OK
1609	     0	67.5	97.1	1681	OK
1610	     0	67.9	99.1	1695	OK
1611	     0	66.7	94.4	1725	OK
1612	     0	69.1	98.7	1706	OK
1613	     0	67.5	96.4	1719	OK
1614	     0	71.3	99.1	1677	OK
1615	     0	71.5	103.0	1666	OK
1616	     0	68.4	99.0	1691	OK
1617	     0	67.9	95.4	1718	OK
1618	     0	69.5	97.4	1728	OK
1619	     0	72.0	103.9	1679	OK
1620	     0	67.3	95.5	1720	OK
1621	     0	69.0	102.6	1662	OK
1622	     0	68.7	97.0	1726	OK
1623	     0	68.0	97.7	1708	OK
1624	     0	68.5	96.8	1691	OK
1625	     0	68.0	100.2	1695	OK
1626	     0	68.6	95.7	1690	OK
1627	     0	69.6	98.5	1711	OK
1628	     0	68.2	97.6	1738	OK
1629	     0	69.0	98.6	1684	OK
1630	     0	67.5	94.5	1711	OK
1631	     0	68.3	97.4	1703	OK
1632	     0	68.9	101.5	1694	OK
1633	     0	70.2	106.7	1633	OK
1634	     0	67.4	96.0	1710	OK
1635	     0	70.8	100.1	1704	OK
1636	     0	68.7	96.0	1744	OK
1637	     0	68.4	98.0	1710	OK
1638	     0	67.5	97.0	1710	OK
1639	     0	70.5	103.9	1671	OK
1640	     0	69.3	99.7	1687	OK
1641	     0	70.4	118.2	1615	OK
1642	     0	67.7	98.5	1656	OK
1643	     0	69.2	137.0	1647	OK
1644	     0	69.2	99.7	1681	OK
1645	     0	68.1	98.3	1688	OK
1646	     0	68.0	95.1	1716	OK
1647	     0	68.9	97.0	1720	OK
1648	     0	67.8	97.1	1717	OK
1649	     0	66.5	95.6	1702	OK
1650	     0	66.0	94.0	1717	OK
1651	     0	68.7	98.4	1723	OK
1652	     0	68.2	96.7	1722	OK
1653	     0	68.6	98.4	1704	OK
1654	     0	67.9	95.3	1721	OK
1655	     0	68.8	96.7	1713	OK
1656	     0	68.3	98.7	1694	OK
1657	     0	69.1	95.9	1737	OK
1658	     0	68.6	94.6	1721	OK
1659	     0	71.2	100.8	1687	OK
1660	     0	68.8	97.3	1718	OK
1661	     0	69.5	97.8	1692	OK
1662	     0	74.3	103.1	1687	OK
1663	     0	73.1	100.3	1688	OK
1664	     0	71.9	102.0	1666	OK
1665	     0	70.3	96.5	1723	OK
1666	     0	69.6	98.4	1688	OK
1667	     0	69.9	98.0	1693	OK
1668	     0	67.1	95.3	1708	OK
1669	     0	67.5	96.9	1699	OK
1670	     0	67.0	97.3	1678	OK
1671	     0	68.6	98.0	1729	OK
1672	     0	66.6	96.1	1701	OK
1673	     0	67.0	94.7	1704	OK
1674	     0	67.8	96.2	1726	OK
1675	     0	67.9	94.3	1724	OK
1676	     0	65.9	93.3	1751	OK
1677	     0	66.9	97.1	1707	OK
1678	     0	69.6	100.6	1690	OK
1679	     0	68.5	98.1	1710	OK
1680	     0	67.7	94.9	1750	OK
1681	     0	65.5	93.5	1705	OK
1682	     0	66.4	96.8	1712	OK
1683	     0	68.7	98.0	1693	OK
1684	     0	66.3	96.7	1722	OK
1685	     0	68.8	96.7	1716	OK
1686	     0	67.2	96.3	1696	OK
1687	     0	67.3	96.2	1701	OK
1688	     0	67.5	94.3	1750	OK
1689	     0	65.6	96.7	1704	OK
1690	     0	67.0	96.6	1715	OK
1691	     0	68.0	99.2	1675	OK
1692	     0	69.3	97.3	1705	OK
1693	     0	69.3	101.2	1695	OK
1694	     0	68.6	97.4	1705	OK
1695	     0	69.1	97.4	1711	OK
1696	     0	69.2	100.3	1705	OK
1697	     0	69.9	99.8	1676	OK
1698	     0	66.1	95.6	1700	OK
1699	     0	67.2	98.2	1719	OK
1700	     0	71.6	99.2	1690	OK
1701	     0	68.2	99.7	1655	OK
1702	     0	68.6	100.3	1690	OK
1703	     0	69.3	102.6	1663	OK
1704	     0	66.9	94.3	1712	OK
1705	     0	68.9	97.0	1718	OK
1706	     0	67.2	94.6	1732	OK
1707	     0	68.3	96.8	1732	OK
1708	     0	66.8	94.9	1752	OK
1709	     0	68.8	100.6	1688	OK
1710	     0	67.6	98.1	1692	OK
1711	     0	67.6	97.4	1704	OK
1712	     0	67.2	97.4	1690	OK
1713	     0	68.8	97.4	1729	OK
1714	     0	68.5	97.1	1727	OK
1715	     0	69.8	97.9	1718	OK
1716	     0	67.4	96.7	1702	OK
1717	     0	68.9	98.8	1715	OK
1718	     0	70.5	98.8	1695	OK
1719	     0	67.4	98.3	1716	OK
1720	     0	68.0	94.5	1725	OK
1721	     0	68.5	96.9	1704	OK
1722	     0	69.0	99.5	1715	OK
1723	     0	69.1	105.9	1609	OK
1724	     0	70.4	100.2	1660	OK
1725	     0	71.3	121.6	1603	OK
1726	     0	74.9	102.6	1683	OK
1727	     0	72.8	99.6	1693	OK
1728	     0	67.6	95.8	1736	OK
1729	     0	70.5	99.2	1711	OK
1730	     0	68.1	99.0	1706	OK
1731	     0	69.9	101.5	1699	OK
1732	     0	69.3	98.9	1709	OK
1733	     0	67.5	97.3	1712	OK
1734	     0	69.9	100.9	1720	OK
1735	     0	66.7	95.0	1757	OK
1736	     0	67.0	99.5	1704	OK
1737	     0	69.3	98.5	1684	OK
1738	     0	69.2	95.8	1705	OK
1739	     0	70.0	99.5	1693	OK
1740	     0	67.7	96.0	1757	OK
1741	     0	68.4	98.2	1703	OK
1742	     0	71.4	99.2	1679	OK
1743	     0	65.2	93.4	1736	OK
1744	     0	68.3	96.9	1752	OK
1745	     0	63.7	93.7	1745	OK
1746	     0	67.1	94.5	1739	OK
1747	     0	68.6	96.8	1724	OK
1748	     0	65.8	94.3	1729	OK
1749	     0	67.4	98.3	1711	OK
1750	     0	67.1	93.5	1742	OK
1751	     0	66.6	95.3	1732	OK
1752	     0	67.9	99.9	1690	OK
1753	     0	69.0	96.6	1748	OK
1754	     0	67.9	97.5	1693	OK
1755	     0	65.9	93.1	1717	OK
1756	     0	66.1	94.8	1746	OK
1757	     0	68.9	101.2	1618	OK
1758	     0	67.6	96.4	1699	OK
1759	     0	68.7	97.3	1722	OK
1760	     0	69.5	97.4	1716	OK
1761	     0	69.8	98.4	1705	OK
1762	     0	69.5	102.0	1647	OK
1763	     0	69.4	98.7	1717	OK
1764	     0	67.3	94.8	1726	OK
1765	     0	69.7	96.9	1736	OK
1766	     0	69.5	97.8	1715	OK
1767	     0	70.0	96.5	1748	OK
1768	     0	70.3	100.7	1674	OK
1769	     0	67.3	94.5	1736	OK
1770	     0	67.1	97.9	1679	OK
1771	     0	71.7	98.1	1701	OK
1772	     0	70.0	96.1	1735	OK
1773	     0	69.6	98.2	1690	OK
1774	     0	69.5	97.7	1720	OK
1775	     0	68.7	97.1	1681	OK
1776	     0	66.4	93.6	1734	OK
1777	     0	67.7	95.7	1729	OK
1778	     0	66.2	93.9	1764	OK
1779	     0	69.2	101.5	1663	OK
1780	     0	66.8	94.5	1739	OK
1781	     0	68.7	97.7	1733	OK
1782	     0	69.7	98.0	1699	OK
1783	     0	69.9	97.6	1712	OK
1784	     0	69.7	98.3	1728	OK
1785	     0	72.3	101.0	1675	OK
1786	     0	70.6	99.3	1690	OK
1787	     0	72.5	101.2	1661	OK
1788	     0	70.4	99.3	1689	OK
1789	     0	70.3	99.5	1674	OK
1790	     0	70.8	97.7	1698	OK
1791	     0	70.9	96.8	1717	OK
1792	     0	72.6	102.2	1637	OK
1793	     0	71.9	102.0	1616	OK
1794	     0	68.7	97.9	1635	OK
1795	     0	70.7	98.4	1640	OK
1796	     0	69.0	95.1	1692	OK
1797	     0	70.4	97.0	1653	OK
1798	     0	69.0	101.3	1600	OK
1799	     0	72.1	103.5	1624	OK
1800	     0	69.1	97.1	1628	OK
1801	     0	70.2	98.3	1650	OK
1802	     0	70.7	97.2	1644	OK
1803	     0	70.6	99.0	1629	OK
1804	     0	70.7	100.3	1633	OK
1805	     0	73.0	102.8	1601	OK
1806	     0	72.0	99.1	1660	OK
1807	     0	71.6	100.2	1628	OK
1808	     0	69.6	97.9	1635	OK
1809	     0	71.8	101.2	1598	OK
1810	     0	71.8	102.6	1585	OK
1811	     0	71.8	98.6	1646	OK
1812	     0	66.8	96.1	1662	OK
1813	     0	70.2	100.8	1640	OK
1814	     0	70.3	99.7	1617	OK
1815	     0	70.2	99.5	1638	OK
1816	     0	71.9	100.2	1595	OK
1817	     0	71.5	101.1	1614	OK
1818	     0	71.4	101.1	1636	OK
1819	     0	69.8	99.2	1626	OK
1820	     0	69.6	99.2	1650	OK
1821	     0	72.1	102.4	1614	OK
1822	     0	70.8	99.2	1640	OK
1823	     0	73.6	100.2	1644	OK
1824	     0	68.2	96.9	1631	OK
1825	     0	70.2	102.6	1609	OK
1826	     0	70.2	99.2	1640	OK
1827	     0	71.0	98.1	1677	OK
1828	     0	71.2	102.2	1596	OK
1829	     0	73.6	104.1	1602	OK
1830	     0	70.1	100.5	1628	OK
1831	     0	73.9	103.3	1621	OK
1832	     0	70.1	98.8	1640	OK
1833	     0	72.3	100.7	1652	OK
1834	     0	69.5	96.7	1643	OK
1835	     0	72.2	100.2	1626	OK
1836	     0	70.5	96.7	1668	OK
1837	     0	74.3	104.4	1618	OK
1838	     0	73.0	100.6	1619	OK
1839	     0	71.5	97.8	1651	OK
1840	     0	74.3	101.7	1617	OK
1841	     0	74.9	106.1	1610	OK
1842	     0	72.8	100.5	1634	OK
1843	     0	73.5	104.8	1618	OK
1844	     0	71.8	100.4	1616	OK
1845	     0	72.8	101.6	1646	OK
1846	     0	74.0	102.8	1617	OK
1847	     0	74.1	101.5	1642	OK
1848	     0	73.3	101.7	1608	OK
1849	     0	71.7	100.8	1672	OK
1850	     0	72.0	100.5	1636	OK
1851	     0	71.6	100.0	1626	OK
1852	     0	72.0	99.4	1649	OK
1853	     0	74.7	103.8	1615	OK
1854	     0	74.4	100.7	1609	OK
1855	     0	77.6	106.2	1602	OK
1856	     0	75.3	104.7	1609	OK
1857	     0	73.9	103.4	1607	OK
1858	     0	74.1	103.3	1590	OK
1859	     0	75.7	102.6	1610	OK
1860	     0	73.0	102.6	1611	OK
1861	     0	72.0	101.8	1645	OK
1862	     0	74.0	102.9	1622	OK
1863	     0	70.9	100.8	1612	OK
1864	     0	71.9	100.6	1621	OK
1865	     0	73.3	105.2	1612	OK
1866	     0	71.8	99.7	1636	OK
1867	     0	70.9	100.4	1663	OK
1868	     0	71.3	101.1	1619	OK
1869	     0	72.2	98.7	1652	OK
1870	     0	68.2	97.8	1633	OK
1871	     0	71.9	98.2	1633	OK
1872	     0	71.1	99.3	1636	OK
1873	     0	69.6	99.0	1649	OK
1874	     0	73.4	101.3	1616	OK
1875	     0	72.2	100.4	1635	OK
1876	     0	70.1	96.7	1670	OK
1877	     0	72.7	100.2	1625	OK
1878	     0	73.0	102.1	1613	OK
1879	     0	73.1	98.7	1656	OK
1880	     0	72.5	101.9	1610	OK
1881	     0	70.6	98.4	1669	OK
1882	     0	69.5	97.6	1671	OK
1883	     0	70.9	100.8	1620	OK
1884	     0	72.3	99.5	1627	OK
1885	     0	70.8	97.8	1676	OK
1886	     0	69.7	97.3	1649	OK
1887	     0	70.0	98.9	1619	OK
1888	     0	74.1	104.5	1623	OK
1889	     0	73.8	103.7	1631	OK
1890	     0	72.1	111.4	1554	OK
1891	     0	72.8	100.5	1613	OK
1892	     0	72.5	101.7	1621	OK
1893	     0	71.1	99.3	1629	OK
1894	     0	72.1	105.0	1584	OK
1895	     0	73.0	99.7	1630	OK
1896	     0	72.3	100.4	1653	OK
1897	     0	72.7	99.6	1612	OK
1898	     0	73.1	102.8	1617	OK
1899	     0	70.6	97.6	1632	OK
1900	     0	73.1	102.6	1635	OK
1901	     0	76.3	103.3	1620	OK
1902	     0	70.9	99.0	1637	OK
1903	     0	73.3	101.6	1634	OK
1904	     0	74.5	102.6	1610	OK
1905	     0	73.2	100.5	1617	OK
1906	     0	72.3	103.7	1611	OK
1907	     0	72.6	101.3	1616	OK
1908	     0	70.6	99.8	1634	OK
1909	     0	72.3	101.9	1646	OK
1910	     0	73.1	101.2	1619	OK
1911	     0	73.3	101.2	1637	OK
1912	     0	74.3	102.6	1621	OK
1913	     0	70.8	99.4	1645	OK
1914	     0	74.9	102.4	1620	OK
1915	     0	76.0	105.8	1608	OK
1916	     0	75.3	103.8	1618	OK
1917	     0	76.8	105.6	1602	OK
1918	     0	76.2	104.7	1600	OK
1919	     0	73.7	101.0	1612	OK
1920	  4000	73.4	96.8	1761	high noise
1921	     0	72.0	99.6	1638	OK
1922	     0	70.4	98.7	1638	OK
1923	     0	71.5	98.8	1589	OK
1924	     0	69.8	99.7	1563	OK
1925	     0	69.6	100.9	1573	OK
1926	     0	69.9	99.1	1605	OK
1927	     0	69.3	96.7	1585	OK
1928	     0	69.1	97.4	1602	OK
1929	     0	68.1	97.0	1585	OK
1930	     0	69.5	96.6	1588	OK
1931	     0	68.9	96.2	1611	OK
1932	     0	66.9	94.7	1614	OK
1933	     0	69.4	98.4	1595	OK
1934	     0	67.9	95.3	1615	OK
1935	     0	69.7	98.8	1559	OK
1936	     0	67.6	94.9	1599	OK
1937	     0	69.5	99.2	1586	OK
1938	     0	68.1	96.7	1578	OK
1939	     0	68.4	96.4	1618	OK
1940	     0	69.3	98.1	1558	OK
1941	     0	71.4	100.4	1576	OK
1942	     0	69.7	101.0	1552	OK
1943	     0	69.3	99.4	1570	OK
1944	     0	69.1	96.4	1601	OK
1945	     0	70.5	98.8	1581	OK
1946	     0	70.1	98.8	1594	OK
1947	     0	72.9	101.1	1578	OK
1948	     0	69.1	97.7	1557	OK
1949	     0	70.0	99.0	1592	OK
1950	     0	68.9	96.5	1605	OK
1951	     0	68.0	98.6	1564	OK
1952	     0	71.6	100.0	1565	OK
1953	     0	73.0	103.1	1544	OK
1954	     0	73.2	101.6	1573	OK
1955	     0	69.7	96.7	1577	OK
1956	     0	69.9	97.4	1580	OK
1957	     0	69.5	98.9	1595	OK
1958	     0	69.2	96.7	1570	OK
1959	     0	68.3	94.4	1618	OK
1960	     0	69.6	97.8	1577	OK
1961	     0	67.5	96.4	1573	OK
1962	     0	71.4	98.0	1558	OK
1963	     0	69.3	96.2	1605	OK
1964	     0	68.2	94.7	1601	OK
1965	     0	70.9	99.6	1586	OK
1966	     0	70.7	98.5	1593	OK
1967	     0	69.4	96.9	1599	OK
1968	     0	68.6	102.2	1526	OK
1969	     0	68.7	97.1	1583	OK
1970	     0	69.7	97.9	1585	OK
1971	     0	70.2	99.1	1581	OK
1972	     0	68.4	102.6	1538	OK
1973	     0	69.9	97.2	1590	OK
1974	     0	70.3	102.3	1536	OK
1975	     0	70.1	99.2	1571	OK
1976	     0	69.5	99.7	1583	OK
1977	     0	69.1	96.3	1622	OK
1978	     0	72.2	101.4	1567	OK
1979	     0	73.4	103.5	1566	OK
1980	     0	72.2	100.3	1581	OK
1981	     0	71.3	99.6	1576	OK
1982	     0	73.0	108.5	1501	OK
1983	     0	71.7	102.0	1558	OK
1984	     0	73.5	104.0	1546	OK
1985	     0	72.5	100.0	1558	OK
1986	     0	71.3	98.5	1574	OK
1987	     0	70.7	100.0	1569	OK
1988	     0	71.1	99.5	1575	OK
1989	     0	69.2	96.9	1591	OK
1990	     0	70.1	99.7	1558	OK
1991	     0	70.8	98.4	1575	OK
1992	     0	69.2	99.5	1549	OK
1993	     0	70.5	97.7	1571	OK
1994	     0	69.2	98.7	1572	OK
1995	     0	69.1	96.8	1607	OK
1996	     0	68.7	97.5	1602	OK
1997	     0	68.8	101.4	1547	OK
1998	     0	70.6	99.7	1561	OK
1999	     0	68.9	95.8	1607	OK
2000	     0	68.2	97.4	1599	OK
2001	     0	68.4	95.4	1585	OK
2002	     0	71.0	99.4	1570	OK
2003	     0	70.9	99.4	1557	OK
2004	     0	70.8	98.9	1566	OK
2005	     0	69.9	96.3	1584	OK
2006	     0	70.3	98.4	1616	OK
2007	     0	70.4	99.1	1560	OK
2008	     0	67.6	96.8	1584	OK
2009	     0	68.1	97.1	1597	OK
2010	     0	70.3	96.5	1588	OK
2011	     0	70.9	99.3	1564	OK
2012	     0	68.8	97.2	1559	OK
2013	     0	67.3	97.4	1601	OK
2014	     0	68.0	97.0	1599	OK
2015	     0	70.8	96.8	1593	OK
2016	     0	67.5	96.4	1591	OK
2017	     0	69.2	99.7	1534	OK
2018	     0	68.3	97.3	1580	OK
2019	     0	71.5	109.2	1506	OK
2020	     0	67.4	94.1	1603	OK
2021	     0	68.4	94.9	1595	OK
2022	     0	66.4	92.4	1642	OK
2023	     0	68.2	97.5	1566	OK
2024	     0	67.2	95.0	1597	OK
2025	     0	68.3	96.0	1598	OK
2026	     0	67.9	95.0	1586	OK
2027	     0	67.8	97.0	1590	OK
2028	     0	69.4	98.6	1559	OK
2029	     0	66.5	92.0	1635	OK
2030	     0	68.2	97.7	1578	OK
2031	     0	68.2	95.9	1564	OK
2032	     0	71.3	99.8	1574	OK
2033	     0	67.3	94.9	1601	OK
2034	     0	69.3	97.6	1589	OK
2035	     0	68.4	94.1	1607	OK
2036	     0	68.0	102.6	1544	OK
2037	     0	69.9	98.5	1559	OK
2038	     0	67.4	96.6	1583	OK
2039	     0	68.0	99.4	1545	OK
2040	     0	68.0	95.5	1611	OK
2041	     0	67.5	99.6	1540	OK
2042	     0	68.0	96.2	1600	OK
2043	     0	69.6	98.7	1570	OK
2044	     0	67.1	97.2	1573	OK
2045	     0	67.4	96.2	1590	OK
2046	     0	68.0	96.3	1626	OK
2047	     0	70.2	98.2	1558	OK
