#chan	code	gain	vt50	innse	comment
   0	     0	77.4	142.9	 675	OK
   1	     0	75.6	137.8	 673	OK
   2	     0	76.6	139.7	 700	OK
   3	     0	78.5	143.0	 682	OK
   4	     0	75.6	137.9	 671	OK
   5	     0	76.7	139.8	 673	OK
   6	     0	76.1	141.1	 682	OK
   7	     0	76.3	140.4	 672	OK
   8	     0	75.3	139.5	 681	OK
   9	     0	77.0	141.2	 678	OK
  10	     0	74.3	137.7	 671	OK
  11	     0	76.1	139.3	 678	OK
  12	     0	77.0	140.2	 684	OK
  13	     0	75.8	138.7	 678	OK
  14	     0	78.0	142.2	 679	OK
  15	     0	77.3	140.7	 682	OK
  16	     0	76.2	138.5	 665	OK
  17	     0	76.8	142.3	 682	OK
  18	     0	72.9	135.2	 672	OK
  19	     0	75.9	139.7	 672	OK
  20	     0	75.6	138.1	 675	OK
  21	     0	77.9	141.6	 666	OK
  22	     0	74.9	137.9	 660	OK
  23	     0	75.1	137.0	 668	OK
  24	     0	76.3	137.7	 653	OK
  25	     0	75.8	138.7	 686	OK
  26	     0	77.2	140.2	 677	OK
  27	     0	75.8	139.7	 673	OK
  28	     0	76.6	138.8	 652	OK
  29	     0	75.1	137.1	 682	OK
  30	     0	74.9	137.7	 684	OK
  31	     0	75.2	137.9	 659	OK
  32	     0	75.0	138.7	 673	OK
  33	     0	75.1	137.8	 661	OK
  34	     0	76.4	138.9	 669	OK
  35	     0	76.3	138.3	 674	OK
  36	     0	77.5	140.2	 636	OK
  37	     0	74.4	136.9	 692	OK
  38	     0	75.9	137.4	 669	OK
  39	     0	75.9	137.1	 673	OK
  40	     0	77.0	137.4	 670	OK
  41	     0	76.1	140.5	 687	OK
  42	     0	76.8	141.9	 675	OK
  43	     0	78.4	142.6	 679	OK
  44	     0	75.7	140.1	 677	OK
  45	     0	75.1	137.7	 684	OK
  46	     0	75.7	138.3	 660	OK
  47	     0	77.3	139.9	 670	OK
  48	     0	73.3	135.2	 667	OK
  49	     0	76.8	141.9	 686	OK
  50	     0	76.8	142.8	 669	OK
  51	     0	75.9	139.6	 669	OK
  52	     0	76.9	140.4	 662	OK
  53	     0	75.4	137.8	 666	OK
  54	     0	76.5	140.8	 663	OK
  55	     0	79.8	144.6	 663	OK
  56	     0	74.7	137.3	 669	OK
  57	     0	77.2	140.8	 669	OK
  58	     0	77.9	140.6	 677	OK
  59	     0	76.3	139.0	 671	OK
  60	     0	77.1	142.2	 683	OK
  61	     0	77.1	140.5	 669	OK
  62	     0	77.2	139.8	 672	OK
  63	     0	78.2	141.3	 675	OK
  64	     0	78.5	143.5	 680	OK
  65	     0	79.4	146.6	 659	OK
  66	     0	75.6	138.7	 672	OK
  67	     0	77.8	141.5	 681	OK
  68	     0	79.6	144.6	 671	OK
  69	     0	78.2	140.8	 675	OK
  70	     0	79.1	144.7	 682	OK
  71	     0	74.8	137.0	 672	OK
  72	     0	79.4	141.9	 674	OK
  73	     0	77.6	143.0	 672	OK
  74	     0	79.8	144.1	 667	OK
  75	     0	80.5	146.8	 669	OK
  76	     0	76.2	137.5	 667	OK
  77	     0	78.1	141.6	 651	OK
  78	     0	77.5	141.1	 668	OK
  79	     0	77.4	139.4	 656	OK
  80	     0	78.3	141.6	 655	OK
  81	     0	77.3	139.5	 690	OK
  82	     0	79.7	144.3	 650	OK
  83	     0	80.3	144.0	 660	OK
  84	     0	79.9	144.3	 650	OK
  85	     0	77.0	139.6	 667	OK
  86	     0	79.1	143.5	 666	OK
  87	     0	78.8	140.4	 666	OK
  88	     0	78.1	141.7	 658	OK
  89	     0	76.9	139.7	 679	OK
  90	     0	78.9	141.6	 657	OK
  91	     0	76.6	140.4	 653	OK
  92	     0	77.8	142.9	 644	OK
  93	     0	80.5	144.5	 660	OK
  94	     0	77.2	139.2	 672	OK
  95	     0	76.8	139.6	 660	OK
  96	     0	78.4	142.8	 646	OK
  97	     0	80.3	145.2	 653	OK
  98	     0	78.5	140.9	 650	OK
  99	     0	78.6	142.3	 638	OK
 100	     0	79.2	142.0	 652	OK
 101	     0	77.1	137.3	 651	OK
 102	     0	78.9	144.0	 630	OK
 103	     0	79.2	142.6	 622	OK
 104	     0	80.4	145.6	 656	OK
 105	     0	78.3	143.5	 641	OK
 106	     0	82.2	147.7	 646	OK
 107	     0	79.9	144.4	 637	OK
 108	     0	79.6	142.0	 637	OK
 109	     0	80.6	143.1	 637	OK
 110	     0	78.0	143.0	 662	OK
 111	     0	79.6	144.4	 648	OK
 112	     0	77.6	139.3	 641	OK
 113	     0	79.8	144.6	 650	OK
 114	     0	78.6	143.0	 640	OK
 115	     0	80.1	143.2	 636	OK
 116	     0	76.6	140.4	 647	OK
 117	     0	77.8	140.7	 637	OK
 118	     0	81.3	146.4	 621	OK
 119	     0	78.7	140.1	 641	OK
 120	     0	80.4	144.7	 645	OK
 121	     0	78.2	139.7	 639	OK
 122	     0	79.1	145.3	 608	OK
 123	     0	81.3	147.2	 639	OK
 124	     0	80.7	144.3	 644	OK
 125	     0	81.0	145.1	 629	OK
 126	     0	80.4	142.6	 631	OK
 127	     0	84.9	148.9	 637	OK
 128	     0	78.7	143.7	 694	OK
 129	     0	77.6	140.7	 672	OK
 130	     0	79.9	145.0	 653	OK
 131	     0	78.5	141.3	 666	OK
 132	     0	77.8	141.1	 675	OK
 133	     0	78.5	143.4	 664	OK
 134	     0	80.0	142.7	 684	OK
 135	     0	78.4	143.4	 672	OK
 136	     0	79.9	143.9	 686	OK
 137	     0	78.0	140.5	 691	OK
 138	     0	77.4	139.4	 652	OK
 139	     0	78.1	142.4	 676	OK
 140	     0	79.0	142.9	 682	OK
 141	     0	77.9	140.1	 681	OK
 142	     0	77.4	140.0	 655	OK
 143	     0	79.4	145.4	 669	OK
 144	     0	77.6	139.2	 684	OK
 145	     0	77.1	141.0	 675	OK
 146	     0	77.1	140.2	 679	OK
 147	     0	79.3	143.9	 680	OK
 148	     0	77.7	141.4	 670	OK
 149	     0	77.7	141.8	 654	OK
 150	     0	75.7	136.7	 696	OK
 151	     0	76.6	138.2	 679	OK
 152	     0	77.3	138.8	 678	OK
 153	     0	78.5	142.1	 681	OK
 154	     0	77.2	140.7	 664	OK
 155	     0	76.3	138.1	 672	OK
 156	     0	78.8	143.0	 673	OK
 157	     0	75.9	137.1	 686	OK
 158	     0	78.0	140.1	 677	OK
 159	     0	76.6	138.1	 677	OK
 160	     0	77.5	140.7	 669	OK
 161	     0	76.6	141.0	 678	OK
 162	     0	76.2	138.1	 666	OK
 163	     0	77.3	139.9	 694	OK
 164	     0	77.3	141.1	 679	OK
 165	     0	77.8	142.6	 666	OK
 166	     0	76.1	140.8	 676	OK
 167	     0	77.8	141.9	 676	OK
 168	     0	75.7	138.3	 673	OK
 169	     0	76.6	138.4	 664	OK
 170	     0	76.7	140.2	 676	OK
 171	     0	74.9	138.0	 680	OK
 172	     0	77.6	142.0	 669	OK
 173	     0	78.8	143.5	 681	OK
 174	     0	76.8	138.4	 663	OK
 175	     0	76.6	138.1	 675	OK
 176	     0	79.4	144.2	 669	OK
 177	     0	78.2	141.6	 685	OK
 178	     0	77.0	140.7	 677	OK
 179	     0	77.6	140.9	 681	OK
 180	     0	75.4	138.7	 679	OK
 181	     0	76.5	138.0	 682	OK
 182	     0	75.6	137.6	 657	OK
 183	     0	75.4	138.3	 691	OK
 184	     0	75.2	137.5	 679	OK
 185	     0	78.1	142.1	 671	OK
 186	     0	76.6	140.6	 677	OK
 187	     0	77.2	141.1	 687	OK
 188	     0	79.0	146.1	 679	OK
 189	     0	78.6	143.2	 674	OK
 190	     0	80.3	147.6	 679	OK
 191	     0	79.8	145.2	 675	OK
 192	     0	76.6	141.7	 684	OK
 193	     0	78.2	143.0	 677	OK
 194	     0	77.5	141.7	 666	OK
 195	     0	76.2	141.0	 685	OK
 196	     0	75.8	139.0	 681	OK
 197	     0	76.0	139.1	 677	OK
 198	     0	74.6	137.3	 680	OK
 199	     0	77.0	142.1	 663	OK
 200	     0	76.0	141.3	 673	OK
 201	     0	74.6	138.3	 676	OK
 202	     0	75.0	139.0	 685	OK
 203	     0	76.8	142.0	 678	OK
 204	     0	75.8	140.5	 654	OK
 205	     0	74.6	137.3	 675	OK
 206	     0	75.3	139.3	 669	OK
 207	     0	76.8	141.8	 647	OK
 208	     0	75.6	136.9	 672	OK
 209	     0	75.4	139.1	 676	OK
 210	     0	78.3	145.2	 688	OK
 211	     0	76.9	142.2	 674	OK
 212	     0	75.9	140.4	 666	OK
 213	     0	75.6	138.3	 658	OK
 214	     0	73.8	137.1	 674	OK
 215	     0	75.3	138.5	 667	OK
 216	     0	75.9	138.6	 652	OK
 217	     0	73.7	135.9	 666	OK
 218	     0	78.3	145.1	 662	OK
 219	     0	76.6	139.0	 670	OK
 220	     0	76.2	140.5	 667	OK
 221	     0	75.5	137.7	 680	OK
 222	     0	75.9	139.8	 651	OK
 223	     0	74.6	138.1	 683	OK
 224	     0	76.2	138.2	 673	OK
 225	     0	76.5	138.6	 676	OK
 226	     0	77.9	142.5	 691	OK
 227	     0	74.3	137.2	 694	OK
 228	     0	74.7	138.1	 669	OK
 229	     0	76.7	141.7	 680	OK
 230	     0	76.3	139.7	 693	OK
 231	     0	73.4	134.4	 697	OK
 232	     0	76.6	141.5	 691	OK
 233	     0	74.4	136.1	 692	OK
 234	     0	77.0	141.4	 681	OK
 235	     0	73.4	132.4	 680	OK
 236	     0	76.8	140.9	 665	OK
 237	     0	75.2	136.6	 690	OK
 238	     0	75.1	136.6	 684	OK
 239	     0	76.4	138.3	 689	OK
 240	     0	75.4	138.2	 673	OK
 241	     0	75.7	138.2	 691	OK
 242	     0	75.7	139.9	 687	OK
 243	     0	74.7	137.5	 685	OK
 244	     0	74.2	135.8	 677	OK
 245	     0	74.6	136.4	 678	OK
 246	     0	74.0	136.3	 686	OK
 247	     0	75.0	136.8	 687	OK
 248	     0	73.7	135.4	 694	OK
 249	     0	75.2	138.2	 679	OK
 250	     0	74.0	135.1	 695	OK
 251	     0	76.6	139.9	 702	OK
 252	     0	77.4	141.6	 680	OK
 253	     0	74.8	137.8	 690	OK
 254	     0	75.9	137.2	 689	OK
 255	     0	74.9	135.1	 675	OK
 256	     0	77.8	143.5	 703	OK
 257	     0	78.8	145.1	 709	OK
 258	     0	77.3	141.8	 694	OK
 259	     0	77.4	140.3	 685	OK
 260	     0	77.4	144.1	 688	OK
 261	     0	76.1	142.6	 711	OK
 262	     0	74.1	136.6	 697	OK
 263	     0	76.2	139.7	 676	OK
 264	     0	75.1	138.6	 688	OK
 265	     0	77.3	141.9	 683	OK
 266	     0	74.3	137.3	 680	OK
 267	     0	75.8	139.1	 682	OK
 268	     0	75.5	137.3	 697	OK
 269	     0	75.3	138.7	 691	OK
 270	     0	75.9	140.5	 674	OK
 271	     0	75.2	138.9	 677	OK
 272	     0	73.9	136.8	 666	OK
 273	     0	77.7	142.8	 688	OK
 274	     0	74.1	137.4	 672	OK
 275	     0	76.2	138.6	 670	OK
 276	     0	75.0	139.4	 662	OK
 277	     0	76.7	142.2	 684	OK
 278	     0	74.1	135.9	 680	OK
 279	     0	75.1	138.1	 668	OK
 280	     0	74.9	137.3	 661	OK
 281	     0	76.8	142.2	 665	OK
 282	     0	75.3	140.2	 673	OK
 283	     0	76.8	139.3	 653	OK
 284	     0	74.0	136.6	 668	OK
 285	     0	74.7	137.4	 674	OK
 286	     0	75.9	137.9	 668	OK
 287	     0	74.5	138.1	 642	OK
 288	     0	75.4	140.4	 668	OK
 289	     0	72.8	135.3	 660	OK
 290	     0	74.8	137.1	 664	OK
 291	     0	76.9	143.5	 676	OK
 292	     0	75.8	139.5	 684	OK
 293	     0	75.6	140.6	 676	OK
 294	     0	76.1	140.0	 663	OK
 295	     0	77.0	142.5	 679	OK
 296	     0	76.3	140.7	 668	OK
 297	     0	76.6	140.2	 655	OK
 298	     0	77.1	141.9	 688	OK
 299	     0	75.3	136.9	 677	OK
 300	     0	75.4	139.7	 672	OK
 301	     0	77.0	140.6	 680	OK
 302	     0	76.6	139.4	 697	OK
 303	     0	76.1	139.7	 664	OK
 304	     0	75.6	138.0	 686	OK
 305	     0	76.4	141.5	 676	OK
 306	     0	77.3	140.1	 677	OK
 307	     0	76.6	141.4	 685	OK
 308	     0	77.2	140.3	 672	OK
 309	     0	76.5	141.3	 678	OK
 310	     0	77.9	143.4	 696	OK
 311	     0	76.2	137.8	 690	OK
 312	     0	76.8	142.3	 660	OK
 313	     0	75.5	139.9	 697	OK
 314	     0	76.4	139.3	 695	OK
 315	     0	77.8	142.2	 678	OK
 316	     0	76.7	143.1	 692	OK
 317	     0	76.9	141.6	 683	OK
 318	     0	78.7	143.5	 679	OK
 319	     0	76.3	138.8	 695	OK
 320	     0	79.7	144.8	 682	OK
 321	     0	78.3	142.9	 683	OK
 322	     0	75.8	141.0	 682	OK
 323	     0	74.9	138.1	 668	OK
 324	     0	77.2	141.3	 684	OK
 325	     0	78.2	141.8	 683	OK
 326	     0	76.4	140.0	 675	OK
 327	     0	76.3	140.3	 676	OK
 328	     0	76.9	138.9	 675	OK
 329	     0	76.3	142.4	 680	OK
 330	     0	78.0	142.7	 669	OK
 331	     0	75.8	138.5	 669	OK
 332	     0	76.2	139.3	 683	OK
 333	     0	75.9	141.6	 685	OK
 334	     0	77.8	142.2	 679	OK
 335	     0	77.3	143.5	 678	OK
 336	     0	76.3	140.1	 681	OK
 337	     0	76.8	140.6	 682	OK
 338	     0	74.3	136.0	 684	OK
 339	     0	77.1	139.4	 676	OK
 340	     0	76.5	140.1	 685	OK
 341	     0	78.4	142.6	 675	OK
 342	     0	77.6	140.6	 677	OK
 343	     0	78.4	143.5	 696	OK
 344	     0	75.8	138.2	 693	OK
 345	     0	75.6	138.2	 684	OK
 346	     0	76.5	140.4	 686	OK
 347	     0	78.6	144.9	 659	OK
 348	     0	77.2	143.6	 684	OK
 349	     0	77.8	140.7	 671	OK
 350	     0	76.4	140.5	 675	OK
 351	     0	75.1	137.8	 679	OK
 352	     0	76.3	140.5	 671	OK
 353	     0	77.1	142.4	 659	OK
 354	     0	77.1	139.9	 675	OK
 355	     0	76.5	139.4	 666	OK
 356	     0	78.0	140.9	 662	OK
 357	     0	77.3	140.4	 665	OK
 358	     0	73.6	136.5	 669	OK
 359	     0	74.7	139.5	 676	OK
 360	     0	77.2	139.6	 662	OK
 361	     0	76.7	141.3	 654	OK
 362	     0	77.1	142.5	 658	OK
 363	     0	76.8	138.2	 653	OK
 364	     0	78.0	141.7	 661	OK
 365	     0	79.4	146.1	 668	OK
 366	     0	79.8	143.3	 657	OK
 367	     0	74.9	137.2	 663	OK
 368	     0	77.3	143.7	 650	OK
 369	     0	79.1	142.6	 675	OK
 370	     0	78.3	143.8	 667	OK
 371	     0	77.8	141.3	 683	OK
 372	     0	78.3	141.9	 676	OK
 373	     0	76.9	142.0	 668	OK
 374	     0	78.0	141.1	 664	OK
 375	     0	77.0	142.3	 658	OK
 376	     0	78.5	144.1	 679	OK
 377	     0	78.8	143.4	 684	OK
 378	     0	80.8	146.7	 648	OK
 379	     0	77.5	139.6	 650	OK
 380	     0	80.6	148.0	 668	OK
 381	     0	79.3	144.1	 659	OK
 382	     0	76.2	137.9	 671	OK
 383	     0	80.6	145.3	 672	OK
 384	     0	83.9	153.2	 643	OK
 385	     0	85.1	152.9	 634	OK
 386	     0	85.8	155.9	 614	OK
 387	     0	83.6	150.1	 628	OK
 388	     0	82.8	149.8	 629	OK
 389	     0	83.0	150.0	 623	OK
 390	     0	82.2	148.5	 622	OK
 391	     0	83.2	150.9	 637	OK
 392	     0	84.0	152.0	 621	OK
 393	     0	81.7	149.6	 627	OK
 394	     0	83.5	150.8	 631	OK
 395	     0	83.7	151.9	 635	OK
 396	     0	83.1	150.2	 636	OK
 397	     0	83.4	151.4	 622	OK
 398	     0	83.1	150.2	 634	OK
 399	     0	81.4	147.4	 609	OK
 400	     0	81.8	149.5	 633	OK
 401	     0	81.7	149.5	 624	OK
 402	     0	81.1	145.3	 631	OK
 403	     0	81.0	147.8	 610	OK
 404	     0	81.4	146.8	 619	OK
 405	     0	81.3	149.3	 618	OK
 406	     0	81.4	147.7	 617	OK
 407	     0	81.7	152.1	 630	OK
 408	     0	80.5	145.9	 617	OK
 409	     0	82.0	149.1	 640	OK
 410	     0	83.3	149.5	 625	OK
 411	     0	81.5	148.1	 631	OK
 412	     0	80.6	148.8	 635	OK
 413	     0	82.2	152.2	 638	OK
 414	     0	81.8	149.6	 635	OK
 415	     0	81.2	146.6	 641	OK
 416	     0	80.9	146.5	 637	OK
 417	     0	81.5	149.5	 625	OK
 418	     0	82.9	152.4	 641	OK
 419	     0	83.5	152.6	 625	OK
 420	     0	83.4	150.5	 646	OK
 421	     0	81.1	150.0	 618	OK
 422	     0	80.5	146.6	 640	OK
 423	     0	82.3	151.2	 647	OK
 424	     0	80.6	145.9	 667	OK
 425	     0	80.8	146.3	 648	OK
 426	     0	80.8	148.8	 652	OK
 427	     0	83.9	153.1	 642	OK
 428	     0	81.3	148.9	 654	OK
 429	     0	80.7	149.4	 651	OK
 430	     0	82.2	149.6	 651	OK
 431	     0	81.2	150.0	 650	OK
 432	     0	82.8	149.8	 630	OK
 433	     0	83.3	151.2	 653	OK
 434	     0	80.1	146.5	 665	OK
 435	     0	79.7	145.9	 638	OK
 436	     0	82.9	149.1	 660	OK
 437	     0	82.7	151.2	 641	OK
 438	     0	83.1	151.4	 637	OK
 439	     0	78.8	145.6	 657	OK
 440	     0	82.9	152.4	 646	OK
 441	     0	83.1	151.3	 666	OK
 442	     0	82.4	149.4	 659	OK
 443	     0	79.7	145.8	 668	OK
 444	     0	83.4	153.0	 650	OK
 445	     0	82.5	151.5	 664	OK
 446	     0	82.4	152.0	 655	OK
 447	     0	80.9	148.2	 654	OK
 448	     0	82.0	151.4	 642	OK
 449	     0	83.3	152.4	 653	OK
 450	     0	80.6	148.8	 646	OK
 451	     0	81.0	149.0	 670	OK
 452	     0	82.7	147.9	 666	OK
 453	     0	80.1	148.2	 649	OK
 454	     0	82.1	150.2	 653	OK
 455	     0	79.5	146.8	 659	OK
 456	     0	81.4	149.5	 668	OK
 457	     0	80.5	148.8	 650	OK
 458	     0	81.1	148.0	 657	OK
 459	     0	82.8	150.1	 640	OK
 460	     0	80.4	147.4	 655	OK
 461	     0	80.0	145.3	 657	OK
 462	     0	80.4	148.2	 657	OK
 463	     0	82.5	151.6	 630	OK
 464	     0	80.6	147.5	 650	OK
 465	     0	84.8	153.4	 657	OK
 466	     0	81.9	150.6	 657	OK
 467	     0	80.7	147.6	 642	OK
 468	     0	81.0	150.1	 656	OK
 469	     0	83.2	149.5	 635	OK
 470	     0	82.3	148.7	 656	OK
 471	     0	77.8	142.9	 646	OK
 472	     0	79.6	145.3	 662	OK
 473	     0	81.2	149.8	 638	OK
 474	     0	80.9	147.9	 659	OK
 475	     0	80.3	148.0	 652	OK
 476	     0	79.5	147.6	 667	OK
 477	     0	78.7	143.5	 653	OK
 478	     0	80.3	145.5	 651	OK
 479	     0	81.2	148.4	 657	OK
 480	     0	81.7	147.9	 650	OK
 481	     0	83.6	151.9	 639	OK
 482	     0	81.2	147.5	 660	OK
 483	     0	80.7	149.2	 657	OK
 484	     0	79.1	143.7	 648	OK
 485	     0	80.7	146.8	 635	OK
 486	     0	82.7	151.3	 665	OK
 487	     0	81.8	150.0	 651	OK
 488	     0	80.7	148.7	 656	OK
 489	     0	78.4	144.6	 632	OK
 490	     0	80.2	146.1	 644	OK
 491	     0	80.3	145.6	 657	OK
 492	     0	78.1	143.1	 640	OK
 493	     0	79.6	146.6	 654	OK
 494	     0	81.7	147.8	 657	OK
 495	     0	79.5	145.4	 651	OK
 496	     0	82.2	150.0	 642	OK
 497	     0	81.8	146.5	 670	OK
 498	     0	79.4	147.6	 657	OK
 499	     0	81.5	150.0	 641	OK
 500	     0	80.5	148.8	 653	OK
 501	     0	81.2	145.7	 653	OK
 502	     0	79.6	144.2	 653	OK
 503	     0	79.2	143.5	 656	OK
 504	     0	80.1	148.2	 658	OK
 505	     0	81.8	149.2	 659	OK
 506	     0	81.6	147.7	 647	OK
 507	     0	80.8	150.1	 651	OK
 508	     0	81.8	149.7	 662	OK
 509	     0	80.0	147.7	 648	OK
 510	     0	80.0	147.5	 659	OK
 511	     0	82.9	152.2	 646	OK
 512	     0	72.7	132.5	 688	OK
 513	     0	75.4	137.3	 681	OK
 514	     0	77.0	139.3	 673	OK
 515	     0	74.2	137.2	 672	OK
 516	     0	72.7	135.2	 678	OK
 517	     0	76.8	140.3	 703	OK
 518	     0	74.7	138.2	 662	OK
 519	     0	73.8	136.0	 663	OK
 520	     0	73.8	135.3	 661	OK
 521	     0	75.9	139.6	 681	OK
 522	     0	73.5	135.6	 667	OK
 523	     0	76.1	137.2	 669	OK
 524	     0	73.6	136.5	 703	OK
 525	     0	74.6	137.5	 669	OK
 526	     0	75.5	138.8	 698	OK
 527	     0	77.0	141.4	 692	OK
 528	     0	75.8	137.9	 678	OK
 529	     0	75.7	137.5	 689	OK
 530	     0	74.2	135.0	 685	OK
 531	     0	74.8	136.5	 681	OK
 532	     0	77.1	138.5	 691	OK
 533	     0	75.2	138.4	 687	OK
 534	     0	75.5	137.9	 679	OK
 535	     0	76.2	139.7	 685	OK
 536	     0	75.2	137.8	 692	OK
 537	     0	76.1	139.8	 694	OK
 538	     0	75.8	139.6	 704	OK
 539	     0	76.1	139.0	 694	OK
 540	     0	75.9	139.9	 707	OK
 541	     0	75.1	137.9	 677	OK
 542	     0	76.2	139.4	 684	OK
 543	     0	75.5	136.3	 698	OK
 544	     0	73.5	134.5	 692	OK
 545	     0	76.0	139.4	 689	OK
 546	     0	73.9	136.0	 691	OK
 547	     0	73.7	134.7	 688	OK
 548	     0	74.7	136.0	 701	OK
 549	     0	76.9	139.6	 674	OK
 550	     0	73.6	134.3	 696	OK
 551	     0	75.9	137.7	 696	OK
 552	     0	74.8	137.4	 687	OK
 553	     0	74.1	135.6	 693	OK
 554	     0	73.9	135.3	 696	OK
 555	     0	75.1	135.3	 707	OK
 556	     0	75.4	137.5	 694	OK
 557	     0	76.6	138.2	 700	OK
 558	     0	76.9	140.6	 690	OK
 559	     0	76.6	139.9	 691	OK
 560	     0	75.9	138.2	 688	OK
 561	     0	73.6	134.2	 676	OK
 562	     0	73.8	137.9	 668	OK
 563	     0	74.2	133.3	 691	OK
 564	     0	74.7	135.0	 680	OK
 565	     0	76.3	138.7	 690	OK
 566	     0	77.2	141.7	 677	OK
 567	     0	75.9	138.1	 679	OK
 568	     0	76.1	138.7	 687	OK
 569	     0	76.6	138.6	 683	OK
 570	     0	76.5	141.0	 675	OK
 571	     0	78.6	144.8	 687	OK
 572	     0	77.7	141.2	 695	OK
 573	     0	75.6	137.8	 679	OK
 574	     0	76.7	140.1	 671	OK
 575	     0	74.9	136.1	 706	OK
 576	     0	74.4	137.5	 677	OK
 577	     0	77.5	139.5	 679	OK
 578	     0	75.4	140.0	 669	OK
 579	     0	76.4	139.8	 695	OK
 580	     0	75.4	135.1	 681	OK
 581	     0	77.1	141.0	 698	OK
 582	     0	76.7	141.2	 681	OK
 583	     0	75.9	136.4	 676	OK
 584	     0	74.8	135.2	 687	OK
 585	     0	77.1	139.5	 684	OK
 586	     0	76.4	140.4	 682	OK
 587	     0	77.2	139.3	 693	OK
 588	     0	74.2	134.0	 679	OK
 589	     0	77.7	140.8	 676	OK
 590	     0	77.4	141.6	 676	OK
 591	     0	73.1	133.0	 706	OK
 592	     0	77.0	140.9	 679	OK
 593	     0	73.6	136.1	 689	OK
 594	     0	74.8	134.3	 677	OK
 595	     0	76.6	139.8	 681	OK
 596	     0	73.1	133.5	 685	OK
 597	     0	76.1	139.5	 684	OK
 598	     0	73.8	135.1	 690	OK
 599	     0	77.7	140.9	 680	OK
 600	     0	75.4	136.0	 699	OK
 601	     0	74.9	137.5	 673	OK
 602	     0	77.1	139.7	 673	OK
 603	     0	75.7	138.6	 675	OK
 604	     0	77.6	141.1	 666	OK
 605	     0	76.3	140.4	 671	OK
 606	     0	78.1	141.5	 670	OK
 607	     0	76.2	137.5	 650	OK
 608	     0	77.5	140.9	 673	OK
 609	     0	78.8	143.5	 668	OK
 610	     0	75.9	136.2	 681	OK
 611	     0	74.0	136.0	 661	OK
 612	     0	75.4	137.1	 670	OK
 613	     0	77.1	138.9	 654	OK
 614	     0	75.2	137.7	 659	OK
 615	     0	75.9	137.4	 657	OK
 616	     0	76.8	139.1	 665	OK
 617	     0	77.3	140.8	 644	OK
 618	     0	77.0	140.6	 644	OK
 619	     0	77.0	140.6	 649	OK
 620	     0	78.3	141.9	 676	OK
 621	     0	75.7	137.6	 665	OK
 622	     0	75.7	136.8	 642	OK
 623	     0	75.5	138.0	 650	OK
 624	     0	75.4	137.3	 634	OK
 625	     0	76.5	140.1	 644	OK
 626	     0	74.7	135.7	 652	OK
 627	     0	76.8	138.6	 644	OK
 628	     0	74.5	135.6	 642	OK
 629	     0	76.5	137.1	 642	OK
 630	     0	78.1	142.4	 663	OK
 631	     0	75.6	136.5	 667	OK
 632	     0	76.7	139.6	 643	OK
 633	     0	76.1	137.9	 636	OK
 634	     0	76.1	137.8	 659	OK
 635	     0	77.9	141.9	 658	OK
 636	     0	78.4	141.1	 658	OK
 637	     0	78.1	140.8	 643	OK
 638	     0	77.0	140.3	 627	OK
 639	     0	77.6	138.8	 651	OK
 640	     0	78.0	142.5	 695	OK
 641	     0	79.6	144.0	 703	OK
 642	     0	77.2	140.9	 712	OK
 643	     0	76.8	139.5	 710	OK
 644	     0	77.3	141.6	 705	OK
 645	     0	75.9	140.4	 707	OK
 646	     0	74.8	136.8	 707	OK
 647	     0	75.5	137.7	 699	OK
 648	     0	75.2	138.4	 705	OK
 649	     0	76.8	138.0	 716	OK
 650	     0	76.2	140.2	 696	OK
 651	     0	76.5	139.4	 710	OK
 652	     0	75.8	137.3	 713	OK
 653	     0	76.9	142.6	 704	OK
 654	     0	77.8	139.6	 724	OK
 655	     0	75.9	138.4	 710	OK
 656	     0	74.5	137.2	 727	OK
 657	     0	76.5	140.8	 717	OK
 658	     0	77.1	141.1	 707	OK
 659	     0	76.3	140.9	 714	OK
 660	     0	78.1	141.5	 703	OK
 661	     0	74.7	137.5	 710	OK
 662	     0	77.0	140.4	 712	OK
 663	     0	77.0	140.9	 720	OK
 664	     0	76.2	138.2	 710	OK
 665	     0	72.9	134.7	 704	OK
 666	     0	73.6	135.8	 689	OK
 667	     0	75.8	138.1	 717	OK
 668	     0	73.1	136.1	 719	OK
 669	     0	75.0	137.2	 719	OK
 670	     0	74.2	135.7	 706	OK
 671	     0	75.4	138.5	 695	OK
 672	     0	74.9	136.0	 703	OK
 673	     0	75.3	137.5	 683	OK
 674	     0	74.5	135.1	 700	OK
 675	     0	71.8	131.2	 714	OK
 676	     0	75.3	138.9	 713	OK
 677	     0	74.8	138.5	 692	OK
 678	     0	76.3	138.2	 738	OK
 679	     0	77.0	141.6	 707	OK
 680	     0	76.4	137.1	 690	OK
 681	     0	73.7	136.6	 701	OK
 682	     0	74.6	137.2	 710	OK
 683	     0	76.2	141.3	 707	OK
 684	     0	75.0	137.6	 733	OK
 685	     0	74.5	137.0	 697	OK
 686	     0	74.9	136.6	 704	OK
 687	     0	75.7	137.6	 704	OK
 688	     0	75.7	138.5	 715	OK
 689	     0	76.7	141.0	 715	OK
 690	     0	77.0	139.7	 730	OK
 691	     0	76.6	140.8	 713	OK
 692	     0	76.4	139.5	 693	OK
 693	     0	72.2	131.7	 707	OK
 694	     0	76.7	139.8	 701	OK
 695	     0	76.4	138.7	 731	OK
 696	     0	76.1	139.3	 704	OK
 697	     0	75.8	138.2	 709	OK
 698	     0	73.8	135.8	 714	OK
 699	     0	76.2	139.2	 727	OK
 700	     0	75.2	136.9	 716	OK
 701	     0	74.8	137.4	 723	OK
 702	     0	74.8	137.8	 725	OK
 703	     0	77.0	141.5	 715	OK
 704	     0	74.6	137.1	 726	OK
 705	     0	74.5	137.3	 700	OK
 706	     0	75.2	136.9	 710	OK
 707	     0	76.2	141.8	 722	OK
 708	     0	73.5	136.1	 704	OK
 709	     0	75.8	139.9	 714	OK
 710	     0	75.6	140.3	 720	OK
 711	     0	73.7	134.7	 699	OK
 712	     0	74.6	138.9	 712	OK
 713	     0	74.2	138.2	 714	OK
 714	     0	74.3	137.3	 695	OK
 715	     0	73.0	135.4	 696	OK
 716	     0	73.9	134.0	 719	OK
 717	     0	75.1	140.0	 708	OK
 718	     0	74.1	135.2	 716	OK
 719	     0	75.0	137.8	 698	OK
 720	     0	72.7	132.3	 700	OK
 721	     0	75.0	137.6	 697	OK
 722	     0	73.7	133.7	 689	OK
 723	     0	72.2	133.1	 697	OK
 724	     0	75.1	139.3	 697	OK
 725	     0	72.0	131.1	 679	OK
 726	     0	74.2	137.4	 695	OK
 727	     0	73.3	135.6	 696	OK
 728	     0	72.4	133.2	 689	OK
 729	     0	74.5	137.5	 675	OK
 730	     0	74.2	135.1	 685	OK
 731	     0	75.3	139.3	 677	OK
 732	     0	74.5	136.7	 679	OK
 733	     0	73.8	136.9	 666	OK
 734	     0	74.1	134.9	 683	OK
 735	     0	74.3	137.7	 695	OK
 736	     0	73.9	136.7	 667	OK
 737	     0	73.0	134.8	 692	OK
 738	     0	75.9	137.9	 691	OK
 739	     0	76.5	139.9	 659	OK
 740	     0	74.5	135.8	 669	OK
 741	     0	72.5	133.6	 697	OK
 742	     0	75.8	139.7	 673	OK
 743	     0	74.6	136.6	 675	OK
 744	     0	72.7	132.5	 675	OK
 745	     0	72.4	132.0	 673	OK
 746	     0	73.9	134.8	 680	OK
 747	     0	73.0	133.0	 671	OK
 748	     0	75.0	138.5	 669	OK
 749	     0	71.2	131.1	 673	OK
 750	     0	74.5	138.5	 663	OK
 751	     0	74.5	136.3	 678	OK
 752	     0	74.9	137.2	 666	OK
 753	     0	74.4	135.6	 658	OK
 754	     0	72.3	133.7	 667	OK
 755	     0	75.0	138.2	 669	OK
 756	     0	73.6	136.9	 664	OK
 757	     0	72.5	132.5	 653	OK
 758	     0	71.9	134.1	 658	OK
 759	     0	74.6	136.9	 649	OK
 760	     0	74.0	136.4	 668	OK
 761	     0	73.6	135.0	 674	OK
 762	     0	73.3	134.5	 673	OK
 763	     0	74.1	135.9	 660	OK
 764	     0	73.1	135.9	 664	OK
 765	     0	72.6	132.0	 650	OK
 766	     0	77.5	141.1	 653	OK
 767	     0	73.6	135.5	 691	OK
 768	     0	77.6	142.6	 660	OK
 769	     0	79.5	144.4	 648	OK
 770	     0	76.1	138.4	 638	OK
 771	     0	77.0	139.9	 648	OK
 772	     0	78.5	142.3	 649	OK
 773	     0	79.0	144.0	 657	OK
 774	     0	76.5	140.3	 665	OK
 775	     0	74.5	136.0	 679	OK
 776	     0	77.0	140.0	 632	OK
 777	     0	76.6	138.7	 648	OK
 778	     0	78.4	141.6	 660	OK
 779	     0	79.5	143.0	 654	OK
 780	     0	76.7	139.4	 661	OK
 781	     0	76.4	139.9	 640	OK
 782	     0	78.5	142.3	 662	OK
 783	     0	77.0	137.5	 644	OK
 784	     0	78.4	143.2	 661	OK
 785	     0	75.9	138.0	 635	OK
 786	     0	78.8	143.1	 662	OK
 787	     0	74.6	134.6	 653	OK
 788	     0	76.2	137.8	 646	OK
 789	     0	76.8	140.1	 658	OK
 790	     0	79.0	144.0	 660	OK
 791	     0	79.5	142.4	 659	OK
 792	     0	78.4	143.9	 652	OK
 793	     0	76.3	139.3	 665	OK
 794	     0	75.6	138.2	 651	OK
 795	     0	77.8	141.5	 656	OK
 796	     0	74.8	137.3	 659	OK
 797	     0	76.8	140.1	 655	OK
 798	     0	77.4	139.1	 648	OK
 799	     0	76.6	140.1	 645	OK
 800	     0	78.7	143.2	 674	OK
 801	     0	79.0	143.5	 666	OK
 802	     0	79.3	144.6	 686	OK
 803	     0	79.2	143.8	 651	OK
 804	     0	79.2	144.0	 681	OK
 805	     0	78.1	142.4	 664	OK
 806	     0	79.0	142.0	 652	OK
 807	     0	79.1	142.1	 660	OK
 808	     0	77.2	138.9	 674	OK
 809	     0	80.3	146.1	 673	OK
 810	     0	77.8	139.4	 664	OK
 811	     0	77.1	138.6	 677	OK
 812	     0	77.9	141.2	 663	OK
 813	     0	77.6	140.0	 671	OK
 814	     0	79.1	143.6	 654	OK
 815	     0	77.6	140.7	 675	OK
 816	     0	77.4	140.9	 658	OK
 817	     0	77.3	141.3	 661	OK
 818	     0	76.3	138.4	 688	OK
 819	     0	80.1	144.0	 685	OK
 820	     0	79.3	143.8	 678	OK
 821	     0	77.5	139.9	 668	OK
 822	     0	78.6	143.6	 665	OK
 823	     0	78.9	142.1	 665	OK
 824	     0	79.0	143.4	 666	OK
 825	     0	79.0	142.7	 669	OK
 826	     0	80.2	145.8	 690	OK
 827	     0	79.5	143.5	 648	OK
 828	     0	80.3	146.4	 666	OK
 829	     0	80.1	143.3	 665	OK
 830	     0	79.8	145.3	 681	OK
 831	     0	78.6	143.5	 654	OK
 832	     0	79.5	144.1	 662	OK
 833	     0	78.6	142.4	 669	OK
 834	     0	75.8	137.6	 667	OK
 835	     0	77.9	143.5	 653	OK
 836	     0	78.0	141.1	 679	OK
 837	     0	79.5	143.3	 676	OK
 838	     0	75.9	139.8	 680	OK
 839	     0	78.4	141.7	 674	OK
 840	     0	79.4	142.9	 670	OK
 841	     0	79.5	144.5	 653	OK
 842	     0	81.1	146.1	 657	OK
 843	     0	79.8	145.1	 660	OK
 844	     0	78.4	141.8	 654	OK
 845	     0	79.8	146.0	 661	OK
 846	     0	78.6	140.8	 667	OK
 847	     0	77.7	141.9	 668	OK
 848	     0	79.0	142.4	 667	OK
 849	     0	79.1	143.4	 641	OK
 850	     0	77.3	139.7	 660	OK
 851	     0	76.8	136.5	 652	OK
 852	     0	79.0	140.8	 644	OK
 853	     0	77.5	139.4	 650	OK
 854	     0	78.6	140.5	 647	OK
 855	     0	78.7	142.3	 658	OK
 856	     0	79.1	143.5	 655	OK
 857	     0	79.0	143.8	 667	OK
 858	     0	78.7	140.6	 648	OK
 859	     0	79.3	142.7	 673	OK
 860	     0	78.0	139.6	 645	OK
 861	     0	78.4	141.4	 650	OK
 862	     0	79.5	141.9	 647	OK
 863	     0	79.2	144.4	 633	OK
 864	     0	75.2	136.9	 654	OK
 865	     0	78.8	144.2	 645	OK
 866	     0	79.8	142.9	 660	OK
 867	     0	79.1	141.6	 659	OK
 868	     0	80.7	145.5	 648	OK
 869	     0	77.1	139.7	 660	OK
 870	     0	80.8	146.6	 649	OK
 871	     0	79.2	143.6	 644	OK
 872	     0	80.7	144.8	 635	OK
 873	     0	77.1	138.6	 654	OK
 874	     0	79.5	143.7	 648	OK
 875	     0	80.4	144.2	 657	OK
 876	     0	79.1	143.5	 638	OK
 877	     0	79.1	142.7	 644	OK
 878	     0	78.7	141.4	 652	OK
 879	     0	79.4	143.2	 676	OK
 880	     0	77.7	138.3	 646	OK
 881	     0	80.1	144.8	 656	OK
 882	     0	78.8	140.9	 669	OK
 883	     0	78.9	142.7	 657	OK
 884	     0	78.5	140.0	 663	OK
 885	     0	80.5	145.2	 670	OK
 886	     0	81.5	146.4	 677	OK
 887	     0	81.8	144.7	 647	OK
 888	     0	81.2	146.8	 654	OK
 889	     0	80.7	146.0	 666	OK
 890	     0	80.6	143.0	 675	OK
 891	     0	80.0	143.7	 653	OK
 892	     0	79.7	143.7	 665	OK
 893	     0	80.3	144.0	 667	OK
 894	     0	83.1	149.0	 661	OK
 895	     0	78.5	142.7	 689	OK
 896	     0	79.2	145.2	 693	OK
 897	     0	75.1	136.8	 699	OK
 898	     0	76.2	138.9	 683	OK
 899	     0	76.3	138.0	 671	OK
 900	     0	77.4	140.8	 678	OK
 901	     0	76.0	138.1	 690	OK
 902	     0	74.8	137.6	 668	OK
 903	     0	77.5	142.2	 700	OK
 904	     0	77.9	141.9	 683	OK
 905	     0	77.6	140.1	 702	OK
 906	     0	77.7	139.9	 679	OK
 907	     0	74.6	134.9	 695	OK
 908	     0	78.4	143.4	 675	OK
 909	     0	77.4	140.2	 691	OK
 910	     0	76.7	139.7	 683	OK
 911	     0	77.6	144.5	 679	OK
 912	     0	76.5	138.9	 683	OK
 913	     0	75.2	136.1	 681	OK
 914	     0	77.3	140.0	 670	OK
 915	     0	76.9	139.2	 692	OK
 916	     0	75.5	138.4	 677	OK
 917	     0	77.0	140.8	 689	OK
 918	     0	75.5	137.6	 677	OK
 919	     0	74.9	137.5	 695	OK
 920	     0	75.8	138.5	 677	OK
 921	     0	74.0	133.9	 700	OK
 922	     0	75.5	138.2	 685	OK
 923	     0	75.3	136.9	 676	OK
 924	     0	76.6	140.3	 686	OK
 925	     0	75.8	139.7	 699	OK
 926	     0	75.9	138.7	 692	OK
 927	     0	75.5	137.0	 682	OK
 928	     0	76.3	139.8	 675	OK
 929	     0	76.4	140.3	 681	OK
 930	     0	76.2	138.7	 683	OK
 931	     0	78.0	142.0	 677	OK
 932	     0	74.6	136.9	 669	OK
 933	     0	75.2	138.1	 685	OK
 934	     0	76.8	141.7	 696	OK
 935	     0	79.3	143.2	 673	OK
 936	     0	75.9	136.3	 687	OK
 937	     0	76.3	139.0	 677	OK
 938	     0	73.9	135.3	 673	OK
 939	     0	76.6	139.5	 681	OK
 940	     0	74.1	137.6	 673	OK
 941	     0	74.7	137.3	 697	OK
 942	     0	74.5	136.6	 678	OK
 943	     0	76.3	139.5	 695	OK
 944	     0	75.6	135.8	 684	OK
 945	     0	73.7	134.2	 682	OK
 946	     0	76.1	139.7	 675	OK
 947	     0	74.9	139.2	 696	OK
 948	     0	75.0	138.5	 684	OK
 949	     0	76.8	139.8	 683	OK
 950	     0	77.5	142.3	 685	OK
 951	     0	76.2	137.7	 686	OK
 952	     0	75.4	137.3	 689	OK
 953	     0	77.2	140.5	 691	OK
 954	     0	74.9	138.5	 680	OK
 955	     0	76.6	140.6	 712	OK
 956	     0	75.8	137.5	 689	OK
 957	     0	75.9	139.9	 682	OK
 958	     0	76.8	143.6	 685	OK
 959	     0	77.3	141.6	 679	OK
 960	     0	75.5	139.1	 692	OK
 961	     0	77.1	141.3	 681	OK
 962	     0	75.7	138.9	 674	OK
 963	     0	72.4	134.4	 673	OK
 964	     0	72.8	135.0	 678	OK
 965	     0	73.0	136.0	 698	OK
 966	     0	75.4	137.8	 684	OK
 967	     0	74.0	136.1	 679	OK
 968	     0	75.2	138.7	 679	OK
 969	     0	77.3	141.7	 683	OK
 970	     0	74.6	138.5	 675	OK
 971	     0	76.3	139.4	 680	OK
 972	     0	74.2	137.0	 656	OK
 973	     0	74.4	136.1	 682	OK
 974	     0	74.8	138.6	 673	OK
 975	     0	74.5	133.5	 671	OK
 976	     0	74.1	137.3	 681	OK
 977	     0	74.9	138.2	 678	OK
 978	     0	75.4	138.2	 688	OK
 979	     0	74.2	135.0	 695	OK
 980	     0	75.7	140.2	 682	OK
 981	     0	75.2	137.1	 698	OK
 982	     0	76.1	136.7	 671	OK
 983	     0	74.5	136.6	 691	OK
 984	     0	74.1	136.5	 685	OK
 985	     0	73.5	135.7	 668	OK
 986	     0	75.4	139.9	 680	OK
 987	     0	74.3	135.3	 685	OK
 988	     0	74.7	137.2	 670	OK
 989	     0	73.1	135.0	 680	OK
 990	     0	77.4	139.4	 686	OK
 991	     0	76.1	140.8	 682	OK
 992	     0	75.0	137.0	 668	OK
 993	     0	75.9	137.3	 668	OK
 994	     0	75.7	138.1	 681	OK
 995	     0	75.7	136.7	 666	OK
 996	     0	74.5	136.1	 675	OK
 997	     0	74.1	135.0	 673	OK
 998	     0	75.6	137.4	 670	OK
 999	     0	74.9	136.3	 679	OK
1000	     0	73.5	134.8	 672	OK
1001	     0	72.3	134.5	 681	OK
1002	     0	74.1	135.7	 680	OK
1003	     0	74.1	135.6	 672	OK
1004	     0	75.6	137.9	 670	OK
1005	     0	72.7	133.5	 670	OK
1006	     0	73.7	133.7	 682	OK
1007	     0	77.1	140.1	 666	OK
1008	     0	74.4	136.4	 668	OK
1009	     0	71.9	133.9	 688	OK
1010	     0	76.3	140.2	 681	OK
1011	     0	75.2	137.2	 677	OK
1012	     0	73.0	132.9	 675	OK
1013	     0	74.9	139.6	 688	OK
1014	     0	75.7	139.4	 684	OK
1015	     0	74.1	135.8	 668	OK
1016	     0	74.6	137.8	 689	OK
1017	     0	74.6	139.1	 676	OK
1018	     0	75.7	138.8	 682	OK
1019	     0	77.3	141.6	 680	OK
1020	     0	78.3	141.6	 682	OK
1021	     0	75.6	137.5	 675	OK
1022	     0	78.1	145.5	 683	OK
1023	     0	75.5	139.8	 690	OK
1024	     0	76.0	136.4	 677	OK
1025	     0	77.6	142.4	 664	OK
1026	     0	76.0	135.8	 652	OK
1027	     0	77.8	140.8	 671	OK
1028	     0	74.9	135.4	 670	OK
1029	     0	76.8	137.8	 677	OK
1030	     0	75.4	135.7	 663	OK
1031	     0	78.4	140.8	 670	OK
1032	     0	75.3	135.3	 665	OK
1033	     0	75.3	135.6	 655	OK
1034	     0	75.7	138.2	 676	OK
1035	     0	74.6	133.5	 659	OK
1036	     0	72.4	132.4	 668	OK
1037	     0	74.0	134.6	 643	OK
1038	     0	74.7	133.2	 670	OK
1039	     0	76.1	138.6	 660	OK
1040	     0	74.4	134.7	 662	OK
1041	     0	77.3	140.2	 657	OK
1042	     0	74.1	132.0	 651	OK
1043	     0	75.2	134.4	 677	OK
1044	     0	75.8	135.3	 656	OK
1045	     0	73.8	134.7	 643	OK
1046	     0	77.7	140.5	 653	OK
1047	     0	76.4	138.9	 636	OK
1048	     0	74.2	134.2	 653	OK
1049	     0	76.7	137.4	 666	OK
1050	     0	74.6	134.3	 652	OK
1051	     0	73.6	132.8	 663	OK
1052	     0	74.2	134.8	 657	OK
1053	     0	74.7	136.8	 663	OK
1054	     0	75.3	135.3	 665	OK
1055	     0	74.8	136.2	 648	OK
1056	     0	76.3	139.2	 663	OK
1057	     0	76.1	137.6	 678	OK
1058	     0	74.2	133.0	 668	OK
1059	     0	75.7	137.8	 658	OK
1060	     0	74.7	134.3	 661	OK
1061	     0	75.0	135.5	 666	OK
1062	     0	78.1	141.2	 658	OK
1063	     0	76.9	138.0	 660	OK
1064	     0	74.0	135.4	 647	OK
1065	     0	76.4	137.4	 659	OK
1066	     0	77.0	137.8	 670	OK
1067	     0	76.6	139.0	 657	OK
1068	     0	75.2	136.6	 678	OK
1069	     0	77.7	140.5	 652	OK
1070	     0	76.1	135.9	 664	OK
1071	     0	75.5	137.6	 652	OK
1072	     0	75.9	137.9	 653	OK
1073	     0	75.6	135.3	 670	OK
1074	     0	73.7	132.3	 667	OK
1075	     0	75.2	136.0	 683	OK
1076	     0	75.7	138.9	 687	OK
1077	     0	78.0	139.4	 668	OK
1078	     0	75.7	136.5	 669	OK
1079	     0	75.1	137.9	 684	OK
1080	     0	77.3	140.0	 669	OK
1081	     0	76.1	139.8	 681	OK
1082	     0	76.1	137.2	 682	OK
1083	     0	76.4	138.2	 671	OK
1084	     0	76.8	139.2	 677	OK
1085	     0	74.6	135.1	 685	OK
1086	     0	76.4	138.3	 700	OK
1087	     0	75.2	138.0	 697	OK
1088	     0	78.6	140.4	 677	OK
1089	     0	74.8	136.7	 683	OK
1090	     0	76.1	137.6	 662	OK
1091	     0	74.5	133.6	 672	OK
1092	     0	72.7	132.8	 671	OK
1093	     0	76.7	140.3	 668	OK
1094	     0	73.6	133.0	 678	OK
1095	     0	76.3	137.4	 675	OK
1096	     0	75.4	136.0	 675	OK
1097	     0	75.7	136.0	 680	OK
1098	     0	74.5	135.2	 667	OK
1099	     0	75.2	134.7	 669	OK
1100	     0	76.3	137.5	 684	OK
1101	     0	77.6	141.1	 683	OK
1102	     0	76.2	137.6	 696	OK
1103	     0	75.6	136.4	 668	OK
1104	     0	74.7	136.4	 688	OK
1105	     0	76.7	138.6	 668	OK
1106	     0	73.8	134.6	 663	OK
1107	     0	78.2	142.3	 684	OK
1108	     0	75.1	135.3	 687	OK
1109	     0	77.1	140.6	 677	OK
1110	     0	75.3	136.1	 683	OK
1111	     0	75.1	137.0	 683	OK
1112	     0	75.7	135.4	 691	OK
1113	     0	77.9	140.1	 666	OK
1114	     0	77.3	138.8	 681	OK
1115	     0	78.1	140.6	 688	OK
1116	     0	77.0	137.4	 671	OK
1117	     0	74.1	133.3	 659	OK
1118	     0	74.8	134.6	 676	OK
1119	     0	75.9	136.0	 669	OK
1120	     0	75.2	136.3	 680	OK
1121	     0	75.8	136.0	 685	OK
1122	     0	74.7	134.3	 665	OK
1123	     0	74.7	134.4	 672	OK
1124	     0	75.5	135.9	 686	OK
1125	     0	77.7	138.6	 671	OK
1126	     0	75.8	136.6	 667	OK
1127	     0	76.7	137.6	 684	OK
1128	     0	74.3	133.5	 693	OK
1129	     0	79.3	140.9	 668	OK
1130	     0	74.6	135.1	 660	OK
1131	     0	75.3	136.0	 681	OK
1132	     0	74.2	135.1	 682	OK
1133	     0	74.9	134.2	 671	OK
1134	     0	80.6	142.2	 660	OK
1135	     0	75.4	135.6	 683	OK
1136	     0	75.3	137.5	 657	OK
1137	     0	76.6	139.3	 670	OK
1138	     0	75.2	136.2	 682	OK
1139	     0	77.1	136.4	 661	OK
1140	     0	77.2	140.1	 660	OK
1141	     0	75.2	133.3	 692	OK
1142	     0	76.2	135.5	 660	OK
1143	     0	74.4	131.8	 679	OK
1144	     0	76.1	135.7	 674	OK
1145	     0	77.8	140.3	 679	OK
1146	     0	77.6	137.5	 673	OK
1147	     0	79.5	142.4	 660	OK
1148	     0	78.2	138.2	 685	OK
1149	     0	77.4	140.0	 673	OK
1150	     0	78.4	139.6	 673	OK
1151	     0	78.5	140.9	 675	OK
1152	     0	71.3	129.4	 740	OK
1153	     0	72.5	131.2	 716	OK
1154	     0	72.1	132.9	 700	OK
1155	     0	69.6	128.5	 716	OK
1156	     0	71.4	128.4	 720	OK
1157	     0	74.3	135.2	 728	OK
1158	     0	69.9	127.7	 706	OK
1159	     0	69.7	126.5	 717	OK
1160	     0	72.0	130.7	 710	OK
1161	     0	72.1	129.7	 722	OK
1162	     0	71.5	129.0	 714	OK
1163	     0	73.0	130.1	 731	OK
1164	     0	71.3	129.4	 721	OK
1165	     0	70.5	129.1	 723	OK
1166	     0	70.8	128.4	 725	OK
1167	     0	69.2	127.3	 704	OK
1168	     0	72.5	132.9	 693	OK
1169	     0	70.0	129.7	 692	OK
1170	     0	70.2	128.6	 681	OK
1171	     0	70.4	126.2	 715	OK
1172	     0	70.4	129.5	 726	OK
1173	     0	70.8	131.2	 705	OK
1174	     0	69.3	126.6	 711	OK
1175	     0	72.3	133.9	 702	OK
1176	     0	71.2	129.2	 725	OK
1177	     0	70.2	128.2	 725	OK
1178	     0	70.6	128.9	 707	OK
1179	     0	72.6	130.7	 715	OK
1180	     0	69.9	128.2	 704	OK
1181	     0	72.2	131.1	 731	OK
1182	     0	71.6	132.4	 721	OK
1183	     0	69.7	128.7	 708	OK
1184	     0	70.5	127.4	 720	OK
1185	     0	71.4	130.5	 704	OK
1186	     0	71.4	130.1	 729	OK
1187	     0	70.4	130.6	 711	OK
1188	     0	71.3	130.2	 714	OK
1189	     0	69.5	128.3	 716	OK
1190	     0	71.5	130.5	 734	OK
1191	     0	72.3	132.0	 730	OK
1192	     0	71.2	130.6	 709	OK
1193	     0	70.8	130.4	 703	OK
1194	     0	69.7	128.2	 723	OK
1195	     0	70.7	128.5	 716	OK
1196	     0	70.4	128.7	 716	OK
1197	     0	71.8	129.4	 711	OK
1198	     0	69.8	128.7	 719	OK
1199	     0	71.1	129.8	 721	OK
1200	     0	70.9	129.7	 712	OK
1201	     0	70.8	129.1	 743	OK
1202	     0	73.3	132.3	 718	OK
1203	     0	72.2	133.4	 720	OK
1204	     0	71.7	131.0	 692	OK
1205	     0	71.3	128.3	 710	OK
1206	     0	69.5	128.1	 734	OK
1207	     0	71.6	130.0	 733	OK
1208	     0	71.2	128.5	 715	OK
1209	     0	74.9	136.2	 733	OK
1210	     0	68.7	127.6	 718	OK
1211	     0	72.7	133.5	 728	OK
1212	     0	72.7	132.6	 712	OK
1213	     0	72.3	133.7	 720	OK
1214	     0	72.8	133.3	 725	OK
1215	     0	73.1	132.1	 709	OK
1216	     0	75.4	135.6	 719	OK
1217	     0	72.4	131.6	 702	OK
1218	     0	74.9	138.4	 720	OK
1219	     0	72.7	131.5	 704	OK
1220	     0	73.3	133.8	 719	OK
1221	     0	73.9	135.4	 712	OK
1222	     0	71.0	131.8	 748	OK
1223	     0	72.8	132.7	 713	OK
1224	     0	72.5	130.4	 725	OK
1225	     0	71.8	131.7	 713	OK
1226	     0	72.7	133.3	 685	OK
1227	     0	70.2	127.7	 718	OK
1228	     0	73.8	133.7	 725	OK
1229	     0	75.1	136.2	 735	OK
1230	     0	74.3	135.3	 705	OK
1231	     0	74.8	134.9	 713	OK
1232	     0	71.8	129.8	 688	OK
1233	     0	73.0	132.0	 709	OK
1234	     0	72.7	131.3	 698	OK
1235	     0	69.9	127.8	 698	OK
1236	     0	72.4	130.2	 697	OK
1237	     0	73.1	133.4	 730	OK
1238	     0	72.0	131.0	 704	OK
1239	     0	71.8	131.5	 717	OK
1240	     0	72.4	131.1	 712	OK
1241	     0	74.4	134.1	 698	OK
1242	     0	72.6	130.5	 707	OK
1243	     0	73.8	135.8	 694	OK
1244	     0	72.1	130.6	 699	OK
1245	     0	73.6	134.5	 702	OK
1246	     0	71.2	129.2	 681	OK
1247	     0	73.0	132.0	 689	OK
1248	     0	72.7	132.4	 694	OK
1249	     0	71.7	130.2	 699	OK
1250	     0	72.8	131.0	 700	OK
1251	     0	71.2	130.2	 692	OK
1252	     0	71.0	127.9	 688	OK
1253	     0	72.6	131.8	 695	OK
1254	     0	73.8	133.0	 703	OK
1255	     0	71.4	129.2	 690	OK
1256	     0	73.6	133.4	 700	OK
1257	     0	70.4	128.9	 681	OK
1258	     0	70.0	128.4	 693	OK
1259	     0	72.5	132.0	 708	OK
1260	     0	75.2	137.4	 720	OK
1261	     0	74.4	135.2	 679	OK
1262	     0	73.1	133.0	 677	OK
1263	     0	75.1	134.5	 679	OK
1264	     0	72.6	132.4	 689	OK
1265	     0	73.7	134.0	 708	OK
1266	     0	72.4	131.8	 676	OK
1267	     0	74.1	136.3	 688	OK
1268	     0	72.9	133.6	 694	OK
1269	     0	72.5	131.6	 689	OK
1270	     0	73.1	134.2	 713	OK
1271	     0	74.7	134.0	 679	OK
1272	     0	73.9	133.6	 668	OK
1273	     0	72.5	132.2	 688	OK
1274	     0	75.0	134.7	 696	OK
1275	     0	73.8	132.1	 698	OK
1276	     0	75.0	136.1	 680	OK
1277	     0	73.6	133.1	 710	OK
1278	     0	74.9	136.2	 701	OK
1279	     0	74.0	134.3	 708	OK
1280	     0	78.3	135.8	 722	OK
1281	     0	76.8	134.8	 701	OK
1282	     0	77.8	139.4	 703	OK
1283	     0	77.5	139.1	 682	OK
1284	     0	77.7	140.4	 691	OK
1285	     0	75.8	137.1	 687	OK
1286	     0	75.0	134.7	 672	OK
1287	     0	78.8	141.6	 702	OK
1288	     0	77.9	140.9	 691	OK
1289	     0	76.0	136.8	 674	OK
1290	     0	76.6	136.1	 692	OK
1291	     0	76.0	135.0	 712	OK
1292	     0	77.5	141.2	 690	OK
1293	     0	76.1	137.0	 685	OK
1294	     0	77.3	138.4	 694	OK
1295	     0	76.7	136.9	 685	OK
1296	     0	75.3	134.4	 694	OK
1297	     0	74.3	135.1	 685	OK
1298	     0	74.7	133.4	 700	OK
1299	     0	73.3	134.4	 699	OK
1300	     0	76.0	137.7	 708	OK
1301	     0	76.1	134.6	 702	OK
1302	     0	77.8	139.7	 705	OK
1303	     0	75.4	134.4	 695	OK
1304	     0	74.9	134.0	 701	OK
1305	     0	76.6	138.6	 715	OK
1306	     0	73.0	132.2	 699	OK
1307	     0	74.3	132.0	 716	OK
1308	     0	73.6	134.3	 695	OK
1309	     0	73.5	132.2	 712	OK
1310	     0	75.6	135.3	 692	OK
1311	     0	77.3	138.7	 697	OK
1312	     0	73.7	133.9	 686	OK
1313	     0	77.4	137.4	 695	OK
1314	     0	75.3	134.8	 698	OK
1315	     0	74.7	135.1	 714	OK
1316	     0	75.7	136.2	 713	OK
1317	     0	75.9	138.7	 701	OK
1318	     0	76.8	138.0	 702	OK
1319	     0	74.6	134.9	 697	OK
1320	     0	75.6	133.5	 687	OK
1321	     0	74.3	133.0	 710	OK
1322	     0	75.3	135.9	 716	OK
1323	     0	75.4	135.5	 697	OK
1324	     0	76.3	138.1	 704	OK
1325	     0	75.7	135.3	 713	OK
1326	     0	76.2	135.8	 700	OK
1327	     0	76.3	134.9	 690	OK
1328	     0	75.3	134.2	 709	OK
1329	     0	74.8	135.6	 708	OK
1330	     0	76.3	136.6	 703	OK
1331	     0	75.4	134.3	 714	OK
1332	     0	74.0	135.1	 702	OK
1333	     0	74.5	134.8	 728	OK
1334	     0	73.3	132.3	 709	OK
1335	     0	74.8	134.5	 703	OK
1336	     0	76.2	138.7	 716	OK
1337	     0	79.0	142.2	 723	OK
1338	     0	75.7	136.8	 698	OK
1339	     0	75.7	137.4	 701	OK
1340	     0	76.9	138.4	 723	OK
1341	     0	76.2	137.9	 704	OK
1342	     0	76.8	137.6	 689	OK
1343	     0	75.7	136.0	 701	OK
1344	     0	75.7	137.4	 697	OK
1345	     0	74.9	137.0	 711	OK
1346	     0	76.6	138.2	 683	OK
1347	     0	76.2	136.9	 716	OK
1348	     0	74.9	135.2	 712	OK
1349	     0	76.4	138.2	 709	OK
1350	     0	75.3	135.5	 705	OK
1351	     0	76.2	139.6	 703	OK
1352	     0	75.6	135.4	 713	OK
1353	     0	75.1	137.6	 722	OK
1354	     0	76.2	134.8	 718	OK
1355	     0	73.9	131.1	 715	OK
1356	     0	72.2	130.9	 694	OK
1357	     0	73.7	132.9	 709	OK
1358	     0	75.1	135.1	 716	OK
1359	     0	73.3	134.8	 721	OK
1360	     0	72.1	131.2	 709	OK
1361	     0	74.4	134.5	 697	OK
1362	     0	75.9	136.7	 711	OK
1363	     0	74.6	134.8	 707	OK
1364	     0	76.3	138.7	 702	OK
1365	     0	75.0	135.5	 695	OK
1366	     0	73.4	133.9	 704	OK
1367	     0	73.6	133.8	 709	OK
1368	     0	76.0	137.4	 714	OK
1369	     0	75.1	134.6	 703	OK
1370	     0	73.6	131.5	 703	OK
1371	     0	75.3	137.5	 705	OK
1372	     0	72.8	131.4	 702	OK
1373	     0	73.6	134.7	 699	OK
1374	     0	72.9	131.1	 706	OK
1375	     0	74.6	136.2	 711	OK
1376	     0	73.0	132.0	 711	OK
1377	     0	75.9	137.2	 705	OK
1378	     0	73.6	133.6	 706	OK
1379	     0	75.0	135.1	 715	OK
1380	     0	74.6	135.5	 700	OK
1381	     0	73.0	130.2	 682	OK
1382	     0	74.1	132.4	 694	OK
1383	     0	74.1	133.3	 700	OK
1384	     0	74.7	133.9	 719	OK
1385	     0	72.5	131.4	 704	OK
1386	     0	74.7	134.4	 694	OK
1387	     0	76.0	138.2	 727	OK
1388	     0	75.9	137.7	 703	OK
1389	     0	73.7	134.4	 697	OK
1390	     0	74.5	136.4	 709	OK
1391	     0	75.8	136.9	 711	OK
1392	     0	74.4	134.9	 702	OK
1393	     0	74.4	134.4	 706	OK
1394	     0	75.3	135.2	 709	OK
1395	     0	73.2	131.2	 707	OK
1396	     0	73.7	133.6	 711	OK
1397	     0	74.5	135.9	 701	OK
1398	     0	75.0	136.4	 732	OK
1399	     0	73.1	134.0	 715	OK
1400	     0	73.9	134.5	 707	OK
1401	     0	73.7	134.6	 718	OK
1402	     0	75.2	136.7	 713	OK
1403	     0	74.3	136.2	 706	OK
1404	     0	73.7	132.9	 721	OK
1405	     0	74.8	136.3	 703	OK
1406	     0	74.5	133.8	 705	OK
1407	     0	73.9	132.3	 703	OK
1408	     0	76.1	141.4	 545	OK
1409	     0	78.5	148.3	 552	OK
1410	     0	75.1	141.0	 543	OK
1411	     0	78.5	143.9	 556	OK
1412	  1000	75.2	140.5	 528	unbonded
1413	  1000	75.4	140.9	 537	unbonded
1414	     0	74.4	140.8	 552	OK
1415	     0	79.5	147.6	 532	OK
1416	     0	76.4	140.8	 532	OK
1417	     0	77.5	144.3	 543	OK
1418	  1000	74.0	140.2	 536	unbonded
1419	  1000	73.1	138.7	 538	unbonded
1420	     0	76.5	142.8	 546	OK
1421	  1000	76.3	140.9	 515	unbonded
1422	  1000	76.0	141.8	 526	unbonded
1423	     0	77.0	143.4	 558	OK
1424	     0	75.8	140.2	 537	OK
1425	     0	75.2	141.3	 548	OK
1426	  1000	75.7	138.7	 529	unbonded
1427	  1000	74.5	139.0	 531	unbonded
1428	     0	76.1	141.5	 543	OK
1429	  1000	75.8	141.0	 526	unbonded
1430	     0	77.0	144.1	 531	OK
1431	  1000	74.7	139.8	 541	unbonded
1432	  1000	77.7	144.6	 523	unbonded
1433	     0	79.0	147.5	 551	OK
1434	     0	75.1	140.1	 544	OK
1435	     0	78.8	145.4	 523	OK
1436	     0	77.5	144.2	 562	OK
1437	     0	78.7	146.4	 530	OK
1438	  1000	75.6	139.8	 534	unbonded
1439	     0	77.6	144.6	 535	OK
1440	  1000	74.8	139.6	 534	unbonded
1441	     0	77.8	146.4	 524	OK
1442	     0	78.4	144.4	 529	OK
1443	     0	75.5	140.3	 543	OK
1444	     0	78.7	144.7	 545	OK
1445	  1000	75.4	140.7	 536	unbonded
1446	     0	75.8	141.1	 548	OK
1447	     0	78.7	143.7	 543	OK
1448	  1000	75.4	139.9	 536	unbonded
1449	     0	77.1	144.0	 549	OK
1450	     0	76.3	142.0	 543	OK
1451	     0	76.8	142.8	 544	OK
1452	     0	77.8	146.0	 528	OK
1453	     0	75.1	141.2	 554	OK
1454	     0	77.1	143.1	 541	OK
1455	  1000	75.5	139.5	 529	unbonded
1456	     0	76.0	141.3	 540	OK
1457	     0	76.3	140.9	 546	OK
1458	     0	79.2	146.0	 547	OK
1459	     0	77.3	144.3	 554	OK
1460	     0	77.9	142.6	 544	OK
1461	     0	76.4	141.4	 549	OK
1462	     0	77.2	143.3	 535	OK
1463	     0	78.2	144.5	 536	OK
1464	  1000	74.6	140.0	 541	unbonded
1465	     0	79.6	148.4	 537	OK
1466	     0	77.2	144.5	 544	OK
1467	     0	78.0	143.8	 556	OK
1468	     0	76.9	142.7	 562	OK
1469	     0	79.1	147.1	 539	OK
1470	     0	78.2	144.8	 533	OK
1471	     0	80.2	148.7	 547	OK
1472	     0	80.9	149.8	 536	OK
1473	     0	79.3	146.9	 563	OK
1474	     0	80.5	149.0	 546	OK
1475	     0	76.2	141.5	 548	OK
1476	  1000	78.5	147.0	 516	unbonded
1477	     0	79.2	146.9	 524	OK
1478	     0	77.5	141.2	 543	OK
1479	     0	78.2	146.0	 529	OK
1480	     0	77.5	143.3	 541	OK
1481	     0	78.7	147.3	 531	OK
1482	     0	77.9	144.8	 554	OK
1483	     0	77.3	143.6	 546	OK
1484	     0	79.4	145.6	 539	OK
1485	     0	81.2	148.4	 542	OK
1486	     0	76.6	141.4	 546	OK
1487	     0	77.8	145.2	 545	OK
1488	     0	76.4	141.0	 539	OK
1489	     0	77.1	142.8	 536	OK
1490	  1000	76.9	142.6	 527	unbonded
1491	     0	76.8	141.4	 550	OK
1492	     0	76.2	141.4	 565	OK
1493	     0	79.6	147.3	 557	OK
1494	     0	79.0	144.7	 530	OK
1495	     0	75.6	141.3	 539	OK
1496	     0	77.1	141.8	 542	OK
1497	     0	79.6	147.3	 540	OK
1498	     0	77.2	144.4	 541	OK
1499	     0	80.5	148.1	 535	OK
1500	     0	80.9	147.0	 536	OK
1501	     0	77.7	143.5	 529	OK
1502	     0	79.0	144.7	 544	OK
1503	     0	77.7	144.4	 544	OK
1504	     0	79.5	146.4	 522	OK
1505	     0	80.4	146.1	 534	OK
1506	     0	81.4	146.8	 527	OK
1507	     0	77.0	141.2	 540	OK
1508	     0	80.0	146.0	 540	OK
1509	     0	78.3	145.7	 548	OK
1510	     0	78.5	144.4	 535	OK
1511	     0	78.0	143.7	 537	OK
1512	     0	78.5	144.8	 531	OK
1513	     0	78.0	143.8	 524	OK
1514	     0	80.5	147.0	 548	OK
1515	     0	78.6	143.3	 547	OK
1516	     0	81.3	151.5	 526	OK
1517	     0	81.4	148.5	 521	OK
1518	     0	82.3	150.9	 508	OK
1519	     0	80.4	148.7	 529	OK
1520	     0	81.0	148.9	 536	OK
1521	     0	80.6	151.0	 531	OK
1522	     0	76.9	142.2	 538	OK
1523	     0	78.2	143.0	 526	OK
1524	     0	79.4	146.1	 543	OK
1525	     0	77.6	143.3	 546	OK
1526	     0	80.9	149.6	 530	OK
1527	     0	79.7	145.9	 533	OK
1528	     0	79.2	145.6	 531	OK
1529	     0	81.8	150.1	 513	OK
1530	     0	79.2	144.4	 556	OK
1531	     0	79.4	146.0	 528	OK
1532	     0	80.0	146.5	 535	OK
1533	     0	78.9	145.0	 551	OK
1534	     0	81.7	150.5	 551	OK
1535	     0	81.3	148.3	 537	OK
1536	     0	80.1	148.4	 540	OK
1537	     0	79.8	148.5	 541	OK
1538	     0	78.6	145.6	 548	OK
1539	     0	77.8	144.7	 561	OK
1540	     0	76.7	140.4	 559	OK
1541	     0	79.5	147.8	 534	OK
1542	     0	79.0	148.0	 526	OK
1543	     0	78.4	146.5	 558	OK
1544	     0	77.7	141.3	 550	OK
1545	     0	78.8	147.2	 533	OK
1546	     0	77.1	144.7	 547	OK
1547	     0	80.5	148.1	 560	OK
1548	     0	79.4	146.7	 542	OK
1549	     0	77.3	143.6	 545	OK
1550	     0	75.9	141.9	 559	OK
1551	     0	79.8	148.7	 543	OK
1552	     0	79.1	147.2	 552	OK
1553	     0	77.9	145.1	 554	OK
1554	     0	78.4	147.0	 548	OK
1555	     0	78.9	145.3	 538	OK
1556	     0	77.3	143.9	 539	OK
1557	     0	77.3	144.3	 545	OK
1558	     0	78.4	143.0	 552	OK
1559	     0	75.1	139.8	 543	OK
1560	     0	79.5	148.0	 531	OK
1561	     0	78.2	143.7	 552	OK
1562	     0	78.9	146.8	 545	OK
1563	     0	79.8	145.4	 568	OK
1564	     0	75.8	140.8	 551	OK
1565	     0	78.7	145.9	 558	OK
1566	     0	77.7	143.2	 558	OK
1567	     0	77.8	143.8	 560	OK
1568	     0	77.7	143.4	 553	OK
1569	     0	79.9	147.9	 563	OK
1570	     0	78.8	145.7	 542	OK
1571	     0	78.2	144.9	 552	OK
1572	     0	78.0	144.3	 543	OK
1573	     0	77.5	143.1	 543	OK
1574	     0	77.5	143.3	 549	OK
1575	     0	77.9	143.2	 561	OK
1576	     0	78.5	144.7	 561	OK
1577	     0	76.5	141.7	 560	OK
1578	     0	78.9	145.0	 573	OK
1579	     0	77.6	142.9	 562	OK
1580	     0	76.0	140.5	 554	OK
1581	     0	74.7	138.8	 551	OK
1582	     0	76.2	143.9	 554	OK
1583	     0	78.0	143.5	 552	OK
1584	     0	78.8	144.6	 559	OK
1585	     0	78.1	143.3	 552	OK
1586	     0	75.3	140.9	 548	OK
1587	     0	79.5	148.3	 560	OK
1588	     0	76.4	142.3	 563	OK
1589	     0	76.0	140.7	 558	OK
1590	     0	78.4	144.8	 569	OK
1591	     0	76.7	144.1	 555	OK
1592	     0	75.9	142.2	 562	OK
1593	     0	77.4	142.9	 548	OK
1594	     0	76.7	142.3	 567	OK
1595	     0	76.8	141.2	 558	OK
1596	     0	79.8	146.0	 564	OK
1597	     0	81.9	152.4	 559	OK
1598	     0	80.2	147.2	 556	OK
1599	     0	80.4	146.2	 550	OK
1600	     0	76.3	141.5	 561	OK
1601	     0	76.5	143.2	 542	OK
1602	     0	76.7	143.1	 558	OK
1603	     0	74.6	139.5	 556	OK
1604	     0	77.1	144.2	 562	OK
1605	     0	77.5	142.8	 566	OK
1606	     0	77.0	142.1	 548	OK
1607	     0	76.4	142.2	 574	OK
1608	     0	76.8	141.0	 557	OK
1609	     0	77.0	143.8	 564	OK
1610	     0	78.8	145.4	 557	OK
1611	     0	77.0	143.3	 572	OK
1612	     0	76.1	143.4	 567	OK
1613	     0	76.4	142.6	 550	OK
1614	     0	75.4	139.7	 560	OK
1615	     0	76.2	140.1	 562	OK
1616	     0	75.3	142.9	 558	OK
1617	     0	76.1	143.4	 550	OK
1618	     0	74.5	137.9	 561	OK
1619	     0	77.0	142.7	 575	OK
1620	     0	72.1	135.0	 564	OK
1621	     0	75.1	140.1	 557	OK
1622	     0	74.8	138.5	 554	OK
1623	     0	74.8	140.3	 557	OK
1624	     0	76.6	142.3	 544	OK
1625	     0	76.7	142.5	 557	OK
1626	  1000	75.1	141.1	 538	unbonded
1627	     0	75.8	139.8	 556	OK
1628	     0	74.3	139.8	 561	OK
1629	  1000	74.0	138.4	 544	unbonded
1630	  1000	74.8	139.5	 542	unbonded
1631	     0	77.8	144.7	 553	OK
1632	  1000	74.2	136.7	 547	unbonded
1633	     0	75.5	142.5	 566	OK
1634	     0	77.6	145.8	 556	OK
1635	     0	75.8	143.8	 553	OK
1636	     0	76.1	139.9	 554	OK
1637	  1000	74.3	140.8	 539	unbonded
1638	     0	75.1	139.0	 558	OK
1639	     0	75.8	139.9	 539	OK
1640	     0	76.3	143.2	 551	OK
1641	     0	76.8	144.9	 552	OK
1642	     0	75.6	142.7	 545	OK
1643	     0	75.7	140.3	 574	OK
1644	  1000	74.1	140.9	 544	unbonded
1645	  1000	74.6	139.8	 537	unbonded
1646	     0	76.5	140.3	 553	OK
1647	     0	76.2	143.6	 568	OK
1648	  1000	75.0	140.4	 533	unbonded
1649	     0	77.8	145.0	 567	OK
1650	     0	75.7	142.4	 553	OK
1651	     0	74.5	139.0	 559	OK
1652	     0	76.0	141.2	 557	OK
1653	  1000	73.6	138.1	 548	unbonded
1654	     0	76.6	144.0	 543	OK
1655	     0	76.2	141.5	 546	OK
1656	     0	75.4	140.6	 558	OK
1657	     0	73.8	137.5	 554	OK
1658	     0	77.0	143.1	 569	OK
1659	     0	75.3	140.8	 560	OK
1660	     0	76.3	141.1	 556	OK
1661	     0	75.5	141.4	 562	OK
1662	     0	74.9	141.4	 551	OK
1663	     0	77.5	145.3	 567	OK
1664	     0	77.7	144.9	 563	OK
1665	     0	77.5	145.7	 555	OK
1666	     0	77.7	146.2	 551	OK
1667	     0	76.1	140.8	 543	OK
1668	     0	76.3	141.0	 567	OK
1669	     0	76.1	140.9	 558	OK
1670	     0	76.4	142.5	 550	OK
1671	     0	77.2	143.9	 556	OK
1672	     0	76.0	140.5	 549	OK
1673	     0	78.6	144.2	 557	OK
1674	     0	74.9	140.5	 558	OK
1675	     0	77.2	143.7	 547	OK
1676	     0	77.8	144.2	 543	OK
1677	     0	77.1	145.1	 563	OK
1678	     0	76.8	142.4	 569	OK
1679	     0	74.0	140.5	 555	OK
1680	     0	74.6	138.5	 557	OK
1681	  1000	73.5	138.1	 547	unbonded
1682	     0	77.9	145.9	 546	OK
1683	  1000	73.0	137.4	 550	unbonded
1684	     0	76.9	143.9	 551	OK
1685	     0	75.5	141.2	 554	OK
1686	     0	76.9	142.3	 542	OK
1687	     0	76.1	144.0	 537	OK
1688	     0	76.4	143.9	 555	OK
1689	     0	76.1	142.8	 552	OK
1690	  1000	75.1	142.4	 540	unbonded
1691	     0	74.6	141.0	 565	OK
1692	     0	75.1	139.4	 553	OK
1693	     0	76.0	142.4	 552	OK
1694	     0	76.9	141.4	 550	OK
1695	     0	77.0	143.0	 565	OK
1696	     0	76.0	141.4	 549	OK
1697	     0	78.2	147.4	 549	OK
1698	     0	77.6	142.7	 560	OK
1699	     0	76.3	140.4	 556	OK
1700	     0	76.6	146.2	 541	OK
1701	  1000	75.3	140.1	 531	unbonded
1702	     0	74.5	140.1	 555	OK
1703	     0	78.6	149.0	 546	OK
1704	     0	77.3	142.9	 554	OK
1705	     0	78.6	147.3	 559	OK
1706	     0	76.2	142.5	 562	OK
1707	     0	76.5	142.0	 556	OK
1708	     0	75.3	141.8	 559	OK
1709	     0	76.8	143.9	 562	OK
1710	     0	75.5	141.4	 582	OK
1711	     0	74.9	139.0	 576	OK
1712	     0	78.3	147.1	 557	OK
1713	     0	76.3	143.7	 550	OK
1714	     0	76.8	143.6	 564	OK
1715	     0	78.4	147.7	 553	OK
1716	     0	75.3	142.2	 548	OK
1717	     0	76.4	141.8	 547	OK
1718	     0	78.1	146.3	 573	OK
1719	     0	78.0	147.3	 553	OK
1720	     0	77.4	146.2	 560	OK
1721	     0	79.0	146.3	 560	OK
1722	     0	76.7	144.2	 567	OK
1723	     0	74.2	139.8	 549	OK
1724	     0	77.7	145.0	 546	OK
1725	     0	77.2	145.3	 556	OK
1726	     0	77.7	145.6	 573	OK
1727	     0	78.7	147.6	 563	OK
1728	     0	74.8	140.7	 546	OK
1729	     0	79.4	147.4	 549	OK
1730	     0	78.8	148.1	 557	OK
1731	     0	76.0	140.4	 542	OK
1732	     0	76.1	143.1	 541	OK
1733	     0	76.8	144.0	 548	OK
1734	     0	78.1	145.9	 552	OK
1735	     0	74.8	138.4	 546	OK
1736	     0	77.2	144.2	 560	OK
1737	     0	77.6	145.6	 550	OK
1738	     0	76.4	141.9	 551	OK
1739	     0	78.9	146.6	 544	OK
1740	     0	76.2	141.9	 553	OK
1741	     0	75.9	141.6	 564	OK
1742	     0	76.5	143.2	 565	OK
1743	     0	77.4	144.9	 538	OK
1744	     0	77.9	143.3	 546	OK
1745	     0	76.9	142.0	 550	OK
1746	     0	76.7	144.8	 558	OK
1747	     0	76.7	143.8	 552	OK
1748	     0	76.2	141.7	 555	OK
1749	     0	76.9	145.0	 545	OK
1750	     0	76.5	142.8	 551	OK
1751	     0	76.6	143.4	 545	OK
1752	     0	77.6	142.3	 544	OK
1753	     0	77.3	144.6	 539	OK
1754	     0	78.4	146.0	 548	OK
1755	  1000	76.0	143.4	 531	unbonded
1756	     0	76.0	142.0	 556	OK
1757	     0	75.8	142.8	 537	OK
1758	     0	78.0	146.9	 537	OK
1759	     0	76.1	142.4	 553	OK
1760	     0	74.9	139.4	 555	OK
1761	     0	76.6	142.9	 546	OK
1762	     0	74.7	140.4	 561	OK
1763	     0	76.8	144.3	 547	OK
1764	     0	75.0	141.0	 552	OK
1765	     0	77.8	143.0	 548	OK
1766	     0	76.8	142.6	 536	OK
1767	     0	80.2	149.8	 554	OK
1768	     0	77.5	145.7	 539	OK
1769	     0	78.7	145.5	 549	OK
1770	  1000	75.7	140.4	 525	unbonded
1771	     0	77.9	145.3	 543	OK
1772	     0	76.2	142.2	 551	OK
1773	     0	76.2	141.4	 538	OK
1774	     0	76.3	143.3	 539	OK
1775	     0	76.3	142.3	 554	OK
1776	     0	78.3	144.4	 542	OK
1777	     0	80.2	149.2	 537	OK
1778	     0	77.5	144.9	 537	OK
1779	     0	74.4	141.3	 551	OK
1780	     0	76.5	142.2	 548	OK
1781	     0	78.1	146.0	 537	OK
1782	     0	78.3	145.4	 540	OK
1783	     0	80.9	149.6	 548	OK
1784	     0	80.4	150.0	 566	OK
1785	     0	81.6	151.7	 527	OK
1786	     0	78.3	146.7	 549	OK
1787	     0	77.9	143.6	 544	OK
1788	     0	79.0	144.3	 558	OK
1789	     0	79.9	146.3	 541	OK
1790	     0	81.2	148.6	 558	OK
1791	     0	80.2	150.6	 556	OK
1792	     0	83.0	154.8	 519	OK
1793	     0	84.2	155.9	 529	OK
1794	     0	82.6	152.0	 518	OK
1795	     0	86.8	158.7	 529	OK
1796	     0	83.9	155.8	 509	OK
1797	     0	83.2	155.0	 524	OK
1798	     0	82.5	152.7	 512	OK
1799	     0	80.5	148.9	 524	OK
1800	     0	83.2	152.2	 525	OK
1801	     0	80.6	149.7	 527	OK
1802	     0	81.7	149.8	 507	OK
1803	     0	84.2	155.2	 519	OK
1804	     0	82.0	150.5	 526	OK
1805	     0	84.0	154.3	 515	OK
1806	     0	81.5	150.8	 523	OK
1807	     0	82.7	153.1	 503	OK
1808	     0	82.5	153.9	 527	OK
1809	     0	82.4	153.1	 499	OK
1810	     0	81.3	151.2	 521	OK
1811	     0	82.8	152.2	 531	OK
1812	     0	83.4	154.4	 521	OK
1813	     0	81.5	149.7	 528	OK
1814	     0	81.4	149.6	 511	OK
1815	     0	83.4	151.1	 511	OK
1816	     0	81.2	152.2	 529	OK
1817	     0	83.4	153.2	 509	OK
1818	     0	81.1	151.2	 520	OK
1819	     0	82.3	152.9	 544	OK
1820	     0	84.0	156.8	 514	OK
1821	     0	82.9	151.5	 505	OK
1822	     0	83.3	153.8	 517	OK
1823	     0	80.9	148.8	 525	OK
1824	     0	82.2	151.6	 525	OK
1825	     0	84.0	154.3	 513	OK
1826	     0	82.3	151.2	 523	OK
1827	     0	81.1	150.4	 518	OK
1828	     0	81.9	150.5	 514	OK
1829	     0	82.7	153.3	 538	OK
1830	     0	80.0	147.6	 521	OK
1831	     0	81.3	150.5	 540	OK
1832	     0	81.3	148.9	 531	OK
1833	     0	83.0	154.0	 531	OK
1834	     0	82.6	151.8	 530	OK
1835	     0	83.7	154.2	 513	OK
1836	     0	82.4	152.0	 532	OK
1837	     0	84.9	156.8	 528	OK
1838	     0	85.2	156.8	 533	OK
1839	     0	81.3	152.4	 519	OK
1840	     0	82.1	153.7	 534	OK
1841	     0	83.4	156.4	 524	OK
1842	     0	81.6	152.3	 508	OK
1843	     0	80.4	151.1	 546	OK
1844	     0	80.6	151.0	 517	OK
1845	     0	81.3	151.3	 528	OK
1846	     0	81.0	150.7	 525	OK
1847	     0	82.4	153.0	 520	OK
1848	     0	82.6	152.9	 531	OK
1849	     0	84.9	157.3	 537	OK
1850	     0	82.6	152.8	 522	OK
1851	     0	82.6	152.8	 524	OK
1852	     0	83.6	153.9	 526	OK
1853	     0	84.6	155.3	 520	OK
1854	     0	83.8	156.3	 529	OK
1855	     0	83.5	155.3	 540	OK
1856	     0	81.3	150.8	 517	OK
1857	     0	80.0	148.3	 529	OK
1858	     0	82.3	153.8	 531	OK
1859	     0	80.8	151.4	 520	OK
1860	     0	81.2	151.9	 529	OK
1861	     0	81.3	153.6	 532	OK
1862	     0	83.1	153.0	 542	OK
1863	     0	83.1	153.6	 523	OK
1864	     0	78.0	146.1	 538	OK
1865	     0	82.0	150.9	 512	OK
1866	     0	80.5	147.7	 511	OK
1867	     0	79.8	150.0	 524	OK
1868	     0	80.7	151.4	 521	OK
1869	     0	80.6	148.6	 538	OK
1870	     0	80.0	148.8	 524	OK
1871	     0	83.2	155.2	 530	OK
1872	     0	81.9	150.7	 533	OK
1873	     0	81.4	150.5	 518	OK
1874	     0	80.4	150.5	 518	OK
1875	     0	83.3	154.2	 517	OK
1876	     0	82.0	150.7	 520	OK
1877	  1000	78.9	148.2	 513	unbonded
1878	     0	81.2	151.4	 515	OK
1879	     0	81.3	151.6	 532	OK
1880	     0	81.7	151.9	 524	OK
1881	     0	81.4	149.3	 528	OK
1882	     0	80.7	152.2	 515	OK
1883	     0	81.9	150.4	 533	OK
1884	     0	80.7	150.2	 518	OK
1885	     0	79.8	150.0	 520	OK
1886	     0	81.7	151.1	 523	OK
1887	     0	80.6	150.4	 522	OK
1888	     0	80.6	151.6	 540	OK
1889	     0	80.9	148.2	 516	OK
1890	     0	82.8	153.5	 502	OK
1891	     0	80.4	149.0	 529	OK
1892	     0	82.5	154.2	 532	OK
1893	     0	82.1	153.8	 513	OK
1894	     0	81.6	152.5	 518	OK
1895	     0	80.7	151.8	 523	OK
1896	     0	79.4	147.1	 528	OK
1897	  1000	79.6	148.8	 508	unbonded
1898	     0	81.2	151.8	 517	OK
1899	     0	79.6	147.5	 518	OK
1900	     0	81.0	150.6	 520	OK
1901	     0	81.1	150.3	 517	OK
1902	  1000	78.0	144.4	 512	unbonded
1903	     0	80.8	149.2	 534	OK
1904	     0	80.1	149.6	 522	OK
1905	  1000	78.9	146.5	 513	unbonded
1906	     0	80.5	150.4	 521	OK
1907	     0	83.8	153.1	 516	OK
1908	  1000	79.7	149.8	 508	unbonded
1909	     0	80.3	148.4	 523	OK
1910	     0	80.4	150.3	 518	OK
1911	     0	79.2	146.9	 528	OK
1912	     0	81.0	150.5	 518	OK
1913	  1000	80.1	151.1	 507	unbonded
1914	  1000	78.5	147.6	 515	unbonded
1915	     0	82.6	153.9	 542	OK
1916	     0	81.5	154.5	 514	OK
1917	     0	82.2	154.2	 527	OK
1918	     0	82.2	153.5	 523	OK
1919	     0	83.4	155.9	 519	OK
1920	     0	75.1	141.8	 549	OK
1921	     0	76.8	143.2	 563	OK
1922	     0	77.9	145.8	 558	OK
1923	     0	75.8	139.8	 551	OK
1924	     0	74.3	137.3	 560	OK
1925	  1000	75.2	140.1	 533	unbonded
1926	     0	74.4	139.2	 547	OK
1927	     0	76.8	141.8	 549	OK
1928	     0	75.3	140.5	 558	OK
1929	     0	74.8	138.0	 551	OK
1930	     0	75.0	140.0	 546	OK
1931	     0	75.6	140.3	 546	OK
1932	     0	75.9	140.7	 542	OK
1933	     0	75.8	139.4	 571	OK
1934	     0	74.6	138.5	 552	OK
1935	     0	76.8	141.2	 559	OK
1936	     0	73.9	140.1	 556	OK
1937	     0	75.5	141.4	 547	OK
1938	     0	76.9	143.2	 560	OK
1939	     0	77.9	145.8	 536	OK
1940	     0	74.7	138.1	 553	OK
1941	     0	76.7	141.3	 539	OK
1942	     0	78.0	144.9	 533	OK
1943	     0	76.6	142.7	 558	OK
1944	  1000	75.0	139.3	 535	unbonded
1945	  1000	75.7	141.6	 525	unbonded
1946	  1000	73.6	135.9	 534	unbonded
1947	  1000	75.6	138.7	 533	unbonded
1948	     0	74.8	139.8	 549	OK
1949	     0	76.2	141.6	 550	OK
1950	     0	75.3	139.5	 553	OK
1951	     0	75.2	141.4	 541	OK
1952	     0	75.3	141.1	 566	OK
1953	     0	76.5	142.1	 539	OK
1954	     0	75.8	140.9	 555	OK
1955	     0	75.4	141.2	 569	OK
1956	     0	78.4	143.0	 537	OK
1957	     0	76.0	140.8	 558	OK
1958	     0	76.8	143.7	 560	OK
1959	     0	75.7	141.2	 557	OK
1960	     0	76.6	142.3	 560	OK
1961	     0	75.8	139.5	 548	OK
1962	     0	74.7	139.3	 545	OK
1963	     0	77.6	142.9	 568	OK
1964	     0	75.8	138.2	 552	OK
1965	     0	76.0	141.7	 578	OK
1966	     0	75.7	139.1	 548	OK
1967	     0	75.1	138.5	 553	OK
1968	     0	74.9	140.3	 564	OK
1969	     0	77.8	145.7	 546	OK
1970	     0	76.2	140.1	 561	OK
1971	     0	76.6	141.6	 558	OK
1972	     0	74.9	139.6	 553	OK
1973	     0	75.3	139.5	 559	OK
1974	     0	77.0	142.8	 546	OK
1975	     0	75.6	140.0	 552	OK
1976	     0	74.2	139.4	 558	OK
1977	     0	76.8	142.8	 550	OK
1978	     0	77.0	143.5	 564	OK
1979	     0	75.8	141.2	 549	OK
1980	     0	76.7	142.4	 538	OK
1981	     0	77.6	144.8	 563	OK
1982	     0	77.3	143.6	 552	OK
1983	     0	75.5	141.7	 555	OK
1984	     0	78.2	143.5	 558	OK
1985	     0	77.7	144.2	 544	OK
1986	     0	76.6	143.6	 547	OK
1987	     0	75.6	139.8	 544	OK
1988	     0	77.1	142.1	 543	OK
1989	     0	76.7	142.2	 530	OK
1990	     0	75.3	142.1	 548	OK
1991	     0	77.8	144.6	 548	OK
1992	     0	76.6	143.9	 554	OK
1993	     0	76.7	143.9	 541	OK
1994	     0	75.3	139.9	 547	OK
1995	     0	79.1	145.0	 561	OK
1996	     0	78.5	145.0	 545	OK
1997	     0	78.1	145.0	 523	OK
1998	     0	76.0	141.4	 549	OK
1999	     0	76.0	140.9	 538	OK
2000	  1000	76.6	142.5	 529	unbonded
2001	  1000	74.8	140.0	 518	unbonded
2002	     0	77.1	140.9	 550	OK
2003	  1000	76.4	141.0	 523	unbonded
2004	  1000	75.7	140.8	 532	unbonded
2005	     0	76.2	138.7	 539	OK
2006	     0	77.8	143.8	 576	OK
2007	     0	76.0	142.5	 536	OK
2008	     0	76.1	141.1	 540	OK
2009	     0	78.6	143.4	 553	OK
2010	     0	75.6	140.5	 553	OK
2011	     0	77.6	144.8	 547	OK
2012	     0	78.1	145.4	 552	OK
2013	     0	75.4	140.2	 542	OK
2014	     0	76.5	143.1	 540	OK
2015	     0	79.3	144.2	 554	OK
2016	     0	77.7	143.3	 557	OK
2017	     0	77.1	144.0	 539	OK
2018	     0	75.6	141.3	 554	OK
2019	     0	76.9	142.7	 542	OK
2020	     0	75.5	139.0	 557	OK
2021	     0	76.1	140.3	 537	OK
2022	     0	76.5	142.5	 560	OK
2023	     0	76.8	140.2	 538	OK
2024	     0	76.9	143.4	 539	OK
2025	     0	77.9	144.1	 542	OK
2026	     0	79.0	145.5	 527	OK
2027	     0	76.9	141.0	 536	OK
2028	     0	77.3	141.7	 548	OK
2029	     0	76.4	140.7	 543	OK
2030	     0	76.5	143.0	 540	OK
2031	     0	77.7	144.6	 542	OK
2032	     0	76.0	142.9	 556	OK
2033	  1000	76.8	141.0	 528	unbonded
2034	     0	76.8	142.8	 556	OK
2035	  1000	75.9	141.6	 522	unbonded
2036	     0	76.4	142.6	 533	OK
2037	  1000	76.7	142.3	 528	unbonded
2038	  1000	75.1	139.9	 540	unbonded
2039	  1000	75.6	139.4	 526	unbonded
2040	     0	75.8	140.8	 541	OK
2041	     0	79.6	146.6	 530	OK
2042	     0	78.2	143.1	 532	OK
2043	     0	78.4	143.2	 544	OK
2044	     0	78.2	141.5	 554	OK
2045	     0	77.7	144.9	 526	OK
2046	     0	78.1	144.2	 540	OK
2047	     0	78.5	142.9	 554	OK
2048	     0	77.1	145.1	 553	OK
2049	     0	74.2	140.0	 560	OK
2050	     0	79.7	148.7	 536	OK
2051	     0	74.7	140.3	 551	OK
2052	     0	75.9	142.4	 551	OK
2053	     0	76.5	142.7	 536	OK
2054	     0	77.1	142.1	 549	OK
2055	     0	77.3	142.7	 545	OK
2056	     0	77.5	144.9	 542	OK
2057	     0	76.5	142.9	 548	OK
2058	     0	76.1	141.0	 549	OK
2059	     0	76.4	141.8	 542	OK
2060	     0	79.4	144.6	 540	OK
2061	     0	75.6	143.4	 556	OK
2062	     0	76.2	141.2	 538	OK
2063	     0	76.5	141.1	 543	OK
2064	     0	76.9	142.7	 555	OK
2065	     0	76.9	142.1	 540	OK
2066	     0	79.3	147.6	 539	OK
2067	     0	75.4	141.4	 556	OK
2068	     0	75.6	141.5	 552	OK
2069	     0	78.8	146.0	 538	OK
2070	     0	77.2	144.8	 556	OK
2071	  1000	74.9	141.1	 536	unbonded
2072	  1000	74.7	138.2	 537	unbonded
2073	  1000	74.0	138.9	 546	unbonded
2074	     0	77.2	143.5	 544	OK
2075	     0	74.4	139.8	 556	OK
2076	     0	78.0	144.7	 526	OK
2077	     0	75.1	140.6	 552	OK
2078	  1000	75.6	142.0	 533	unbonded
2079	     0	74.1	139.4	 551	OK
2080	     0	74.8	138.9	 556	OK
2081	  1000	75.1	139.7	 531	unbonded
2082	     0	76.1	140.7	 543	OK
2083	  1000	75.2	141.2	 539	unbonded
2084	     0	75.0	138.4	 547	OK
2085	     0	75.5	141.2	 545	OK
2086	     0	74.7	139.4	 550	OK
2087	     0	76.0	141.2	 539	OK
2088	  1000	73.4	136.6	 549	unbonded
2089	  1000	74.1	139.3	 534	unbonded
2090	     0	75.8	140.1	 554	OK
2091	  1000	73.7	137.3	 541	unbonded
2092	  1000	74.1	137.0	 545	unbonded
2093	     0	76.1	140.9	 534	OK
2094	     0	75.0	139.8	 549	OK
2095	     0	76.0	141.4	 541	OK
2096	     0	76.7	143.4	 565	OK
2097	     0	75.1	140.1	 564	OK
2098	     0	74.8	140.8	 545	OK
2099	     0	75.5	140.8	 554	OK
2100	     0	76.9	143.6	 548	OK
2101	     0	75.3	141.3	 542	OK
2102	  1000	72.7	136.5	 555	unbonded
2103	     0	76.0	140.7	 553	OK
2104	     0	76.4	142.9	 553	OK
2105	     0	75.4	139.6	 557	OK
2106	     0	75.9	142.1	 560	OK
2107	     0	75.5	142.5	 546	OK
2108	     0	75.9	140.0	 557	OK
2109	     0	78.4	146.3	 560	OK
2110	     0	74.6	142.0	 548	OK
2111	     0	77.5	142.7	 551	OK
2112	     0	76.3	144.2	 547	OK
2113	     0	76.4	143.1	 532	OK
2114	     0	75.4	139.6	 562	OK
2115	     0	76.0	142.2	 548	OK
2116	     0	78.0	145.3	 539	OK
2117	     0	76.5	143.1	 550	OK
2118	     0	76.2	141.8	 563	OK
2119	     0	76.3	143.8	 543	OK
2120	     0	75.6	141.7	 557	OK
2121	     0	77.2	143.9	 550	OK
2122	     0	74.7	140.1	 554	OK
2123	     0	77.6	144.8	 550	OK
2124	     0	75.3	142.0	 545	OK
2125	     0	74.0	140.1	 563	OK
2126	  1000	74.0	140.6	 546	unbonded
2127	  1000	72.1	134.5	 551	unbonded
2128	     0	74.8	138.7	 547	OK
2129	     0	74.0	141.6	 556	OK
2130	  1000	72.9	137.3	 545	unbonded
2131	  1000	72.9	136.6	 556	unbonded
2132	  1000	71.7	135.9	 547	unbonded
2133	  1000	73.5	138.6	 540	unbonded
2134	  1000	72.1	136.5	 546	unbonded
2135	     0	75.2	141.9	 540	OK
2136	     0	75.4	139.8	 544	OK
2137	     0	75.3	139.2	 542	OK
2138	  1000	71.6	132.8	 545	unbonded
2139	     0	74.4	137.7	 546	OK
2140	     0	76.6	141.8	 549	OK
2141	  1000	74.2	140.2	 539	unbonded
2142	     0	73.4	140.0	 558	OK
2143	  1000	72.0	135.4	 536	unbonded
2144	  1000	73.3	138.2	 542	unbonded
2145	  1000	73.8	138.9	 532	unbonded
2146	  1000	73.9	138.5	 548	unbonded
2147	     0	73.5	136.4	 555	OK
2148	  1000	74.0	138.3	 533	unbonded
2149	     0	71.5	134.5	 572	OK
2150	  1000	72.7	138.5	 539	unbonded
2151	     0	73.8	139.3	 558	OK
2152	     0	73.6	136.8	 563	OK
2153	  1000	74.3	138.7	 546	unbonded
2154	  1000	72.8	135.6	 542	unbonded
2155	  1000	74.2	141.4	 537	unbonded
2156	  1000	74.4	139.8	 545	unbonded
2157	  1000	73.4	136.8	 528	unbonded
2158	     0	74.9	142.4	 553	OK
2159	     0	76.3	144.1	 555	OK
2160	  1000	74.3	138.5	 533	unbonded
2161	  1000	73.2	138.7	 542	unbonded
2162	     0	73.1	138.5	 572	OK
2163	     0	73.9	137.5	 558	OK
2164	     0	74.4	140.8	 556	OK
2165	     0	76.4	143.6	 537	OK
2166	  1000	73.8	136.3	 546	unbonded
2167	  1000	74.1	139.5	 546	unbonded
2168	     0	74.8	139.3	 544	OK
2169	     0	76.6	144.3	 559	OK
2170	  1000	72.3	135.4	 543	unbonded
2171	     0	72.7	137.5	 559	OK
2172	     0	74.6	139.0	 556	OK
2173	     0	74.8	139.0	 546	OK
2174	  1000	74.4	139.2	 539	unbonded
2175	     0	79.1	146.9	 558	OK
2176	     0	77.0	143.8	 551	OK
2177	     0	79.8	148.1	 526	OK
2178	     0	79.8	147.1	 550	OK
2179	     0	79.4	145.3	 535	OK
2180	     0	79.2	147.3	 536	OK
2181	     0	79.5	146.9	 525	OK
2182	     0	79.6	147.8	 539	OK
2183	  1000	78.0	144.7	 520	unbonded
2184	     0	77.9	143.9	 538	OK
2185	     0	77.6	144.8	 533	OK
2186	     0	77.1	140.6	 537	OK
2187	     0	77.7	142.2	 539	OK
2188	     0	78.1	144.9	 525	OK
2189	  1000	77.3	143.8	 511	unbonded
2190	     0	78.1	144.5	 525	OK
2191	     0	76.8	141.6	 530	OK
2192	  1000	78.0	145.0	 511	unbonded
2193	  1000	77.8	144.9	 515	unbonded
2194	     0	77.0	142.0	 536	OK
2195	     0	79.9	147.3	 513	OK
2196	     0	76.8	143.1	 534	OK
2197	     0	77.4	141.8	 536	OK
2198	  1000	75.8	142.6	 530	unbonded
2199	     0	78.7	147.8	 529	OK
2200	  1000	76.5	142.5	 518	unbonded
2201	     0	79.2	146.3	 533	OK
2202	     0	78.0	145.4	 528	OK
2203	     0	79.0	147.5	 526	OK
2204	     0	79.7	144.7	 529	OK
2205	     0	78.4	144.4	 532	OK
2206	     0	79.7	146.9	 543	OK
2207	     0	80.4	149.2	 527	OK
2208	     0	78.2	144.0	 544	OK
2209	     0	79.4	146.0	 534	OK
2210	     0	79.0	146.6	 524	OK
2211	     0	80.1	147.6	 538	OK
2212	     0	79.7	147.3	 528	OK
2213	     0	81.3	148.0	 531	OK
2214	     0	78.7	144.7	 533	OK
2215	     0	76.5	141.5	 537	OK
2216	     0	77.7	143.3	 529	OK
2217	  1000	76.9	142.1	 516	unbonded
2218	     0	78.7	145.2	 526	OK
2219	     0	79.8	146.0	 544	OK
2220	     0	77.8	143.5	 546	OK
2221	     0	77.4	142.1	 552	OK
2222	     0	78.9	145.0	 552	OK
2223	     0	78.8	144.0	 518	OK
2224	  1000	76.6	143.0	 520	unbonded
2225	     0	80.8	150.8	 535	OK
2226	     0	78.9	144.9	 536	OK
2227	     0	79.0	146.8	 531	OK
2228	     0	78.8	143.4	 555	OK
2229	     0	78.8	145.7	 534	OK
2230	     0	82.7	152.6	 514	OK
2231	     0	78.5	144.4	 529	OK
2232	     0	80.6	149.7	 524	OK
2233	     0	78.8	146.3	 539	OK
2234	     0	80.7	147.8	 529	OK
2235	     0	81.1	148.9	 526	OK
2236	     0	81.2	148.8	 533	OK
2237	     0	80.2	146.4	 524	OK
2238	     0	82.7	153.6	 526	OK
2239	     0	83.1	152.0	 525	OK
2240	     0	80.5	146.4	 553	OK
2241	     0	79.9	145.7	 525	OK
2242	     0	78.7	146.4	 535	OK
2243	     0	77.5	144.7	 527	OK
2244	     0	80.0	146.4	 535	OK
2245	  1000	77.3	144.8	 519	unbonded
2246	     0	79.6	146.8	 522	OK
2247	     0	79.6	147.5	 538	OK
2248	     0	77.8	142.7	 552	OK
2249	     0	79.5	146.7	 523	OK
2250	     0	80.3	146.9	 525	OK
2251	     0	80.9	149.7	 520	OK
2252	     0	80.6	148.6	 544	OK
2253	     0	78.3	144.6	 539	OK
2254	     0	79.0	143.5	 528	OK
2255	     0	78.4	145.4	 532	OK
2256	     0	76.1	140.6	 536	OK
2257	     0	79.1	145.4	 524	OK
2258	     0	80.4	146.3	 525	OK
2259	     0	80.1	145.5	 523	OK
2260	     0	81.0	149.0	 519	OK
2261	     0	78.3	145.3	 528	OK
2262	     0	79.3	145.9	 519	OK
2263	     0	80.2	150.0	 523	OK
2264	     0	80.6	147.1	 517	OK
2265	     0	82.3	151.8	 534	OK
2266	     0	79.3	144.0	 520	OK
2267	     0	83.3	151.2	 500	OK
2268	     0	78.6	144.5	 532	OK
2269	     0	79.8	146.4	 524	OK
2270	     0	78.3	144.9	 531	OK
2271	     0	78.4	143.5	 526	OK
2272	     0	80.3	146.8	 517	OK
2273	     0	80.2	146.8	 525	OK
2274	     0	78.7	143.2	 520	OK
2275	  1000	77.9	144.0	 515	unbonded
2276	     0	79.7	146.4	 515	OK
2277	  1000	77.5	141.6	 520	unbonded
2278	     0	81.4	150.7	 526	OK
2279	     0	79.9	148.1	 512	OK
2280	     0	79.6	144.3	 519	OK
2281	     0	79.7	146.9	 527	OK
2282	     0	78.9	145.5	 522	OK
2283	     0	80.8	149.0	 504	OK
2284	  1000	79.5	144.0	 510	unbonded
2285	     0	81.0	146.7	 528	OK
2286	     0	81.2	148.6	 533	OK
2287	     0	79.9	146.0	 509	OK
2288	  1000	76.9	141.6	 511	unbonded
2289	     0	80.0	146.8	 518	OK
2290	     0	79.4	147.2	 514	OK
2291	     0	79.4	145.2	 517	OK
2292	  1000	78.8	144.7	 514	unbonded
2293	     0	81.8	149.3	 527	OK
2294	     0	81.4	149.7	 511	OK
2295	     0	81.6	147.1	 525	OK
2296	     0	80.5	147.5	 516	OK
2297	     0	80.5	146.5	 505	OK
2298	     0	82.4	149.1	 530	OK
2299	     0	80.9	146.5	 539	OK
2300	     0	81.1	149.7	 521	OK
2301	     0	83.8	152.6	 526	OK
2302	     0	79.3	145.2	 526	OK
2303	     0	80.4	145.9	 531	OK
2304	     0	78.2	146.0	 558	OK
2305	     0	79.2	147.6	 546	OK
2306	     0	79.2	147.3	 550	OK
2307	     0	77.5	146.2	 548	OK
2308	     0	79.1	148.6	 532	OK
2309	     0	78.2	144.2	 558	OK
2310	     0	78.6	146.3	 542	OK
2311	     0	77.2	143.1	 548	OK
2312	     0	76.7	142.0	 533	OK
2313	     0	78.5	144.0	 538	OK
2314	     0	76.5	143.0	 544	OK
2315	     0	76.6	141.2	 536	OK
2316	     0	77.0	142.2	 532	OK
2317	     0	76.9	145.4	 552	OK
2318	     0	78.3	147.0	 538	OK
2319	  1000	74.7	137.9	 529	unbonded
2320	     0	76.4	142.4	 552	OK
2321	     0	78.4	146.8	 530	OK
2322	     0	77.3	142.3	 536	OK
2323	     0	76.7	141.5	 558	OK
2324	     0	75.1	139.4	 542	OK
2325	     0	74.9	138.3	 551	OK
2326	     0	76.8	144.6	 543	OK
2327	     0	77.0	143.2	 546	OK
2328	     0	74.6	140.0	 561	OK
2329	     0	76.5	143.1	 540	OK
2330	     0	76.5	142.4	 545	OK
2331	     0	76.1	142.2	 539	OK
2332	     0	77.1	142.4	 555	OK
2333	     0	76.2	141.5	 550	OK
2334	  1000	73.3	138.9	 539	unbonded
2335	     0	76.7	141.9	 543	OK
2336	     0	75.5	140.7	 548	OK
2337	     0	76.5	142.1	 568	OK
2338	     0	78.6	144.4	 553	OK
2339	     0	77.7	143.2	 546	OK
2340	     0	75.6	139.7	 570	OK
2341	  1000	74.6	138.5	 539	unbonded
2342	     0	75.9	141.4	 543	OK
2343	     0	76.8	140.3	 549	OK
2344	     0	77.8	142.8	 547	OK
2345	     0	77.8	144.8	 548	OK
2346	     0	78.1	145.1	 561	OK
2347	     0	77.4	147.0	 569	OK
2348	     0	75.2	139.1	 544	OK
2349	     0	76.8	141.2	 540	OK
2350	     0	76.3	141.2	 559	OK
2351	     0	77.9	142.8	 547	OK
2352	  1000	72.2	134.7	 547	unbonded
2353	     0	76.3	142.8	 541	OK
2354	     0	79.0	147.0	 553	OK
2355	     0	75.7	141.7	 565	OK
2356	     0	75.9	142.4	 550	OK
2357	     0	78.3	145.7	 550	OK
2358	     0	76.1	142.8	 546	OK
2359	     0	76.9	142.8	 548	OK
2360	     0	77.5	144.8	 551	OK
2361	     0	73.6	137.4	 556	OK
2362	     0	76.8	142.3	 561	OK
2363	     0	75.9	144.2	 551	OK
2364	     0	78.3	145.9	 550	OK
2365	     0	77.5	143.2	 557	OK
2366	     0	79.5	149.2	 553	OK
2367	     0	78.8	147.8	 550	OK
2368	     0	77.3	144.8	 552	OK
2369	     0	75.5	142.8	 557	OK
2370	     0	75.9	141.3	 536	OK
2371	     0	73.6	138.9	 573	OK
2372	     0	75.2	140.4	 542	OK
2373	     0	75.5	141.4	 548	OK
2374	     0	76.4	142.9	 555	OK
2375	  1000	74.5	140.8	 543	unbonded
2376	     0	76.2	140.3	 546	OK
2377	     0	75.4	141.1	 553	OK
2378	     0	76.4	143.9	 544	OK
2379	  1000	73.8	137.0	 539	unbonded
2380	  1000	74.2	137.8	 546	unbonded
2381	     0	75.7	140.6	 543	OK
2382	  1000	75.1	140.7	 540	unbonded
2383	     0	76.8	144.5	 540	OK
2384	     0	76.5	141.9	 547	OK
2385	     0	74.3	138.8	 556	OK
2386	  1000	72.8	135.6	 538	unbonded
2387	  1000	74.2	140.8	 535	unbonded
2388	     0	76.3	139.9	 542	OK
2389	     0	75.9	140.6	 542	OK
2390	     0	75.8	142.4	 574	OK
2391	  1000	73.8	138.0	 543	unbonded
2392	     0	75.9	143.1	 559	OK
2393	     0	75.8	140.3	 545	OK
2394	     0	76.0	142.2	 551	OK
2395	     0	75.6	141.0	 557	OK
2396	     0	75.1	137.8	 554	OK
2397	     0	76.7	143.6	 552	OK
2398	  1000	75.7	140.2	 528	unbonded
2399	     0	76.4	142.7	 560	OK
2400	     0	77.9	144.9	 560	OK
2401	     0	75.7	139.5	 537	OK
2402	     0	74.7	139.1	 555	OK
2403	     0	76.0	141.7	 544	OK
2404	     0	75.1	139.7	 542	OK
2405	     0	75.5	139.6	 539	OK
2406	  1000	73.2	136.9	 542	unbonded
2407	  1000	76.0	140.9	 533	unbonded
2408	     0	74.6	138.8	 562	OK
2409	  1000	72.7	135.5	 544	unbonded
2410	     0	75.6	139.0	 539	OK
2411	  1000	73.1	136.2	 543	unbonded
2412	     0	73.9	138.2	 551	OK
2413	     0	73.6	137.9	 567	OK
2414	  1000	74.6	139.6	 541	unbonded
2415	     0	76.3	142.4	 541	OK
2416	  1000	73.9	138.5	 531	unbonded
2417	     0	75.7	143.2	 562	OK
2418	     0	76.8	144.7	 553	OK
2419	     0	76.1	139.5	 541	OK
2420	     0	75.3	141.6	 556	OK
2421	     0	76.0	141.8	 555	OK
2422	     0	74.5	138.0	 560	OK
2423	     0	75.7	142.5	 554	OK
2424	     0	74.9	140.2	 551	OK
2425	     0	77.1	144.0	 549	OK
2426	     0	77.1	145.2	 559	OK
2427	     0	76.7	144.5	 555	OK
2428	     0	75.0	139.8	 555	OK
2429	     0	76.5	143.0	 558	OK
2430	     0	79.9	150.7	 550	OK
2431	     0	78.7	145.8	 574	OK
2432	     0	76.5	140.4	 538	OK
2433	     0	78.8	146.2	 545	OK
2434	  1000	77.3	140.8	 520	unbonded
2435	     0	77.4	140.8	 541	OK
2436	  1000	74.7	138.9	 535	unbonded
2437	     0	76.3	141.4	 545	OK
2438	  1000	76.6	142.6	 523	unbonded
2439	     0	77.6	143.3	 549	OK
2440	     0	78.6	144.5	 535	OK
2441	  1000	75.3	138.5	 529	unbonded
2442	     0	75.5	140.1	 539	OK
2443	  1000	75.5	138.4	 528	unbonded
2444	     0	75.2	138.7	 541	OK
2445	     0	75.5	139.7	 556	OK
2446	  1000	74.1	137.6	 524	unbonded
2447	  1000	75.2	138.5	 540	unbonded
2448	     0	75.5	138.4	 545	OK
2449	  1000	76.5	140.5	 526	unbonded
2450	     0	77.6	143.4	 537	OK
2451	     0	76.4	140.1	 540	OK
2452	  1000	75.4	138.6	 532	unbonded
2453	     0	75.7	139.7	 540	OK
2454	  1000	75.0	137.3	 537	unbonded
2455	     0	75.1	138.8	 546	OK
2456	  1000	76.2	141.4	 532	unbonded
2457	     0	75.4	139.0	 543	OK
2458	  1000	73.5	134.8	 547	unbonded
2459	  1000	75.1	137.5	 540	unbonded
2460	  1000	74.9	139.3	 540	unbonded
2461	     0	76.7	141.6	 539	OK
2462	  1000	75.6	139.7	 522	unbonded
2463	  1000	76.8	140.0	 529	unbonded
2464	     0	78.0	142.4	 547	OK
2465	     0	76.4	140.5	 554	OK
2466	     0	76.5	142.0	 531	OK
2467	     0	75.4	140.4	 540	OK
2468	  1000	75.0	136.9	 539	unbonded
2469	     0	78.1	144.0	 561	OK
2470	     0	76.2	139.1	 534	OK
2471	     0	78.2	142.5	 551	OK
2472	     0	77.6	142.8	 550	OK
2473	     0	75.4	139.4	 551	OK
2474	     0	76.5	141.4	 537	OK
2475	     0	77.9	143.0	 538	OK
2476	     0	76.4	141.3	 546	OK
2477	     0	78.7	145.3	 531	OK
2478	     0	76.1	138.5	 542	OK
2479	     0	77.7	144.9	 539	OK
2480	  1000	74.8	137.7	 536	unbonded
2481	     0	77.1	142.9	 546	OK
2482	     0	77.8	143.4	 541	OK
2483	     0	76.6	141.5	 556	OK
2484	     0	76.2	140.4	 538	OK
2485	     0	74.4	137.8	 548	OK
2486	     0	75.3	139.3	 552	OK
2487	     0	75.1	137.7	 545	OK
2488	     0	76.1	141.0	 551	OK
2489	     0	77.1	142.5	 537	OK
2490	     0	78.2	143.2	 546	OK
2491	     0	74.8	138.2	 551	OK
2492	     0	77.4	141.3	 554	OK
2493	     0	79.0	145.8	 533	OK
2494	     0	78.7	144.5	 541	OK
2495	     0	78.8	143.8	 546	OK
2496	     0	76.0	141.2	 545	OK
2497	     0	76.0	142.1	 538	OK
2498	     0	76.4	141.4	 535	OK
2499	     0	76.7	141.4	 551	OK
2500	     0	77.4	145.2	 550	OK
2501	     0	76.5	141.9	 549	OK
2502	     0	76.0	140.0	 551	OK
2503	     0	75.5	137.7	 548	OK
2504	  1000	76.4	141.4	 521	unbonded
2505	     0	77.0	140.5	 534	OK
2506	  1000	75.2	139.2	 539	unbonded
2507	  1000	75.3	137.2	 535	unbonded
2508	     0	77.3	143.5	 539	OK
2509	     0	76.7	141.1	 532	OK
2510	  1000	76.3	140.7	 521	unbonded
2511	     0	79.1	144.3	 544	OK
2512	  1000	75.4	138.7	 539	unbonded
2513	     0	76.0	139.1	 543	OK
2514	     0	78.4	142.8	 537	OK
2515	  1000	76.2	139.2	 532	unbonded
2516	     0	74.4	137.5	 548	OK
2517	     0	77.6	144.1	 536	OK
2518	     0	76.5	140.1	 533	OK
2519	  1000	75.1	138.4	 540	unbonded
2520	  1000	76.1	141.5	 530	unbonded
2521	     0	76.6	142.2	 533	OK
2522	     0	77.6	142.9	 536	OK
2523	     0	76.8	142.0	 539	OK
2524	  1000	75.2	141.1	 528	unbonded
2525	  1000	76.8	141.3	 513	unbonded
2526	  1000	76.8	142.7	 527	unbonded
2527	     0	77.1	141.1	 535	OK
2528	  1000	74.9	138.3	 540	unbonded
2529	  1000	75.9	141.4	 533	unbonded
2530	     0	78.1	144.3	 527	OK
2531	     0	75.4	139.2	 554	OK
2532	  1000	77.3	140.3	 511	unbonded
2533	     0	76.9	140.7	 529	OK
2534	     0	76.9	139.8	 531	OK
2535	     0	76.9	142.5	 531	OK
2536	     0	78.5	142.8	 536	OK
2537	  1000	74.2	136.2	 546	unbonded
2538	     0	76.1	139.9	 546	OK
2539	     0	76.6	142.3	 536	OK
2540	  1000	74.4	137.3	 524	unbonded
2541	     0	77.2	144.3	 550	OK
2542	     0	77.5	143.5	 542	OK
2543	  1000	75.0	139.0	 524	unbonded
2544	  1000	76.5	141.5	 522	unbonded
2545	  1000	77.1	141.5	 514	unbonded
2546	  1000	77.0	141.6	 521	unbonded
2547	  1000	76.4	138.8	 528	unbonded
2548	     0	77.3	140.8	 549	OK
2549	     0	77.6	142.0	 538	OK
2550	     0	79.4	145.3	 538	OK
2551	     0	77.5	141.8	 529	OK
2552	     0	78.7	145.1	 549	OK
2553	     0	79.6	144.5	 532	OK
2554	     0	76.8	141.9	 538	OK
2555	     0	80.1	146.5	 523	OK
2556	     0	78.6	143.2	 545	OK
2557	     0	77.9	140.7	 531	OK
2558	     0	79.0	145.7	 551	OK
2559	     0	80.1	146.6	 540	OK
2560	     0	72.2	136.2	 575	OK
2561	     0	72.9	135.8	 563	OK
2562	     0	71.4	133.1	 577	OK
2563	     0	74.2	136.2	 572	OK
2564	  1000	73.4	135.9	 552	unbonded
2565	     0	71.9	135.4	 568	OK
2566	  1000	70.2	131.2	 561	unbonded
2567	  1000	71.9	132.4	 563	unbonded
2568	     0	71.9	132.8	 569	OK
2569	     0	72.9	136.8	 564	OK
2570	  1000	71.3	132.9	 566	unbonded
2571	  1000	71.1	132.3	 570	unbonded
2572	     0	73.1	134.7	 574	OK
2573	     0	73.1	135.9	 564	OK
2574	  1000	70.5	133.3	 562	unbonded
2575	  1000	70.3	132.2	 564	unbonded
2576	     0	72.9	136.0	 566	OK
2577	     0	73.4	136.5	 554	OK
2578	  1000	71.8	132.5	 554	unbonded
2579	  1000	70.5	131.2	 556	unbonded
2580	  1000	71.9	134.7	 563	unbonded
2581	  1000	70.5	132.6	 564	unbonded
2582	  1000	71.5	133.0	 564	unbonded
2583	     0	71.8	131.8	 568	OK
2584	     0	71.9	134.0	 569	OK
2585	     0	73.6	135.9	 552	OK
2586	     0	71.5	132.7	 584	OK
2587	     0	70.9	133.6	 573	OK
2588	  1000	72.4	136.6	 554	unbonded
2589	  1000	71.5	133.6	 557	unbonded
2590	  1000	70.3	133.0	 557	unbonded
2591	     0	71.5	132.6	 570	OK
2592	     0	70.7	132.7	 576	OK
2593	  1000	71.9	131.6	 561	unbonded
2594	  1000	70.2	132.1	 565	unbonded
2595	     0	73.4	135.3	 580	OK
2596	  1000	71.4	133.3	 566	unbonded
2597	  1000	70.7	134.2	 574	unbonded
2598	  1000	70.8	133.2	 568	unbonded
2599	  1000	70.5	129.9	 568	unbonded
2600	     0	72.4	135.4	 566	OK
2601	     0	72.9	137.3	 578	OK
2602	     0	70.9	134.3	 574	OK
2603	     0	72.5	134.3	 571	OK
2604	  1000	71.7	133.7	 565	unbonded
2605	     0	73.8	138.1	 573	OK
2606	  1000	70.2	130.4	 556	unbonded
2607	     0	71.6	133.1	 572	OK
2608	     0	73.0	135.7	 561	OK
2609	     0	73.0	136.0	 558	OK
2610	     0	74.0	137.1	 594	OK
2611	     0	72.9	135.5	 583	OK
2612	  1000	71.0	132.2	 562	unbonded
2613	     0	72.9	137.7	 568	OK
2614	     0	70.9	133.5	 585	OK
2615	  1000	72.7	134.7	 555	unbonded
2616	     0	74.6	136.8	 587	OK
2617	     0	72.6	135.6	 568	OK
2618	     0	71.3	130.9	 592	OK
2619	     0	73.4	135.9	 560	OK
2620	  1000	72.7	135.8	 551	unbonded
2621	     0	74.0	138.6	 581	OK
2622	     0	73.3	136.5	 574	OK
2623	     0	75.4	139.3	 566	OK
2624	     0	73.5	136.2	 569	OK
2625	     0	74.8	140.4	 575	OK
2626	     0	73.9	136.6	 560	OK
2627	     0	75.0	140.7	 566	OK
2628	     0	72.6	137.2	 566	OK
2629	     0	71.1	132.8	 573	OK
2630	     0	73.8	135.9	 577	OK
2631	     0	74.3	136.6	 571	OK
2632	     0	75.9	140.9	 550	OK
2633	     0	73.3	135.4	 567	OK
2634	     0	73.0	134.9	 557	OK
2635	     0	72.1	134.5	 565	OK
2636	     0	74.1	137.6	 561	OK
2637	  1000	72.7	135.1	 557	unbonded
2638	     0	73.9	138.2	 582	OK
2639	  1000	73.0	136.3	 554	unbonded
2640	  1000	71.8	136.1	 542	unbonded
2641	     0	73.7	137.4	 561	OK
2642	     0	74.6	138.6	 566	OK
2643	     0	73.6	135.1	 564	OK
2644	     0	74.7	139.5	 550	OK
2645	     0	72.6	133.6	 573	OK
2646	     0	73.4	135.9	 556	OK
2647	     0	73.2	137.1	 574	OK
2648	  1000	73.9	136.0	 548	unbonded
2649	     0	74.4	135.7	 569	OK
2650	     0	73.3	137.9	 562	OK
2651	     0	72.9	136.0	 564	OK
2652	     0	74.6	138.3	 560	OK
2653	     0	74.2	136.7	 567	OK
2654	     0	74.9	140.1	 573	OK
2655	  1000	70.1	130.7	 572	unbonded
2656	     0	72.2	135.3	 569	OK
2657	  1000	74.1	136.7	 545	unbonded
2658	  1000	73.0	137.1	 546	unbonded
2659	  1000	73.2	134.7	 549	unbonded
2660	     0	72.9	135.2	 568	OK
2661	     0	74.1	137.3	 556	OK
2662	  1000	73.0	134.0	 552	unbonded
2663	  1000	72.4	136.1	 555	unbonded
2664	  1000	73.3	135.9	 551	unbonded
2665	  1000	72.6	136.2	 548	unbonded
2666	  1000	73.2	135.3	 555	unbonded
2667	     0	75.9	139.9	 562	OK
2668	     0	73.8	136.4	 556	OK
2669	     0	73.8	138.7	 568	OK
2670	  1000	72.2	134.5	 541	unbonded
2671	  1000	73.9	137.8	 546	unbonded
2672	     0	75.4	138.9	 569	OK
2673	     0	74.5	139.3	 552	OK
2674	     0	76.1	140.7	 554	OK
2675	     0	75.7	139.8	 550	OK
2676	  1000	73.0	135.9	 554	unbonded
2677	     0	73.9	138.4	 557	OK
2678	     0	72.9	134.9	 559	OK
2679	     0	73.4	135.4	 566	OK
2680	     0	75.7	139.3	 548	OK
2681	     0	74.7	137.0	 556	OK
2682	     0	73.0	136.9	 571	OK
2683	     0	74.2	136.7	 575	OK
2684	     0	73.9	136.6	 574	OK
2685	     0	77.5	142.5	 564	OK
2686	     0	73.6	138.3	 566	OK
2687	     0	76.3	140.6	 577	OK
2688	     0	78.8	142.5	 560	OK
2689	     0	79.1	141.2	 563	OK
2690	     0	79.6	144.5	 545	OK
2691	     0	78.0	144.0	 559	OK
2692	     0	77.7	142.7	 548	OK
2693	     0	78.4	145.4	 568	OK
2694	     0	77.1	141.7	 552	OK
2695	     0	77.7	142.7	 556	OK
2696	     0	77.8	142.0	 562	OK
2697	     0	77.1	141.3	 553	OK
2698	     0	78.6	145.9	 559	OK
2699	     0	78.0	141.6	 553	OK
2700	     0	77.8	142.5	 561	OK
2701	     0	76.3	140.3	 541	OK
2702	     0	77.0	140.9	 550	OK
2703	     0	76.7	139.9	 554	OK
2704	     0	78.3	142.1	 550	OK
2705	     0	79.0	144.2	 536	OK
2706	     0	76.0	141.0	 556	OK
2707	     0	77.7	141.0	 553	OK
2708	     0	78.7	141.8	 547	OK
2709	     0	76.5	139.2	 551	OK
2710	     0	77.6	140.8	 553	OK
2711	     0	74.2	137.3	 560	OK
2712	     0	75.7	138.8	 546	OK
2713	     0	76.2	140.8	 545	OK
2714	     0	78.2	142.7	 547	OK
2715	     0	76.9	140.3	 551	OK
2716	     0	76.3	139.4	 558	OK
2717	     0	75.9	141.3	 542	OK
2718	     0	75.0	136.4	 556	OK
2719	     0	76.6	138.7	 541	OK
2720	     0	74.3	135.0	 553	OK
2721	     0	76.8	139.7	 567	OK
2722	     0	74.1	135.8	 549	OK
2723	     0	75.3	138.5	 547	OK
2724	     0	73.8	136.6	 558	OK
2725	     0	76.7	140.4	 568	OK
2726	     0	76.4	138.6	 550	OK
2727	     0	78.2	140.6	 570	OK
2728	     0	76.1	139.0	 561	OK
2729	     0	74.6	135.9	 563	OK
2730	     0	76.2	140.9	 579	OK
2731	     0	77.2	140.6	 547	OK
2732	     0	77.3	142.5	 555	OK
2733	     0	76.5	140.6	 561	OK
2734	     0	75.5	140.5	 558	OK
2735	     0	76.6	140.6	 560	OK
2736	     0	78.0	141.4	 573	OK
2737	     0	74.3	135.1	 563	OK
2738	     0	75.3	139.0	 552	OK
2739	     0	75.7	139.7	 550	OK
2740	     0	75.6	137.8	 557	OK
2741	     0	75.0	138.7	 571	OK
2742	     0	78.0	143.6	 565	OK
2743	     0	77.2	141.6	 574	OK
2744	     0	78.8	146.1	 569	OK
2745	     0	79.9	145.4	 575	OK
2746	     0	76.7	141.6	 559	OK
2747	     0	76.7	141.1	 556	OK
2748	     0	78.1	143.7	 563	OK
2749	     0	76.5	140.6	 562	OK
2750	     0	79.1	145.6	 556	OK
2751	     0	80.4	147.0	 558	OK
2752	     0	75.7	139.8	 571	OK
2753	     0	78.0	144.0	 565	OK
2754	     0	77.6	144.5	 578	OK
2755	     0	75.9	138.9	 568	OK
2756	     0	76.4	141.9	 564	OK
2757	     0	77.8	143.4	 585	OK
2758	     0	75.7	139.2	 569	OK
2759	     0	76.3	140.5	 569	OK
2760	     0	77.8	144.5	 564	OK
2761	     0	76.4	139.1	 559	OK
2762	     0	74.8	138.8	 569	OK
2763	     0	76.8	142.0	 566	OK
2764	     0	74.1	134.7	 561	OK
2765	     0	75.0	137.3	 571	OK
2766	     0	74.6	137.9	 561	OK
2767	     0	75.6	138.8	 564	OK
2768	     0	74.3	135.2	 556	OK
2769	     0	75.5	137.8	 551	OK
2770	     0	76.6	141.5	 570	OK
2771	     0	74.7	139.7	 555	OK
2772	     0	74.7	135.9	 550	OK
2773	     0	74.0	135.8	 567	OK
2774	     0	76.6	140.9	 573	OK
2775	     0	73.0	136.9	 565	OK
2776	     0	78.1	144.1	 550	OK
2777	     0	76.3	141.5	 568	OK
2778	     0	74.0	136.7	 560	OK
2779	     0	78.5	143.5	 583	OK
2780	     0	76.0	139.8	 558	OK
2781	     0	75.8	139.3	 553	OK
2782	     0	73.5	134.9	 556	OK
2783	     0	74.5	137.3	 567	OK
2784	     0	74.5	138.5	 566	OK
2785	     0	74.7	136.8	 544	OK
2786	     0	75.2	137.2	 564	OK
2787	     0	76.5	139.1	 547	OK
2788	  1000	73.7	135.0	 551	unbonded
2789	     0	76.7	142.8	 554	OK
2790	     0	74.8	137.1	 547	OK
2791	     0	74.3	137.0	 562	OK
2792	     0	74.1	137.6	 572	OK
2793	     0	74.3	137.7	 556	OK
2794	     0	74.3	137.6	 562	OK
2795	     0	74.2	136.0	 552	OK
2796	     0	74.6	136.8	 567	OK
2797	     0	74.8	137.5	 559	OK
2798	  1000	73.1	135.3	 544	unbonded
2799	     0	76.3	142.0	 565	OK
2800	     0	76.2	140.4	 551	OK
2801	     0	75.3	140.4	 546	OK
2802	     0	76.1	139.1	 544	OK
2803	     0	75.5	138.7	 554	OK
2804	     0	76.9	143.3	 552	OK
2805	     0	76.1	139.6	 556	OK
2806	     0	74.4	138.5	 550	OK
2807	     0	75.0	138.6	 551	OK
2808	     0	75.3	141.6	 569	OK
2809	     0	76.6	139.5	 566	OK
2810	     0	75.4	138.0	 567	OK
2811	     0	75.6	140.0	 559	OK
2812	     0	75.8	140.8	 545	OK
2813	     0	75.7	141.1	 560	OK
2814	     0	75.3	139.2	 566	OK
2815	     0	76.4	139.0	 558	OK
