#chan	code	gain	vt50	innse	comment
   0	     0	77.6	146.2	1024	OK
   1	     0	75.0	143.1	1036	OK
   2	     0	72.3	138.0	1040	OK
   3	     0	74.4	140.7	1029	OK
   4	     0	74.0	141.5	1024	OK
   5	     0	73.9	138.0	1030	OK
   6	     0	72.7	137.5	1040	OK
   7	     0	72.4	140.3	1023	OK
   8	     0	72.2	140.1	1033	OK
   9	     0	74.8	141.0	1038	OK
  10	     0	71.7	138.4	1027	OK
  11	     0	73.7	140.0	1020	OK
  12	     0	73.4	139.0	1046	OK
  13	     0	75.7	143.1	1024	OK
  14	     0	73.0	138.5	1027	OK
  15	     0	73.3	140.6	1019	OK
  16	     0	71.4	137.7	1033	OK
  17	     0	73.4	140.0	1011	OK
  18	     0	75.4	145.4	1036	OK
  19	     0	73.0	137.5	1061	OK
  20	     0	72.8	137.3	1027	OK
  21	     0	73.2	138.2	1027	OK
  22	     0	73.7	139.7	1001	OK
  23	     0	75.9	145.1	1035	OK
  24	     0	74.6	141.4	1045	OK
  25	     0	74.4	141.6	1057	OK
  26	     0	74.2	143.6	1009	OK
  27	     0	73.5	141.3	1021	OK
  28	     0	72.1	136.6	1032	OK
  29	     0	76.6	145.8	1047	OK
  30	     0	74.2	142.8	1034	OK
  31	     0	73.3	138.8	1037	OK
  32	     0	74.5	140.7	1057	OK
  33	     0	74.2	139.7	1030	OK
  34	     0	75.1	141.7	1026	OK
  35	     0	72.1	137.3	1033	OK
  36	     0	73.3	141.9	1045	OK
  37	     0	74.3	139.6	1040	OK
  38	     0	73.2	139.7	1022	OK
  39	     0	74.7	141.0	1054	OK
  40	     0	73.4	138.2	1009	OK
  41	     0	74.4	140.7	1036	OK
  42	     0	74.5	142.4	1028	OK
  43	     0	75.3	143.7	1048	OK
  44	     0	70.9	136.4	1043	OK
  45	     0	74.1	142.4	1050	OK
  46	     0	73.1	140.5	1063	OK
  47	     0	76.1	143.4	1054	OK
  48	     0	75.4	144.0	1025	OK
  49	     0	74.2	142.7	1036	OK
  50	     0	74.1	142.7	 998	OK
  51	     0	74.7	141.5	1015	OK
  52	     0	71.9	139.2	1041	OK
  53	     0	74.6	143.1	1022	OK
  54	     0	73.4	139.9	1028	OK
  55	     0	71.9	137.3	1067	OK
  56	     0	74.9	141.8	1028	OK
  57	     0	74.7	142.2	1055	OK
  58	     0	76.4	144.6	1010	OK
  59	     0	74.6	143.9	1036	OK
  60	     0	76.3	147.4	1028	OK
  61	     0	76.2	145.7	1038	OK
  62	     0	76.3	147.7	1039	OK
  63	     0	77.8	146.9	1026	OK
  64	     0	75.0	145.3	1033	OK
  65	     0	75.1	144.5	1010	OK
  66	     0	73.4	140.8	1040	OK
  67	     0	71.6	136.6	1028	OK
  68	     0	74.0	143.8	1026	OK
  69	     0	74.8	144.1	1030	OK
  70	     0	73.7	140.8	1017	OK
  71	     0	72.4	139.2	1047	OK
  72	     0	74.0	140.5	1019	OK
  73	     0	73.1	140.7	1023	OK
  74	     0	72.6	138.7	1041	OK
  75	     0	72.7	138.4	1049	OK
  76	     0	74.9	143.3	1018	OK
  77	     0	70.9	136.6	1051	OK
  78	     0	73.9	141.2	1062	OK
  79	     0	75.1	145.4	1030	OK
  80	     0	72.8	141.0	1001	OK
  81	     0	75.4	143.5	1038	OK
  82	     0	74.9	143.9	1020	OK
  83	     0	74.8	144.6	1018	OK
  84	     0	72.1	138.2	1047	OK
  85	     0	73.2	140.0	1061	OK
  86	     0	73.3	142.4	1034	OK
  87	     0	73.4	141.8	1049	OK
  88	     0	74.5	143.2	1006	OK
  89	     0	73.8	140.9	1033	OK
  90	     0	75.7	146.7	1010	OK
  91	     0	75.0	140.9	1041	OK
  92	     0	73.8	140.3	1025	OK
  93	     0	76.7	148.0	1024	OK
  94	     0	73.5	143.1	1015	OK
  95	     0	72.9	139.7	1027	OK
  96	     0	72.4	139.6	1033	OK
  97	     0	71.4	136.4	1033	OK
  98	     0	72.9	140.9	1018	OK
  99	     0	73.8	140.0	1031	OK
 100	     0	71.7	138.4	1011	OK
 101	     0	72.8	141.9	1028	OK
 102	     0	74.7	141.3	1058	OK
 103	     0	74.6	140.9	1026	OK
 104	     0	73.3	141.2	1027	OK
 105	     0	75.6	142.2	1042	OK
 106	     0	73.8	140.7	1013	OK
 107	     0	74.1	144.8	1035	OK
 108	     0	73.9	142.1	1022	OK
 109	     0	74.8	142.1	1031	OK
 110	     0	72.1	139.0	1013	OK
 111	     0	75.3	144.9	1022	OK
 112	     0	76.2	146.3	1018	OK
 113	     0	75.8	144.0	1039	OK
 114	     0	74.2	141.7	1017	OK
 115	     0	76.5	147.1	1017	OK
 116	     0	75.0	144.6	1014	OK
 117	     0	75.5	143.3	1005	OK
 118	     0	75.8	145.0	1007	OK
 119	     0	73.1	140.9	1009	OK
 120	     0	76.2	147.0	1028	OK
 121	     0	76.1	146.3	 991	OK
 122	     0	77.0	145.3	1023	OK
 123	     0	76.2	145.1	1003	OK
 124	     0	76.5	147.8	1010	OK
 125	     0	74.9	141.0	1025	OK
 126	     0	75.3	145.1	1013	OK
 127	     0	80.2	148.3	1006	OK
 128	     0	70.7	133.9	1043	OK
 129	     0	72.5	136.5	1024	OK
 130	     0	70.9	135.3	1019	OK
 131	     0	71.4	135.2	1020	OK
 132	     0	71.3	135.2	1004	OK
 133	     0	72.2	137.0	1024	OK
 134	     0	70.8	134.3	1011	OK
 135	     0	69.8	133.3	1004	OK
 136	     0	70.7	136.4	1006	OK
 137	     0	70.0	132.6	1029	OK
 138	     0	71.2	136.8	1021	OK
 139	     0	71.6	138.4	1019	OK
 140	     0	68.9	132.2	1012	OK
 141	     0	70.9	134.8	1020	OK
 142	     0	71.7	134.7	1023	OK
 143	     0	70.4	134.7	1014	OK
 144	     0	72.1	138.4	1028	OK
 145	     0	70.7	135.3	1005	OK
 146	     0	70.2	132.3	1034	OK
 147	     0	71.2	136.9	1011	OK
 148	     0	71.5	137.1	1002	OK
 149	     0	70.7	135.9	1016	OK
 150	     0	70.5	135.1	 983	OK
 151	     0	71.8	136.5	1025	OK
 152	     0	71.6	137.1	1013	OK
 153	     0	69.0	131.4	1043	OK
 154	     0	71.1	137.1	1003	OK
 155	     0	71.6	136.2	1013	OK
 156	     0	68.6	133.5	1034	OK
 157	     0	70.4	132.9	1036	OK
 158	     0	70.2	135.3	1025	OK
 159	     0	71.2	136.4	1033	OK
 160	     0	71.5	137.1	1036	OK
 161	     0	69.1	131.4	1023	OK
 162	     0	71.1	135.7	1026	OK
 163	     0	68.8	132.3	1007	OK
 164	     0	69.4	133.4	1043	OK
 165	     0	70.1	135.5	1020	OK
 166	     0	70.7	134.4	1045	OK
 167	     0	71.8	136.0	1036	OK
 168	     0	70.2	133.9	1039	OK
 169	     0	71.5	136.4	1003	OK
 170	     0	71.0	136.4	1026	OK
 171	     0	71.6	137.5	1031	OK
 172	     0	71.0	135.9	 990	OK
 173	     0	70.9	136.2	1039	OK
 174	     0	69.0	132.8	1034	OK
 175	     0	70.7	134.1	1046	OK
 176	     0	70.9	134.8	1020	OK
 177	     0	72.4	137.1	1040	OK
 178	     0	70.9	134.5	1027	OK
 179	     0	70.2	134.5	1032	OK
 180	     0	72.1	137.2	1026	OK
 181	     0	70.3	133.2	1045	OK
 182	     0	69.4	134.6	1024	OK
 183	     0	71.6	134.5	1017	OK
 184	     0	71.1	138.5	1002	OK
 185	     0	71.2	137.0	1040	OK
 186	     0	70.7	136.3	1033	OK
 187	     0	71.8	138.4	1026	OK
 188	     0	70.7	134.8	1046	OK
 189	     0	72.5	138.6	1021	OK
 190	     0	70.0	134.5	1034	OK
 191	     0	71.3	137.9	1002	OK
 192	     0	71.1	137.7	1002	OK
 193	     0	71.6	137.6	1053	OK
 194	     0	71.5	136.5	1014	OK
 195	     0	70.1	133.1	1013	OK
 196	     0	68.6	133.8	1030	OK
 197	     0	69.3	133.4	1018	OK
 198	     0	69.6	132.6	1031	OK
 199	     0	69.9	133.7	1022	OK
 200	     0	69.0	132.6	1025	OK
 201	     0	69.8	134.5	1006	OK
 202	     0	68.9	132.9	1040	OK
 203	     0	69.3	134.8	1019	OK
 204	     0	68.6	131.8	1025	OK
 205	     0	70.0	133.5	1042	OK
 206	     0	67.5	131.6	1026	OK
 207	     0	69.3	135.4	1017	OK
 208	     0	68.5	133.4	1023	OK
 209	     0	69.0	131.7	1037	OK
 210	     0	69.7	134.0	1031	OK
 211	     0	68.6	132.9	1021	OK
 212	     0	69.0	132.7	1032	OK
 213	     0	66.9	128.9	1032	OK
 214	     0	66.4	127.6	1019	OK
 215	     0	67.8	130.1	1011	OK
 216	     0	69.4	135.6	1004	OK
 217	     0	69.2	133.9	1042	OK
 218	     0	69.5	133.8	1012	OK
 219	     0	70.7	135.7	1020	OK
 220	     0	69.4	135.8	1011	OK
 221	     0	68.4	132.9	1012	OK
 222	     0	68.4	132.7	1009	OK
 223	     0	69.2	133.2	 989	OK
 224	     0	67.3	130.4	 994	OK
 225	     0	68.3	133.8	1019	OK
 226	     0	69.3	132.6	1024	OK
 227	     0	68.3	130.0	1006	OK
 228	     0	64.7	127.1	 987	OK
 229	     0	68.2	130.5	1016	OK
 230	     0	69.9	136.0	 992	OK
 231	     0	68.2	130.1	 997	OK
 232	     0	67.8	129.8	1034	OK
 233	     0	66.9	130.4	1000	OK
 234	     0	67.8	132.3	 982	OK
 235	     0	67.5	132.1	 983	OK
 236	     0	69.3	135.0	1004	OK
 237	     0	67.1	129.7	1002	OK
 238	     0	68.3	132.3	1013	OK
 239	     0	67.2	131.0	 986	OK
 240	     0	69.1	132.5	 998	OK
 241	     0	69.3	134.2	1021	OK
 242	     0	69.4	133.9	1011	OK
 243	     0	67.7	132.8	1002	OK
 244	     0	69.8	134.9	1040	OK
 245	     0	67.4	129.8	1031	OK
 246	     0	71.1	137.0	1015	OK
 247	     0	67.1	131.0	1016	OK
 248	     0	66.8	130.2	1011	OK
 249	     0	66.9	129.1	1025	OK
 250	 90000	20.4	121.3	3277	very low gain
 251	     0	69.7	134.6	1023	OK
 252	     0	68.8	133.8	1001	OK
 253	     0	68.3	132.7	1015	OK
 254	     0	69.7	133.3	1013	OK
 255	     0	70.2	136.6	1019	OK
 256	  4000	72.7	137.8	1175	high noise
 257	  4000	69.9	133.4	1175	high noise
 258	  4000	67.6	131.4	1175	high noise
 259	  4000	70.9	134.8	1142	high noise
 260	  4000	69.3	131.5	1163	high noise
 261	  4000	68.7	131.1	1165	high noise
 262	     0	67.6	129.7	1129	OK
 263	     0	69.8	133.9	1111	OK
 264	     0	67.4	129.7	1129	OK
 265	     0	69.4	132.0	1091	OK
 266	     0	69.6	134.1	1091	OK
 267	     0	68.9	131.8	1080	OK
 268	     0	68.1	131.2	1102	OK
 269	     0	68.1	130.1	1073	OK
 270	     0	67.4	131.1	1085	OK
 271	     0	68.8	132.2	1080	OK
 272	     0	68.0	131.5	1050	OK
 273	     0	69.2	132.6	1053	OK
 274	     0	68.5	131.2	1056	OK
 275	     0	70.8	136.8	1050	OK
 276	     0	69.0	132.6	1065	OK
 277	     0	68.9	133.3	1035	OK
 278	     0	67.4	127.7	1047	OK
 279	     0	71.3	138.1	1061	OK
 280	     0	68.0	131.2	1036	OK
 281	     0	68.5	129.9	1039	OK
 282	     0	68.9	132.6	1057	OK
 283	     0	69.9	134.2	1080	OK
 284	     0	69.5	133.5	1024	OK
 285	     0	68.9	131.2	1079	OK
 286	     0	67.4	130.3	1080	OK
 287	     0	69.4	132.0	1074	OK
 288	     0	68.3	131.4	1063	OK
 289	     0	68.7	131.0	1090	OK
 290	     0	69.6	131.9	1074	OK
 291	     0	70.8	135.1	1077	OK
 292	     0	68.1	131.7	1075	OK
 293	     0	70.1	133.9	1054	OK
 294	     0	68.4	130.1	1046	OK
 295	     0	67.9	132.8	1078	OK
 296	     0	70.6	136.1	1057	OK
 297	     0	67.6	131.1	1071	OK
 298	     0	69.0	132.3	1037	OK
 299	     0	70.4	134.4	1060	OK
 300	     0	69.6	131.5	1076	OK
 301	     0	70.5	134.8	1068	OK
 302	     0	69.1	132.0	1059	OK
 303	     0	69.1	132.3	1064	OK
 304	     0	67.5	130.6	1058	OK
 305	     0	70.3	133.8	1062	OK
 306	     0	69.0	133.8	1070	OK
 307	     0	70.1	134.3	1051	OK
 308	     0	65.9	125.4	1066	OK
 309	     0	67.6	130.3	1026	OK
 310	     0	68.2	130.9	1077	OK
 311	     0	70.2	133.5	1069	OK
 312	     0	68.8	132.6	1054	OK
 313	     0	70.0	134.4	1060	OK
 314	     0	70.1	136.2	1044	OK
 315	     0	70.9	136.2	1032	OK
 316	     0	71.9	137.7	1025	OK
 317	     0	71.3	136.6	1048	OK
 318	     0	70.8	136.0	1052	OK
 319	     0	71.8	136.1	1027	OK
 320	     0	70.0	132.3	1039	OK
 321	     0	68.8	133.2	1034	OK
 322	     0	66.2	128.2	1053	OK
 323	     0	68.7	131.8	1030	OK
 324	     0	67.4	131.8	1046	OK
 325	     0	67.6	131.6	1007	OK
 326	     0	66.0	126.2	1051	OK
 327	     0	70.1	134.5	1034	OK
 328	     0	68.8	132.5	1043	OK
 329	     0	68.3	132.6	1008	OK
 330	     0	68.3	131.4	1014	OK
 331	     0	66.2	127.1	1037	OK
 332	     0	68.0	131.4	1038	OK
 333	     0	69.2	132.0	1040	OK
 334	     0	68.0	132.3	1038	OK
 335	     0	66.6	126.4	1030	OK
 336	     0	67.3	129.2	1012	OK
 337	     0	67.3	128.4	1022	OK
 338	     0	67.9	133.0	1029	OK
 339	     0	68.4	129.5	1048	OK
 340	     0	67.7	130.0	1038	OK
 341	     0	68.8	130.7	1040	OK
 342	     0	67.1	130.8	1038	OK
 343	     0	68.0	129.3	1020	OK
 344	     0	66.7	129.9	1023	OK
 345	     0	68.9	133.0	1029	OK
 346	     0	68.6	132.9	1045	OK
 347	     0	68.5	132.1	1044	OK
 348	     0	70.2	135.0	1030	OK
 349	     0	68.8	133.8	1045	OK
 350	     0	66.4	128.3	1022	OK
 351	     0	69.7	131.1	1029	OK
 352	     0	68.3	130.7	1033	OK
 353	     0	69.1	132.4	1034	OK
 354	     0	67.0	128.2	1009	OK
 355	     0	68.5	131.3	1037	OK
 356	     0	70.2	132.5	1021	OK
 357	     0	69.8	132.9	1027	OK
 358	     0	67.2	128.0	1007	OK
 359	     0	67.3	130.8	1032	OK
 360	     0	70.0	131.5	1009	OK
 361	     0	67.3	131.1	1036	OK
 362	     0	68.4	129.5	1011	OK
 363	     0	71.7	135.5	1029	OK
 364	     0	69.5	132.0	1032	OK
 365	     0	68.3	131.8	1019	OK
 366	     0	69.1	132.3	1002	OK
 367	     0	68.9	132.8	1012	OK
 368	     0	68.1	131.6	1025	OK
 369	     0	66.9	129.4	1015	OK
 370	     0	69.4	132.5	1034	OK
 371	     0	69.0	133.0	1053	OK
 372	     0	68.0	131.1	1015	OK
 373	     0	69.7	132.1	1026	OK
 374	     0	68.6	133.5	1026	OK
 375	     0	70.2	134.6	1014	OK
 376	     0	66.3	127.3	1020	OK
 377	     0	66.0	127.4	1014	OK
 378	     0	66.7	127.0	1023	OK
 379	     0	67.3	129.5	1019	OK
 380	     0	69.8	133.5	1021	OK
 381	     0	69.2	134.2	1029	OK
 382	     0	71.8	135.0	1036	OK
 383	     0	69.0	130.7	 989	OK
 384	     0	72.2	134.7	1276	OK
 385	     0	71.3	133.8	1295	OK
 386	     0	70.8	132.1	1305	OK
 387	     0	70.7	133.9	1302	OK
 388	     0	69.3	130.0	1328	OK
 389	     0	70.7	135.0	1381	OK
 390	     0	69.0	130.8	1400	OK
 391	     0	71.7	137.0	1397	OK
 392	     0	70.6	132.9	1393	OK
 393	     0	69.7	133.3	1399	OK
 394	     0	71.7	136.9	1410	OK
 395	     0	68.8	130.4	1421	OK
 396	     0	70.3	132.5	1447	OK
 397	     0	69.4	131.8	1488	OK
 398	     0	68.9	129.6	1506	OK
 399	     0	69.6	131.5	1532	OK
 400	     0	67.6	128.4	1552	OK
 401	     0	69.9	131.5	1525	OK
 402	     0	70.3	129.5	1540	OK
 403	     0	70.4	132.6	1516	OK
 404	     0	67.4	126.9	1473	OK
 405	     0	68.4	127.9	1424	OK
 406	     0	69.8	129.9	1420	OK
 407	     0	69.5	132.8	1406	OK
 408	     0	66.7	125.0	1440	OK
 409	     0	68.0	128.3	1434	OK
 410	     0	69.8	132.2	1408	OK
 411	     0	68.0	130.5	1420	OK
 412	     0	70.8	134.1	1423	OK
 413	     0	72.2	135.6	1342	OK
 414	     0	68.4	128.7	1301	OK
 415	     0	70.4	130.9	1219	OK
 416	     0	69.6	132.0	1200	OK
 417	     0	69.0	130.9	1175	OK
 418	     0	69.0	132.4	1133	OK
 419	     0	70.8	134.4	1140	OK
 420	     0	69.2	129.7	1140	OK
 421	     0	70.5	132.3	1106	OK
 422	     0	66.9	126.8	1082	OK
 423	     0	70.0	132.7	1100	OK
 424	     0	70.1	134.0	1089	OK
 425	     0	71.3	132.6	1110	OK
 426	     0	69.9	133.3	1098	OK
 427	     0	69.7	132.4	1108	OK
 428	     0	70.0	134.8	1077	OK
 429	     0	69.6	132.1	1089	OK
 430	     0	69.6	133.2	1097	OK
 431	     0	70.3	133.8	1094	OK
 432	     0	68.9	131.2	1125	OK
 433	     0	71.0	135.3	1109	OK
 434	     0	71.1	136.9	1128	OK
 435	     0	71.0	133.5	1154	OK
 436	     0	69.6	130.5	1140	OK
 437	     0	69.2	134.6	1158	OK
 438	     0	70.6	134.7	1156	OK
 439	     0	71.0	134.4	1112	OK
 440	     0	71.0	133.2	1142	OK
 441	     0	70.2	135.0	1144	OK
 442	     0	71.6	136.9	1138	OK
 443	     0	69.4	133.5	1142	OK
 444	     0	72.6	136.8	1136	OK
 445	     0	73.9	142.1	1145	OK
 446	     0	72.5	137.2	1163	OK
 447	     0	72.0	138.0	1145	OK
 448	     0	73.4	138.5	1131	OK
 449	     0	70.4	133.6	1149	OK
 450	     0	69.4	133.5	1169	OK
 451	     0	68.5	129.7	1185	OK
 452	     0	70.5	132.9	1200	OK
 453	     0	69.1	132.0	1180	OK
 454	     0	67.2	129.5	1192	OK
 455	     0	68.1	133.7	1195	OK
 456	     0	70.3	133.4	1218	OK
 457	     0	68.4	132.7	1189	OK
 458	     0	67.2	127.0	1188	OK
 459	     0	67.7	130.3	1216	OK
 460	     0	67.9	130.5	1214	OK
 461	     0	69.3	133.4	1223	OK
 462	     0	67.2	128.0	1256	OK
 463	     0	68.5	131.8	1242	OK
 464	     0	69.2	134.3	1275	OK
 465	     0	66.2	127.4	1255	OK
 466	     0	68.2	130.0	1306	OK
 467	     0	68.1	132.1	1310	OK
 468	     0	67.4	131.1	1328	OK
 469	     0	67.8	129.5	1274	OK
 470	     0	67.9	128.9	1278	OK
 471	     0	68.8	135.2	1292	OK
 472	     0	68.0	131.9	1271	OK
 473	     0	70.9	135.2	1258	OK
 474	     0	67.7	130.5	1267	OK
 475	     0	68.1	131.1	1267	OK
 476	     0	68.7	132.4	1272	OK
 477	     0	68.7	131.6	1260	OK
 478	     0	69.0	133.2	1266	OK
 479	     0	67.5	130.2	1296	OK
 480	     0	69.7	132.9	1319	OK
 481	     0	66.9	130.3	1350	OK
 482	     0	66.4	129.5	1431	OK
 483	     0	66.5	129.6	1452	OK
 484	     0	68.4	132.9	1518	OK
 485	     0	67.8	133.7	1533	OK
 486	     0	68.2	135.0	1524	OK
 487	     0	67.1	127.6	1553	OK
 488	     0	69.0	134.3	1537	OK
 489	     0	68.7	134.8	1523	OK
 490	     0	67.0	131.0	1529	OK
 491	     0	68.7	139.7	1517	OK
 492	     0	67.1	131.7	1537	OK
 493	     0	68.0	133.6	1514	OK
 494	     0	68.3	134.8	1482	OK
 495	     0	67.3	132.6	1474	OK
 496	     0	68.3	133.4	1496	OK
 497	     0	66.6	130.9	1472	OK
 498	     0	70.0	136.3	1439	OK
 499	     0	69.4	133.8	1421	OK
 500	     0	67.9	133.2	1404	OK
 501	     0	68.2	132.4	1376	OK
 502	     0	65.5	126.2	1348	OK
 503	     0	67.9	131.7	1331	OK
 504	     0	68.4	132.8	1311	OK
 505	     0	68.6	129.7	1258	OK
 506	     0	65.5	126.8	1271	OK
 507	     0	69.6	135.3	1226	OK
 508	     0	67.4	127.6	1234	OK
 509	     0	66.9	130.4	1190	OK
 510	     0	68.0	129.8	1224	OK
 511	     0	69.1	133.0	1202	OK
 512	     0	74.1	138.5	1050	OK
 513	     0	76.5	144.6	1020	OK
 514	     0	76.3	142.9	1031	OK
 515	     0	74.0	139.2	1008	OK
 516	     0	73.1	139.3	1021	OK
 517	     0	73.8	142.1	1009	OK
 518	     0	74.4	139.4	1024	OK
 519	     0	72.5	136.1	1034	OK
 520	     0	73.9	138.4	1014	OK
 521	     0	73.8	139.2	1011	OK
 522	     0	73.3	137.4	1040	OK
 523	     0	74.6	139.1	1021	OK
 524	     0	73.0	138.2	1026	OK
 525	     0	73.4	138.6	1043	OK
 526	     0	72.9	136.9	1021	OK
 527	     0	73.0	137.9	1015	OK
 528	     0	73.0	139.6	1045	OK
 529	     0	75.9	143.9	1018	OK
 530	     0	73.3	138.9	1027	OK
 531	     0	73.8	136.9	1012	OK
 532	     0	72.4	136.3	1032	OK
 533	     0	75.5	143.5	1007	OK
 534	     0	75.0	141.5	1022	OK
 535	     0	74.1	139.5	1011	OK
 536	     0	74.6	142.7	1005	OK
 537	     0	76.4	141.7	1037	OK
 538	     0	72.8	136.4	1022	OK
 539	     0	73.0	139.1	1008	OK
 540	     0	72.7	137.5	1005	OK
 541	     0	73.3	139.7	 992	OK
 542	     0	74.0	139.6	1011	OK
 543	     0	74.4	140.3	1022	OK
 544	     0	72.5	138.1	1022	OK
 545	     0	72.6	138.5	1007	OK
 546	     0	71.9	135.6	1003	OK
 547	     0	74.7	141.0	 998	OK
 548	     0	72.2	138.3	1022	OK
 549	     0	74.2	141.4	1032	OK
 550	     0	74.0	140.0	1021	OK
 551	     0	72.7	139.0	1029	OK
 552	     0	73.3	137.6	1029	OK
 553	     0	72.6	136.3	1006	OK
 554	     0	73.3	139.2	1008	OK
 555	     0	74.3	139.8	1022	OK
 556	     0	75.4	143.5	1021	OK
 557	     0	73.1	137.6	1023	OK
 558	     0	73.6	138.8	1012	OK
 559	     0	72.2	135.5	1007	OK
 560	     0	72.5	137.9	 991	OK
 561	     0	73.7	139.8	 987	OK
 562	     0	74.4	138.3	 999	OK
 563	     0	75.0	141.2	1012	OK
 564	     0	72.0	137.3	1007	OK
 565	     0	73.6	139.6	 978	OK
 566	     0	73.6	141.0	1004	OK
 567	     0	74.5	140.4	1029	OK
 568	     0	74.9	141.1	1017	OK
 569	     0	73.3	138.6	1027	OK
 570	     0	76.0	144.8	1014	OK
 571	     0	75.6	142.1	1018	OK
 572	     0	74.2	139.5	1019	OK
 573	     0	76.9	145.1	1007	OK
 574	     0	76.8	145.4	1023	OK
 575	     0	77.7	147.0	1022	OK
 576	     0	76.5	142.2	1012	OK
 577	     0	77.1	145.5	 979	OK
 578	     0	75.2	141.3	1024	OK
 579	     0	76.0	145.7	 994	OK
 580	     0	74.3	141.7	1009	OK
 581	     0	75.0	141.4	1028	OK
 582	     0	73.0	139.1	1008	OK
 583	     0	75.8	144.2	1034	OK
 584	     0	73.8	140.7	1060	OK
 585	     0	72.1	136.1	1063	OK
 586	     0	74.0	140.1	1072	OK
 587	     0	72.8	137.3	1078	OK
 588	     0	71.2	134.7	1119	OK
 589	     0	72.5	136.2	1098	OK
 590	  4000	75.5	141.7	1129	high noise
 591	  4000	70.4	131.9	1130	high noise
 592	  4000	74.9	141.7	1142	high noise
 593	  4000	72.6	136.0	1129	high noise
 594	  4000	71.6	136.6	1138	high noise
 595	  4000	72.1	136.3	1149	high noise
 596	  4000	73.9	136.7	1159	high noise
 597	  4000	72.3	135.8	1143	high noise
 598	  4000	74.3	139.0	1149	high noise
 599	  4000	72.7	137.0	1164	high noise
 600	  4000	74.5	146.9	1144	high noise
 601	     0	72.5	139.4	1122	OK
 602	     0	73.9	138.7	1097	OK
 603	     0	71.8	136.0	1069	OK
 604	     0	73.9	140.8	1041	OK
 605	     0	73.3	137.1	1021	OK
 606	     0	74.3	140.1	1013	OK
 607	     0	74.2	140.1	1025	OK
 608	     0	74.8	141.6	1014	OK
 609	     0	72.6	140.3	1030	OK
 610	     0	76.5	143.6	1042	OK
 611	     0	74.2	138.9	1050	OK
 612	     0	72.4	136.2	1041	OK
 613	     0	73.4	139.9	1051	OK
 614	     0	73.7	141.7	1076	OK
 615	     0	73.1	137.9	1088	OK
 616	     0	73.9	139.3	1074	OK
 617	     0	74.0	137.2	1106	OK
 618	     0	73.4	138.7	1101	OK
 619	     0	72.6	136.8	1111	OK
 620	     0	73.5	136.8	1100	OK
 621	     0	74.6	138.1	1100	OK
 622	     0	75.9	142.1	1100	OK
 623	     0	72.6	136.3	1109	OK
 624	     0	73.6	141.8	1110	OK
 625	     0	72.8	135.8	1106	OK
 626	     0	74.0	141.4	1094	OK
 627	     0	73.1	136.5	1113	OK
 628	     0	71.4	131.7	1121	OK
 629	  4000	75.1	141.5	1134	high noise
 630	  4000	74.9	139.0	1135	high noise
 631	  4000	73.3	138.2	1127	high noise
 632	  4000	73.4	137.3	1163	high noise
 633	  4000	74.2	140.8	1168	high noise
 634	  4000	73.5	137.2	1180	high noise
 635	  4000	75.9	141.2	1165	high noise
 636	  4000	74.0	137.8	1200	high noise
 637	  4000	76.1	142.8	1181	high noise
 638	  4000	75.8	140.0	1182	high noise
 639	  4000	74.4	139.9	1198	high noise
 640	     0	72.7	136.8	1050	OK
 641	     0	72.9	137.9	1017	OK
 642	     0	72.6	137.5	1054	OK
 643	     0	73.6	139.7	1051	OK
 644	     0	73.5	140.1	1038	OK
 645	     0	74.7	140.8	1029	OK
 646	     0	72.4	136.8	1058	OK
 647	     0	72.8	138.9	1007	OK
 648	     0	68.7	130.3	1035	OK
 649	     0	72.4	135.3	1036	OK
 650	     0	72.2	138.1	1021	OK
 651	     0	72.4	135.9	1030	OK
 652	     0	72.3	138.0	1053	OK
 653	     0	72.9	138.8	 997	OK
 654	     0	72.3	138.5	1025	OK
 655	     0	73.3	139.2	1022	OK
 656	     0	70.5	135.1	1040	OK
 657	     0	70.5	135.6	1010	OK
 658	     0	72.1	137.1	1035	OK
 659	     0	71.6	137.1	1023	OK
 660	     0	73.0	139.1	1021	OK
 661	     0	73.0	138.6	1008	OK
 662	     0	69.7	133.6	1012	OK
 663	     0	69.0	133.4	1039	OK
 664	     0	69.0	131.9	1046	OK
 665	     0	71.1	135.1	1048	OK
 666	     0	72.2	137.7	1015	OK
 667	     0	71.1	136.2	1026	OK
 668	     0	72.9	135.7	1031	OK
 669	     0	71.6	136.9	1037	OK
 670	     0	70.9	133.9	1042	OK
 671	     0	71.7	138.1	1006	OK
 672	     0	68.2	132.1	1030	OK
 673	     0	71.4	135.0	1022	OK
 674	     0	70.9	136.2	1028	OK
 675	     0	73.1	137.4	1021	OK
 676	     0	71.6	135.4	1034	OK
 677	     0	71.1	137.0	1025	OK
 678	     0	70.5	134.8	1026	OK
 679	     0	74.0	138.7	1029	OK
 680	     0	72.7	137.7	1045	OK
 681	     0	72.2	136.0	1035	OK
 682	     0	72.9	139.0	1038	OK
 683	     0	71.7	137.4	1034	OK
 684	     0	71.9	137.0	1051	OK
 685	     0	72.2	135.9	1036	OK
 686	     0	70.6	136.8	1040	OK
 687	     0	70.1	132.9	1028	OK
 688	     0	70.0	132.7	1040	OK
 689	     0	69.1	130.9	1045	OK
 690	     0	71.2	134.7	1029	OK
 691	     0	71.6	135.9	1054	OK
 692	     0	70.4	135.0	1032	OK
 693	     0	72.0	136.4	1056	OK
 694	     0	70.2	134.5	1046	OK
 695	     0	70.8	135.5	1055	OK
 696	     0	71.3	136.8	1043	OK
 697	     0	71.3	134.4	1021	OK
 698	     0	71.0	134.8	1031	OK
 699	     0	71.2	136.9	1043	OK
 700	     0	72.4	137.9	1051	OK
 701	     0	73.1	139.3	1056	OK
 702	     0	74.0	141.2	1019	OK
 703	     0	70.7	134.6	1042	OK
 704	     0	71.2	138.0	1057	OK
 705	     0	71.9	138.5	1058	OK
 706	     0	72.4	139.8	1048	OK
 707	     0	72.0	138.0	1054	OK
 708	     0	71.2	135.6	1055	OK
 709	     0	70.7	134.6	1027	OK
 710	     0	71.5	135.3	1027	OK
 711	     0	72.4	136.5	1036	OK
 712	     0	69.0	132.1	1040	OK
 713	     0	71.2	135.0	1065	OK
 714	     0	71.5	134.5	1033	OK
 715	     0	71.2	134.0	1051	OK
 716	     0	73.4	138.2	1059	OK
 717	     0	71.6	137.2	1016	OK
 718	     0	71.4	135.6	1056	OK
 719	     0	69.2	132.8	1048	OK
 720	     0	72.4	138.3	1033	OK
 721	     0	70.4	135.3	1031	OK
 722	     0	70.4	133.8	1042	OK
 723	     0	69.8	130.9	1053	OK
 724	     0	68.9	131.0	1019	OK
 725	     0	70.8	135.6	1007	OK
 726	     0	69.8	131.3	1051	OK
 727	     0	70.3	133.1	1035	OK
 728	     0	69.3	131.0	1027	OK
 729	     0	69.2	131.2	1028	OK
 730	     0	68.8	131.0	1056	OK
 731	     0	70.7	134.7	1037	OK
 732	     0	71.1	135.0	1040	OK
 733	     0	73.3	141.7	1020	OK
 734	     0	69.1	132.4	 999	OK
 735	     0	70.2	134.7	1043	OK
 736	     0	72.1	139.1	1028	OK
 737	     0	71.6	134.3	1019	OK
 738	     0	70.7	133.6	1026	OK
 739	     0	72.3	137.2	1023	OK
 740	     0	68.4	131.2	 995	OK
 741	     0	73.2	136.9	1057	OK
 742	     0	69.6	131.8	1038	OK
 743	     0	71.6	134.6	1025	OK
 744	     0	69.8	131.3	1043	OK
 745	     0	72.1	137.5	1046	OK
 746	     0	70.7	133.9	1019	OK
 747	     0	72.5	138.3	1038	OK
 748	     0	72.3	138.4	1037	OK
 749	     0	71.7	135.9	1041	OK
 750	     0	72.8	138.3	1036	OK
 751	     0	71.6	136.0	1021	OK
 752	     0	71.8	137.3	1038	OK
 753	     0	70.0	133.5	1034	OK
 754	     0	70.2	132.3	1037	OK
 755	     0	70.7	133.8	1044	OK
 756	     0	70.0	133.6	1043	OK
 757	     0	70.0	133.6	1033	OK
 758	     0	69.0	130.6	1023	OK
 759	     0	70.4	137.0	1056	OK
 760	     0	69.1	132.2	1041	OK
 761	     0	70.9	135.9	1044	OK
 762	     0	72.9	138.5	1046	OK
 763	     0	72.6	136.5	1048	OK
 764	     0	72.4	137.5	1061	OK
 765	     0	70.6	135.7	1071	OK
 766	     0	72.0	137.0	1064	OK
 767	     0	70.9	135.6	1076	OK
 768	     0	77.8	146.6	1028	OK
 769	     0	77.7	147.7	1021	OK
 770	     0	75.4	144.1	1011	OK
 771	     0	77.3	146.1	1024	OK
 772	     0	76.3	143.0	1017	OK
 773	     0	76.7	144.3	1022	OK
 774	     0	75.5	143.7	1025	OK
 775	     0	75.0	142.6	1027	OK
 776	     0	75.0	140.4	1041	OK
 777	     0	75.8	141.8	1043	OK
 778	     0	75.0	138.1	1028	OK
 779	     0	73.8	141.6	1014	OK
 780	     0	76.6	145.6	1028	OK
 781	     0	76.8	145.9	1023	OK
 782	     0	74.3	141.6	1028	OK
 783	     0	74.2	140.0	1019	OK
 784	     0	75.8	144.1	1043	OK
 785	     0	77.1	142.9	1027	OK
 786	     0	77.4	145.8	1025	OK
 787	     0	76.3	142.5	1035	OK
 788	     0	76.3	143.2	1017	OK
 789	     0	74.4	139.2	1025	OK
 790	     0	76.2	144.4	1024	OK
 791	     0	74.3	140.3	1042	OK
 792	     0	77.2	144.9	1039	OK
 793	     0	77.2	142.2	1023	OK
 794	     0	75.1	143.7	1024	OK
 795	     0	73.9	141.3	1014	OK
 796	     0	72.9	139.8	1036	OK
 797	     0	75.2	143.1	1028	OK
 798	     0	77.1	146.1	1055	OK
 799	     0	77.5	145.8	1036	OK
 800	     0	71.7	135.0	1038	OK
 801	     0	77.5	146.8	1029	OK
 802	     0	74.9	143.1	1037	OK
 803	     0	74.7	142.5	1070	OK
 804	     0	76.4	145.3	1048	OK
 805	     0	75.0	142.3	1035	OK
 806	     0	75.8	143.2	1048	OK
 807	     0	72.9	139.9	1028	OK
 808	     0	75.2	142.3	1048	OK
 809	     0	74.7	141.4	1040	OK
 810	     0	73.1	139.0	1043	OK
 811	     0	74.7	140.2	1056	OK
 812	     0	76.5	144.7	1035	OK
 813	     0	76.7	141.9	1049	OK
 814	     0	75.6	144.9	1021	OK
 815	     0	74.4	140.9	1022	OK
 816	     0	73.1	139.8	1054	OK
 817	     0	73.9	139.8	1034	OK
 818	     0	76.2	142.9	1048	OK
 819	     0	75.3	141.9	1057	OK
 820	     0	74.8	139.9	1066	OK
 821	     0	73.9	141.5	1064	OK
 822	     0	73.6	139.4	1052	OK
 823	     0	74.9	141.7	1042	OK
 824	     0	75.2	140.1	1016	OK
 825	     0	75.4	142.1	1029	OK
 826	     0	77.7	147.5	1036	OK
 827	     0	77.0	145.3	1039	OK
 828	     0	77.8	149.1	1055	OK
 829	     0	80.6	149.4	1057	OK
 830	     0	81.4	152.5	1050	OK
 831	     0	77.9	146.0	1046	OK
 832	     0	75.4	144.3	1025	OK
 833	     0	77.4	146.2	1037	OK
 834	     0	77.9	147.8	1015	OK
 835	     0	78.3	149.5	1044	OK
 836	     0	77.3	147.0	1031	OK
 837	     0	73.8	142.3	1013	OK
 838	     0	76.7	145.7	1045	OK
 839	     0	73.7	139.9	1026	OK
 840	     0	75.7	143.7	1033	OK
 841	     0	77.9	145.4	1035	OK
 842	     0	73.5	138.8	1026	OK
 843	     0	76.3	143.6	1018	OK
 844	     0	75.9	145.5	1020	OK
 845	     0	74.0	138.7	1028	OK
 846	     0	75.9	142.7	1029	OK
 847	     0	76.4	146.1	 999	OK
 848	     0	75.6	142.9	1009	OK
 849	     0	75.6	143.6	1024	OK
 850	     0	74.9	141.4	1033	OK
 851	     0	76.5	145.0	1019	OK
 852	     0	75.8	142.3	1030	OK
 853	     0	74.9	142.1	1032	OK
 854	     0	76.0	143.1	1010	OK
 855	     0	75.8	143.7	1040	OK
 856	     0	76.1	144.5	1004	OK
 857	     0	76.1	144.0	1039	OK
 858	     0	74.6	141.0	1029	OK
 859	     0	74.7	142.9	1025	OK
 860	     0	76.2	145.1	1020	OK
 861	     0	75.6	144.3	1038	OK
 862	     0	76.3	142.2	1044	OK
 863	     0	76.0	143.8	1025	OK
 864	     0	75.6	142.3	1039	OK
 865	     0	76.4	143.7	1013	OK
 866	     0	76.7	144.1	1022	OK
 867	     0	76.4	144.9	1021	OK
 868	     0	76.9	145.2	1007	OK
 869	     0	75.4	143.0	1017	OK
 870	     0	75.5	141.8	1016	OK
 871	     0	75.6	142.9	1016	OK
 872	     0	74.5	141.5	1017	OK
 873	     0	78.6	147.0	1019	OK
 874	     0	77.8	147.4	 987	OK
 875	     0	74.1	141.6	1026	OK
 876	     0	73.5	140.7	1018	OK
 877	     0	76.0	144.5	 999	OK
 878	     0	76.6	144.6	1023	OK
 879	     0	75.0	142.0	 995	OK
 880	     0	76.1	144.0	1025	OK
 881	     0	73.9	140.7	 987	OK
 882	     0	75.5	144.4	 987	OK
 883	     0	75.7	145.1	1009	OK
 884	     0	76.1	146.8	1003	OK
 885	     0	75.4	142.4	 990	OK
 886	     0	75.8	143.4	1007	OK
 887	     0	77.4	144.4	1004	OK
 888	     0	76.8	145.1	1011	OK
 889	     0	76.2	142.8	1024	OK
 890	     0	77.6	148.1	1006	OK
 891	     0	74.6	141.3	 986	OK
 892	     0	75.3	141.4	 998	OK
 893	     0	78.0	147.8	1005	OK
 894	     0	77.3	144.0	1007	OK
 895	     0	77.0	145.4	1015	OK
 896	     0	76.6	144.2	1041	OK
 897	     0	78.4	147.7	1034	OK
 898	     0	75.7	143.5	1005	OK
 899	     0	74.5	141.7	1010	OK
 900	     0	73.6	139.1	1016	OK
 901	     0	74.4	140.9	1016	OK
 902	     0	71.7	135.5	1046	OK
 903	     0	75.6	141.2	1038	OK
 904	     0	71.6	136.0	1037	OK
 905	     0	72.2	135.0	1015	OK
 906	     0	73.1	138.2	1016	OK
 907	     0	71.7	136.1	1035	OK
 908	     0	72.0	135.1	1050	OK
 909	     0	72.0	137.7	1018	OK
 910	     0	73.7	139.2	1013	OK
 911	     0	71.6	136.8	1029	OK
 912	     0	74.5	141.5	1012	OK
 913	     0	73.5	139.8	1023	OK
 914	     0	71.3	135.6	1008	OK
 915	     0	71.7	134.5	1031	OK
 916	     0	69.6	132.1	1025	OK
 917	     0	71.2	133.0	1031	OK
 918	     0	71.8	135.3	1034	OK
 919	     0	72.4	135.9	1022	OK
 920	     0	74.5	141.1	1017	OK
 921	     0	70.8	133.9	1029	OK
 922	     0	71.6	135.2	1032	OK
 923	     0	76.2	142.4	1021	OK
 924	     0	73.9	138.9	1029	OK
 925	     0	73.8	138.9	1013	OK
 926	     0	73.8	138.5	1017	OK
 927	     0	71.3	134.2	1004	OK
 928	     0	73.2	140.4	1019	OK
 929	     0	73.9	139.5	1036	OK
 930	     0	72.4	138.1	1005	OK
 931	     0	74.0	138.5	1020	OK
 932	     0	73.6	139.7	1001	OK
 933	     0	75.9	142.2	1007	OK
 934	     0	72.3	135.1	1018	OK
 935	     0	72.0	137.4	1022	OK
 936	     0	72.9	137.1	1013	OK
 937	     0	73.6	140.7	1001	OK
 938	     0	73.0	140.0	1014	OK
 939	     0	72.7	137.7	1005	OK
 940	     0	72.9	139.7	1025	OK
 941	     0	72.7	137.9	1013	OK
 942	     0	71.6	135.2	1023	OK
 943	     0	72.6	138.8	1002	OK
 944	     0	73.9	139.4	1046	OK
 945	     0	71.4	132.6	1046	OK
 946	     0	75.8	145.8	1060	OK
 947	     0	72.8	135.9	1024	OK
 948	     0	72.1	135.1	1008	OK
 949	     0	74.1	141.3	1000	OK
 950	     0	71.6	135.6	1009	OK
 951	     0	71.2	134.6	1021	OK
 952	     0	73.0	138.4	1017	OK
 953	     0	73.9	138.6	1023	OK
 954	     0	73.1	140.3	1024	OK
 955	     0	73.0	136.6	1028	OK
 956	     0	74.4	140.8	1017	OK
 957	     0	73.6	142.0	1017	OK
 958	     0	75.0	140.9	1036	OK
 959	     0	74.6	140.9	1035	OK
 960	     0	76.6	144.4	1020	OK
 961	     0	75.9	144.3	1002	OK
 962	     0	74.8	141.1	 987	OK
 963	     0	73.6	139.4	1007	OK
 964	     0	72.9	135.6	1006	OK
 965	     0	74.8	140.5	 989	OK
 966	     0	72.6	135.9	 997	OK
 967	     0	71.0	136.7	1017	OK
 968	     0	68.9	130.6	1005	OK
 969	     0	71.1	134.4	1024	OK
 970	     0	72.2	136.3	1006	OK
 971	     0	72.0	138.5	 990	OK
 972	     0	71.0	136.3	 989	OK
 973	     0	71.6	135.5	1002	OK
 974	     0	71.0	135.7	1011	OK
 975	     0	72.5	136.6	1002	OK
 976	     0	71.3	135.0	1006	OK
 977	     0	71.8	134.1	1013	OK
 978	     0	70.5	134.2	 997	OK
 979	     0	70.7	132.7	 999	OK
 980	     0	72.0	135.7	 999	OK
 981	     0	72.3	134.8	1012	OK
 982	     0	71.1	134.0	1013	OK
 983	     0	72.8	139.3	 993	OK
 984	     0	70.5	135.5	1020	OK
 985	     0	72.0	137.7	 997	OK
 986	     0	71.3	135.0	1017	OK
 987	     0	72.4	135.4	 989	OK
 988	     0	72.4	137.4	 987	OK
 989	     0	72.6	137.5	1002	OK
 990	     0	70.6	133.1	1033	OK
 991	     0	72.0	135.3	 991	OK
 992	     0	70.6	136.0	 998	OK
 993	     0	71.6	135.1	 997	OK
 994	     0	69.1	132.5	1006	OK
 995	     0	71.6	136.0	 969	OK
 996	     0	72.2	135.8	 997	OK
 997	     0	72.4	134.1	 995	OK
 998	     0	70.3	134.2	 986	OK
 999	     0	72.6	136.7	 980	OK
1000	     0	71.8	137.3	 996	OK
1001	     0	71.8	133.8	1002	OK
1002	     0	73.2	138.4	 995	OK
1003	     0	71.7	136.2	 992	OK
1004	     0	71.6	136.2	1000	OK
1005	     0	70.7	134.9	1001	OK
1006	     0	69.3	131.0	 997	OK
1007	     0	73.3	137.5	 993	OK
1008	     0	71.7	135.4	1010	OK
1009	     0	71.8	134.6	 987	OK
1010	     0	71.5	134.8	 999	OK
1011	     0	71.7	135.2	1011	OK
1012	     0	72.4	137.3	1017	OK
1013	     0	73.7	140.7	1020	OK
1014	     0	72.3	135.1	1011	OK
1015	     0	73.0	139.0	 997	OK
1016	     0	71.2	135.5	 994	OK
1017	     0	72.7	139.9	1010	OK
1018	     0	73.7	140.0	1032	OK
1019	     0	74.4	139.8	1010	OK
1020	     0	73.2	139.9	1015	OK
1021	     0	73.4	138.6	1025	OK
1022	     0	75.6	141.1	1012	OK
1023	     0	73.4	139.2	1023	OK
1024	   200	80.9	150.7	 987	high gain
1025	     0	77.2	145.9	1017	OK
1026	     0	76.1	145.3	1007	OK
1027	     0	75.1	144.4	 999	OK
1028	     0	74.6	142.9	1009	OK
1029	     0	75.2	145.8	1015	OK
1030	     0	73.4	140.0	 998	OK
1031	     0	72.8	137.6	1001	OK
1032	     0	71.5	138.2	1003	OK
1033	     0	74.0	139.0	1017	OK
1034	     0	71.2	135.8	1009	OK
1035	     0	72.7	139.3	1003	OK
1036	     0	71.7	134.7	 998	OK
1037	     0	72.0	137.0	1024	OK
1038	     0	73.7	140.9	1017	OK
1039	     0	72.5	139.1	1021	OK
1040	     0	73.7	140.8	1033	OK
1041	     0	72.4	137.6	1015	OK
1042	     0	70.4	135.0	1038	OK
1043	     0	72.5	136.9	1037	OK
1044	     0	72.1	140.1	1035	OK
1045	     0	73.1	137.4	1030	OK
1046	     0	73.3	137.7	1021	OK
1047	     0	71.3	137.6	1039	OK
1048	     0	70.4	133.8	1030	OK
1049	     0	71.4	136.6	1050	OK
1050	     0	71.8	136.8	1037	OK
1051	     0	73.0	140.3	1042	OK
1052	     0	71.4	136.0	1043	OK
1053	     0	72.1	137.2	1035	OK
1054	     0	71.9	138.7	1053	OK
1055	     0	72.9	136.9	1052	OK
1056	     0	73.0	137.6	1047	OK
1057	     0	73.2	138.2	1032	OK
1058	     0	71.9	136.5	1048	OK
1059	     0	73.8	138.6	1047	OK
1060	     0	71.4	136.6	1047	OK
1061	     0	71.2	133.4	1055	OK
1062	     0	71.7	136.4	1015	OK
1063	     0	73.7	140.0	1054	OK
1064	     0	73.5	138.8	1063	OK
1065	     0	73.4	137.2	1064	OK
1066	     0	73.6	140.5	1044	OK
1067	     0	73.0	137.2	1064	OK
1068	     0	71.7	137.9	1047	OK
1069	     0	72.5	136.6	1040	OK
1070	     0	73.6	137.7	1070	OK
1071	     0	73.5	137.5	1056	OK
1072	     0	73.4	139.1	1048	OK
1073	     0	74.8	145.3	1047	OK
1074	     0	73.8	139.2	1051	OK
1075	     0	69.5	131.4	1044	OK
1076	     0	73.1	140.8	1022	OK
1077	     0	71.1	136.1	1026	OK
1078	     0	72.0	137.1	1015	OK
1079	     0	75.0	142.6	1031	OK
1080	     0	74.1	140.4	1033	OK
1081	     0	74.9	140.2	1048	OK
1082	     0	74.0	139.9	1043	OK
1083	     0	75.8	145.6	1025	OK
1084	     0	75.3	144.2	1029	OK
1085	     0	73.9	140.2	1026	OK
1086	     0	73.0	138.9	1015	OK
1087	     0	74.6	141.6	1007	OK
1088	     0	77.6	149.5	1024	OK
1089	     0	75.2	142.3	1011	OK
1090	     0	72.6	139.1	1025	OK
1091	     0	74.8	140.8	1036	OK
1092	     0	73.8	141.5	1029	OK
1093	     0	74.7	141.5	1029	OK
1094	     0	74.9	141.3	1035	OK
1095	     0	73.2	139.1	1015	OK
1096	     0	73.3	137.0	1031	OK
1097	     0	73.6	138.5	1027	OK
1098	     0	72.4	138.6	1028	OK
1099	     0	73.0	140.4	1020	OK
1100	     0	74.2	140.9	1040	OK
1101	     0	73.2	138.9	1047	OK
1102	     0	72.6	137.1	1058	OK
1103	     0	72.3	137.2	1051	OK
1104	     0	73.4	138.8	1039	OK
1105	     0	73.7	138.5	1054	OK
1106	     0	72.9	139.2	1038	OK
1107	     0	72.1	136.2	1039	OK
1108	     0	73.8	140.7	1028	OK
1109	     0	74.9	143.0	1031	OK
1110	     0	75.8	142.1	1061	OK
1111	     0	75.0	142.7	1050	OK
1112	     0	71.9	137.8	1058	OK
1113	     0	73.6	138.8	1045	OK
1114	     0	74.9	141.3	1041	OK
1115	     0	72.7	138.3	1018	OK
1116	     0	71.4	135.9	1018	OK
1117	     0	74.2	140.5	1006	OK
1118	     0	74.4	139.9	1029	OK
1119	     0	74.8	138.6	1019	OK
1120	     0	73.8	139.6	1051	OK
1121	     0	72.7	138.9	1044	OK
1122	     0	74.3	140.5	1023	OK
1123	     0	74.1	141.8	1027	OK
1124	     0	73.8	139.3	1017	OK
1125	     0	73.7	138.9	1049	OK
1126	     0	74.0	139.8	1021	OK
1127	     0	69.8	132.0	1037	OK
1128	     0	73.4	137.8	1049	OK
1129	     0	74.7	143.5	1046	OK
1130	     0	76.9	146.6	1022	OK
1131	     0	77.1	143.7	1039	OK
1132	     0	73.1	138.3	1046	OK
1133	     0	75.7	142.2	1018	OK
1134	     0	75.3	141.5	1024	OK
1135	     0	73.2	139.2	1026	OK
1136	     0	74.3	139.6	1021	OK
1137	     0	76.1	143.8	1025	OK
1138	     0	70.5	134.3	1033	OK
1139	     0	73.6	139.5	1028	OK
1140	     0	73.8	140.1	1016	OK
1141	     0	76.1	145.1	1039	OK
1142	     0	75.6	143.3	1030	OK
1143	     0	74.5	139.0	1030	OK
1144	     0	75.7	144.5	1040	OK
1145	     0	73.1	140.3	1030	OK
1146	     0	73.1	138.9	1036	OK
1147	     0	75.6	144.3	1044	OK
1148	     0	75.8	143.0	1042	OK
1149	     0	75.7	143.8	1043	OK
1150	     0	75.4	143.1	1016	OK
1151	     0	75.5	143.0	1022	OK
1152	     0	74.0	143.4	 780	OK
1153	     0	75.8	147.2	 751	OK
1154	     0	74.1	142.5	 779	OK
1155	     0	73.1	142.1	 775	OK
1156	     0	75.3	145.0	 734	OK
1157	     0	74.1	140.9	 784	OK
1158	     0	74.2	142.1	 769	OK
1159	     0	73.5	139.2	 769	OK
1160	     0	75.1	145.4	 747	OK
1161	     0	75.8	145.0	 761	OK
1162	     0	75.3	144.1	 746	OK
1163	     0	72.6	139.3	 787	OK
1164	     0	73.7	141.1	 760	OK
1165	     0	73.3	143.4	 760	OK
1166	     0	73.5	140.1	 766	OK
1167	     0	72.5	140.6	 778	OK
1168	     0	71.7	138.0	 762	OK
1169	     0	75.6	143.7	 765	OK
1170	     0	74.7	143.0	 780	OK
1171	     0	73.3	141.3	 767	OK
1172	     0	75.2	143.4	 775	OK
1173	     0	72.3	140.6	 781	OK
1174	     0	72.1	139.4	 789	OK
1175	     0	72.6	139.5	 784	OK
1176	     0	72.2	139.1	 789	OK
1177	     0	75.5	144.4	 771	OK
1178	     0	73.7	142.4	 765	OK
1179	     0	73.4	140.2	 774	OK
1180	     0	75.2	144.8	 752	OK
1181	     0	73.8	140.6	 762	OK
1182	     0	76.1	145.4	 756	OK
1183	     0	72.9	140.6	 770	OK
1184	     0	75.3	145.0	 755	OK
1185	     0	74.8	145.2	 763	OK
1186	     0	74.4	143.3	 794	OK
1187	     0	73.8	141.4	 770	OK
1188	     0	75.2	145.0	 760	OK
1189	     0	74.6	143.1	 767	OK
1190	     0	72.8	140.5	 749	OK
1191	     0	75.6	144.7	 760	OK
1192	     0	73.3	143.1	 783	OK
1193	     0	73.9	141.0	 771	OK
1194	     0	73.3	141.1	 779	OK
1195	     0	74.9	143.1	 768	OK
1196	     0	73.9	141.7	 761	OK
1197	     0	72.5	140.7	 777	OK
1198	     0	74.7	144.3	 781	OK
1199	     0	74.0	142.3	 768	OK
1200	     0	73.2	141.7	 774	OK
1201	     0	73.5	142.3	 781	OK
1202	     0	73.0	142.3	 777	OK
1203	     0	76.4	146.5	 772	OK
1204	     0	73.5	140.9	 783	OK
1205	     0	74.6	142.3	 786	OK
1206	     0	73.9	142.5	 776	OK
1207	     0	76.1	144.9	 769	OK
1208	     0	73.5	141.9	 765	OK
1209	     0	76.5	146.9	 787	OK
1210	     0	75.6	146.5	 771	OK
1211	     0	75.0	145.2	 797	OK
1212	     0	75.9	144.9	 760	OK
1213	     0	76.1	147.8	 772	OK
1214	     0	76.4	144.6	 765	OK
1215	     0	77.4	149.8	 767	OK
1216	     0	73.7	141.3	 780	OK
1217	     0	73.8	141.5	 775	OK
1218	     0	72.4	141.1	 770	OK
1219	     0	73.8	143.1	 770	OK
1220	     0	73.1	141.0	 774	OK
1221	     0	70.2	136.6	 783	OK
1222	     0	73.1	142.5	 761	OK
1223	     0	73.1	141.1	 762	OK
1224	     0	73.4	141.3	 780	OK
1225	     0	72.4	141.3	 779	OK
1226	     0	73.9	141.7	 768	OK
1227	     0	74.8	145.8	 795	OK
1228	     0	75.4	143.9	 755	OK
1229	     0	74.5	143.0	 773	OK
1230	     0	72.3	137.9	 780	OK
1231	     0	73.6	141.4	 756	OK
1232	     0	70.5	136.9	 770	OK
1233	     0	72.1	139.5	 784	OK
1234	     0	74.9	143.4	 777	OK
1235	     0	76.3	147.5	 761	OK
1236	     0	74.2	143.1	 789	OK
1237	     0	74.4	143.8	 750	OK
1238	     0	72.3	141.1	 773	OK
1239	     0	73.3	142.3	 768	OK
1240	     0	75.2	147.5	 782	OK
1241	     0	73.6	140.4	 764	OK
1242	     0	73.5	142.1	 758	OK
1243	     0	75.2	145.2	 789	OK
1244	     0	74.7	144.4	 777	OK
1245	     0	72.6	140.2	 749	OK
1246	     0	73.4	141.4	 778	OK
1247	     0	74.5	144.8	 778	OK
1248	     0	74.4	144.5	 768	OK
1249	     0	74.5	144.3	 774	OK
1250	     0	77.1	147.7	 767	OK
1251	     0	73.1	142.0	 769	OK
1252	     0	75.3	146.1	 745	OK
1253	     0	74.9	144.6	 769	OK
1254	     0	75.0	145.8	 774	OK
1255	     0	73.0	141.7	 749	OK
1256	     0	75.1	146.8	 769	OK
1257	     0	72.6	140.0	 785	OK
1258	     0	75.4	145.5	 748	OK
1259	     0	76.3	146.4	 761	OK
1260	     0	74.8	146.0	 772	OK
1261	     0	74.8	145.3	 786	OK
1262	     0	74.6	144.1	 757	OK
1263	     0	76.2	145.8	 774	OK
1264	     0	76.0	145.1	 769	OK
1265	     0	73.5	142.3	 807	OK
1266	     0	74.7	144.3	 758	OK
1267	     0	76.7	148.0	 765	OK
1268	     0	74.5	143.7	 775	OK
1269	     0	78.4	151.2	 758	OK
1270	     0	76.1	146.1	 756	OK
1271	     0	74.9	145.1	 755	OK
1272	     0	73.8	143.6	 780	OK
1273	     0	76.1	147.1	 766	OK
1274	     0	77.2	148.9	 775	OK
1275	     0	75.7	146.7	 781	OK
1276	     0	74.1	144.3	 790	OK
1277	     0	78.0	151.0	 760	OK
1278	     0	80.1	154.6	 762	OK
1279	     0	78.4	150.6	 749	OK
1280	     0	71.8	139.3	 771	OK
1281	     0	70.9	136.6	 755	OK
1282	     0	72.0	138.3	 780	OK
1283	     0	71.2	138.4	 772	OK
1284	     0	69.7	135.8	 755	OK
1285	     0	71.3	138.0	 767	OK
1286	     0	71.0	135.9	 758	OK
1287	     0	72.0	137.9	 767	OK
1288	     0	69.7	134.9	 777	OK
1289	     0	71.9	138.5	 772	OK
1290	     0	72.8	138.4	 761	OK
1291	     0	70.4	134.9	 773	OK
1292	     0	72.8	141.1	 766	OK
1293	     0	73.5	140.7	 779	OK
1294	     0	71.8	138.7	 754	OK
1295	     0	71.1	136.3	 765	OK
1296	     0	71.3	138.5	 759	OK
1297	     0	70.7	134.5	 768	OK
1298	     0	71.8	137.6	 760	OK
1299	     0	71.4	137.2	 752	OK
1300	     0	70.4	135.1	 764	OK
1301	     0	72.1	138.7	 758	OK
1302	     0	69.6	135.0	 773	OK
1303	     0	72.0	137.1	 772	OK
1304	     0	69.4	135.1	 750	OK
1305	     0	70.8	138.1	 776	OK
1306	     0	68.7	135.1	 761	OK
1307	     0	70.3	135.9	 764	OK
1308	     0	70.3	134.7	 763	OK
1309	     0	71.1	139.2	 781	OK
1310	     0	71.9	138.1	 754	OK
1311	     0	71.1	135.9	 773	OK
1312	     0	70.3	134.9	 749	OK
1313	     0	70.1	136.6	 781	OK
1314	     0	71.5	137.0	 752	OK
1315	     0	72.1	135.4	 756	OK
1316	     0	70.7	135.0	 763	OK
1317	     0	70.6	134.6	 774	OK
1318	     0	69.9	135.7	 771	OK
1319	     0	70.7	134.4	 792	OK
1320	     0	68.4	134.1	 751	OK
1321	     0	71.6	137.7	 739	OK
1322	     0	71.2	136.1	 792	OK
1323	     0	72.1	138.7	 769	OK
1324	     0	68.8	133.8	 760	OK
1325	     0	71.8	136.7	 771	OK
1326	     0	69.8	135.6	 755	OK
1327	     0	71.6	138.2	 748	OK
1328	     0	69.6	136.0	 759	OK
1329	     0	73.7	140.5	 762	OK
1330	     0	69.0	133.3	 764	OK
1331	     0	69.7	134.5	 764	OK
1332	     0	70.6	136.5	 775	OK
1333	     0	70.2	136.1	 771	OK
1334	     0	71.5	136.9	 748	OK
1335	     0	71.2	138.0	 752	OK
1336	     0	70.3	132.7	 758	OK
1337	     0	72.7	137.9	 769	OK
1338	     0	70.7	136.4	 753	OK
1339	     0	70.3	134.8	 765	OK
1340	     0	72.3	140.4	 770	OK
1341	     0	72.5	138.4	 776	OK
1342	     0	74.1	144.0	 756	OK
1343	     0	73.8	141.2	 758	OK
1344	     0	69.6	135.5	 759	OK
1345	     0	69.8	134.5	 777	OK
1346	     0	70.0	136.3	 778	OK
1347	     0	69.2	134.7	 770	OK
1348	     0	69.4	134.5	 755	OK
1349	     0	69.3	135.6	 755	OK
1350	     0	70.3	135.8	 772	OK
1351	     0	67.6	134.1	 765	OK
1352	     0	69.2	134.1	 753	OK
1353	     0	68.9	134.1	 765	OK
1354	     0	67.9	131.9	 785	OK
1355	     0	68.7	134.5	 769	OK
1356	     0	69.5	134.6	 768	OK
1357	     0	68.2	131.6	 756	OK
1358	     0	69.2	136.4	 770	OK
1359	     0	69.2	134.7	 779	OK
1360	     0	69.4	133.8	 753	OK
1361	     0	68.6	135.2	 776	OK
1362	     0	68.5	135.5	 752	OK
1363	     0	71.2	137.4	 754	OK
1364	     0	67.3	134.0	 768	OK
1365	     0	68.5	131.5	 779	OK
1366	     0	68.4	132.6	 744	OK
1367	     0	70.4	135.1	 751	OK
1368	     0	67.5	132.5	 793	OK
1369	     0	69.2	134.5	 749	OK
1370	     0	69.9	135.3	 749	OK
1371	     0	71.4	138.1	 782	OK
1372	     0	69.0	133.5	 759	OK
1373	     0	67.7	132.2	 738	OK
1374	     0	69.4	134.3	 772	OK
1375	     0	67.3	133.0	 766	OK
1376	     0	66.8	128.2	 762	OK
1377	     0	68.4	133.4	 752	OK
1378	     0	66.8	130.2	 777	OK
1379	     0	69.7	135.7	 754	OK
1380	     0	66.7	133.9	 746	OK
1381	     0	67.7	132.3	 742	OK
1382	     0	68.0	134.5	 747	OK
1383	     0	68.1	130.8	 768	OK
1384	     0	68.3	135.6	 788	OK
1385	     0	67.6	134.0	 767	OK
1386	     0	70.9	137.6	 741	OK
1387	     0	69.1	135.3	 768	OK
1388	     0	65.7	128.0	 766	OK
1389	     0	67.8	132.0	 756	OK
1390	     0	70.6	137.9	 757	OK
1391	     0	69.2	135.4	 753	OK
1392	     0	68.3	134.5	 751	OK
1393	     0	69.3	133.3	 755	OK
1394	     0	68.4	134.8	 771	OK
1395	     0	71.6	138.4	 754	OK
1396	     0	68.3	134.0	 757	OK
1397	     0	69.1	136.3	 767	OK
1398	     0	69.0	135.5	 760	OK
1399	     0	69.1	135.9	 764	OK
1400	     0	69.7	135.5	 753	OK
1401	     0	68.6	132.6	 784	OK
1402	     0	66.9	130.6	 739	OK
1403	     0	71.1	138.0	 750	OK
1404	     0	68.8	133.5	 762	OK
1405	     0	68.9	134.7	 763	OK
1406	     0	70.5	136.9	 774	OK
1407	     0	71.6	140.4	 761	OK
1408	     0	70.6	133.0	 779	OK
1409	     0	70.2	136.4	 785	OK
1410	     0	69.9	135.9	 789	OK
1411	     0	67.4	130.4	 788	OK
1412	     0	68.5	132.7	 797	OK
1413	     0	69.7	131.9	 786	OK
1414	     0	69.8	134.1	 781	OK
1415	     0	69.0	133.6	 778	OK
1416	     0	68.2	135.0	 780	OK
1417	     0	69.9	135.4	 794	OK
1418	     0	67.6	129.7	 768	OK
1419	     0	69.4	134.7	 800	OK
1420	     0	68.1	131.8	 779	OK
1421	     0	67.6	130.5	 811	OK
1422	     0	69.1	134.5	 775	OK
1423	     0	68.0	131.1	 789	OK
1424	     0	70.1	135.7	 794	OK
1425	     0	70.5	136.9	 776	OK
1426	     0	69.4	133.9	 775	OK
1427	     0	69.1	134.0	 796	OK
1428	     0	67.4	130.3	 775	OK
1429	     0	69.0	132.9	 777	OK
1430	     0	70.0	134.5	 776	OK
1431	     0	68.1	132.0	 788	OK
1432	     0	69.7	135.3	 795	OK
1433	     0	69.9	135.4	 790	OK
1434	     0	68.8	134.0	 776	OK
1435	     0	68.9	133.3	 778	OK
1436	     0	68.0	130.7	 782	OK
1437	     0	67.4	129.3	 777	OK
1438	     0	69.5	133.3	 801	OK
1439	     0	68.8	134.3	 767	OK
1440	     0	67.9	129.7	 789	OK
1441	     0	68.4	133.7	 783	OK
1442	     0	69.9	135.2	 788	OK
1443	     0	67.9	133.3	 792	OK
1444	     0	68.5	131.3	 782	OK
1445	     0	70.0	133.7	 798	OK
1446	     0	68.2	131.6	 795	OK
1447	     0	69.0	132.9	 793	OK
1448	     0	69.1	132.6	 802	OK
1449	     0	71.8	137.8	 782	OK
1450	     0	69.0	132.3	 791	OK
1451	     0	68.6	134.0	 784	OK
1452	     0	69.7	134.6	 800	OK
1453	     0	67.5	131.6	 795	OK
1454	     0	67.7	130.1	 807	OK
1455	     0	70.3	135.0	 803	OK
1456	     0	69.9	134.4	 773	OK
1457	     0	68.9	133.2	 801	OK
1458	     0	70.7	136.4	 802	OK
1459	     0	68.1	131.1	 780	OK
1460	     0	68.6	131.5	 784	OK
1461	     0	70.6	136.0	 779	OK
1462	     0	70.9	137.3	 788	OK
1463	     0	69.3	134.0	 799	OK
1464	     0	70.8	137.6	 797	OK
1465	     0	70.2	136.1	 795	OK
1466	     0	70.0	133.7	 800	OK
1467	     0	70.4	135.1	 796	OK
1468	     0	70.7	136.6	 766	OK
1469	     0	72.2	139.0	 808	OK
1470	     0	71.7	137.3	 769	OK
1471	   200	74.5	143.7	 790	high gain
1472	     0	68.9	133.2	 765	OK
1473	     0	69.4	134.6	 798	OK
1474	     0	66.6	131.0	 795	OK
1475	     0	68.6	132.4	 789	OK
1476	     0	67.3	131.4	 769	OK
1477	     0	69.4	133.7	 787	OK
1478	     0	66.1	129.1	 784	OK
1479	     0	69.7	133.8	 770	OK
1480	     0	69.3	133.7	 780	OK
1481	     0	68.6	133.3	 792	OK
1482	     0	67.0	129.6	 760	OK
1483	     0	68.2	131.9	 788	OK
1484	     0	68.2	130.8	 788	OK
1485	     0	69.7	134.1	 772	OK
1486	     0	67.9	132.9	 794	OK
1487	     0	68.5	132.1	 781	OK
1488	     0	69.5	133.1	 778	OK
1489	     0	69.4	134.4	 788	OK
1490	     0	69.0	134.1	 776	OK
1491	     0	71.0	139.1	 772	OK
1492	     0	68.2	133.3	 768	OK
1493	     0	70.0	133.3	 783	OK
1494	     0	68.3	131.0	 770	OK
1495	     0	67.9	129.4	 780	OK
1496	     0	68.8	132.4	 766	OK
1497	     0	68.2	132.6	 765	OK
1498	     0	68.1	131.1	 778	OK
1499	     0	67.7	131.7	 761	OK
1500	     0	67.0	131.0	 793	OK
1501	     0	69.2	133.9	 781	OK
1502	     0	69.7	134.1	 769	OK
1503	     0	68.6	132.5	 763	OK
1504	     0	66.8	130.1	 794	OK
1505	     0	69.4	131.9	 785	OK
1506	     0	69.8	132.2	 766	OK
1507	     0	68.6	132.6	 775	OK
1508	     0	69.6	133.8	 783	OK
1509	     0	65.5	127.0	 766	OK
1510	     0	68.1	134.6	 764	OK
1511	     0	68.3	132.2	 772	OK
1512	     0	69.3	134.2	 746	OK
1513	     0	71.5	137.0	 770	OK
1514	     0	68.6	133.9	 772	OK
1515	     0	68.6	132.6	 781	OK
1516	     0	68.4	133.5	 752	OK
1517	     0	67.5	130.4	 773	OK
1518	     0	68.7	131.4	 787	OK
1519	     0	69.0	133.5	 773	OK
1520	     0	67.9	131.4	 761	OK
1521	     0	68.5	133.4	 763	OK
1522	     0	69.2	133.8	 764	OK
1523	     0	68.6	133.5	 773	OK
1524	     0	68.6	132.0	 778	OK
1525	     0	67.2	128.8	 768	OK
1526	     0	68.1	130.8	 772	OK
1527	     0	68.0	132.0	 773	OK
1528	     0	69.6	136.3	 763	OK
1529	     0	68.8	131.6	 773	OK
1530	     0	68.3	130.7	 754	OK
1531	     0	69.4	132.0	 780	OK
1532	     0	68.5	131.0	 767	OK
1533	     0	71.3	136.4	 771	OK
1534	     0	69.3	133.2	 765	OK
1535	     0	72.1	138.8	 768	OK
1536	     0	72.9	139.6	 792	OK
1537	     0	75.8	143.4	 791	OK
1538	     0	70.0	133.9	 778	OK
1539	     0	71.3	136.3	 769	OK
1540	     0	70.5	134.4	 757	OK
1541	     0	72.0	135.5	 797	OK
1542	     0	70.0	133.3	 784	OK
1543	     0	71.6	137.5	 782	OK
1544	     0	72.4	137.1	 774	OK
1545	     0	71.3	136.7	 799	OK
1546	     0	69.6	132.4	 781	OK
1547	     0	71.2	136.3	 790	OK
1548	     0	69.5	134.1	 785	OK
1549	     0	70.2	133.4	 785	OK
1550	     0	70.9	136.8	 753	OK
1551	     0	70.5	135.8	 763	OK
1552	     0	69.8	134.6	 788	OK
1553	     0	69.3	132.4	 781	OK
1554	     0	70.4	134.8	 771	OK
1555	     0	70.3	135.7	 779	OK
1556	     0	70.0	136.0	 781	OK
1557	     0	70.7	136.2	 767	OK
1558	     0	70.2	133.0	 781	OK
1559	     0	71.0	135.2	 783	OK
1560	     0	69.4	134.8	 764	OK
1561	     0	70.9	134.6	 763	OK
1562	     0	70.1	135.1	 763	OK
1563	     0	69.4	133.5	 751	OK
1564	     0	69.5	135.2	 785	OK
1565	     0	71.4	137.8	 775	OK
1566	     0	71.8	135.2	 786	OK
1567	     0	68.1	131.2	 782	OK
1568	     0	68.9	132.7	 775	OK
1569	     0	70.5	135.3	 780	OK
1570	     0	72.1	139.9	 780	OK
1571	     0	68.5	131.9	 789	OK
1572	     0	70.5	136.2	 782	OK
1573	     0	70.6	134.4	 793	OK
1574	     0	70.9	136.5	 802	OK
1575	     0	72.7	139.2	 786	OK
1576	     0	67.9	133.0	 767	OK
1577	     0	71.1	135.9	 763	OK
1578	     0	68.2	131.3	 759	OK
1579	     0	68.1	133.2	 790	OK
1580	     0	70.3	135.2	 777	OK
1581	     0	69.0	132.5	 766	OK
1582	     0	68.4	131.7	 797	OK
1583	     0	69.2	131.7	 781	OK
1584	     0	68.2	130.6	 788	OK
1585	     0	71.4	136.6	 771	OK
1586	     0	69.8	133.2	 790	OK
1587	     0	70.4	135.5	 795	OK
1588	     0	71.5	136.3	 789	OK
1589	     0	72.9	139.3	 797	OK
1590	     0	71.6	136.6	 772	OK
1591	     0	69.0	135.8	 786	OK
1592	     0	71.3	138.0	 802	OK
1593	     0	70.9	136.2	 792	OK
1594	     0	72.6	140.3	 785	OK
1595	     0	71.7	135.6	 787	OK
1596	     0	70.5	135.9	 790	OK
1597	     0	70.8	137.0	 786	OK
1598	     0	70.4	136.3	 791	OK
1599	     0	73.7	138.9	 779	OK
1600	     0	69.8	136.4	 782	OK
1601	     0	70.1	136.6	 799	OK
1602	     0	69.2	133.4	 790	OK
1603	     0	70.1	134.1	 791	OK
1604	     0	69.6	134.1	 775	OK
1605	     0	69.0	131.1	 767	OK
1606	     0	69.5	133.5	 786	OK
1607	     0	67.8	132.4	 797	OK
1608	     0	70.1	133.5	 798	OK
1609	     0	68.6	131.9	 811	OK
1610	     0	66.3	126.7	 777	OK
1611	     0	69.8	134.1	 782	OK
1612	     0	68.4	133.5	 785	OK
1613	     0	68.3	131.2	 792	OK
1614	     0	68.5	131.2	 778	OK
1615	     0	68.9	134.2	 786	OK
1616	     0	68.6	132.8	 769	OK
1617	     0	69.4	131.6	 801	OK
1618	     0	67.8	129.4	 773	OK
1619	     0	68.6	131.6	 773	OK
1620	     0	67.1	128.8	 772	OK
1621	     0	68.4	131.9	 785	OK
1622	     0	67.8	131.8	 780	OK
1623	     0	68.4	130.9	 760	OK
1624	     0	67.9	132.7	 771	OK
1625	     0	66.8	130.0	 766	OK
1626	     0	67.2	129.9	 779	OK
1627	     0	68.7	130.7	 774	OK
1628	     0	68.3	130.6	 777	OK
1629	     0	68.3	132.2	 800	OK
1630	     0	67.2	130.0	 766	OK
1631	     0	70.5	135.8	 785	OK
1632	     0	68.0	129.9	 787	OK
1633	     0	67.6	128.6	 783	OK
1634	     0	66.7	127.8	 794	OK
1635	     0	69.1	132.6	 795	OK
1636	     0	65.9	127.1	 773	OK
1637	     0	68.0	129.8	 765	OK
1638	     0	68.7	132.3	 771	OK
1639	     0	69.1	131.8	 796	OK
1640	     0	69.0	132.0	 772	OK
1641	     0	65.9	127.0	 765	OK
1642	     0	66.0	128.7	 799	OK
1643	     0	68.7	131.2	 774	OK
1644	     0	68.1	131.0	 778	OK
1645	     0	68.1	131.4	 775	OK
1646	     0	67.6	131.4	 774	OK
1647	     0	69.1	129.0	 772	OK
1648	     0	66.7	129.9	 769	OK
1649	     0	68.8	132.8	 781	OK
1650	     0	66.3	129.8	 808	OK
1651	     0	69.8	133.8	 785	OK
1652	     0	67.1	129.6	 790	OK
1653	     0	68.3	131.9	 774	OK
1654	     0	68.1	129.5	 780	OK
1655	     0	68.8	132.3	 765	OK
1656	     0	68.9	131.0	 779	OK
1657	     0	68.9	130.7	 776	OK
1658	     0	67.8	130.4	 785	OK
1659	     0	70.1	135.4	 790	OK
1660	     0	69.5	133.3	 763	OK
1661	     0	68.9	134.1	 771	OK
1662	     0	69.3	133.3	 769	OK
1663	     0	67.9	130.5	 794	OK
1664	     0	74.0	142.6	 726	OK
1665	     0	74.4	142.0	 740	OK
1666	     0	75.7	146.2	 704	OK
1667	     0	77.3	148.8	 716	OK
1668	     0	74.3	140.1	 736	OK
1669	     0	74.4	141.0	 725	OK
1670	     0	75.4	144.7	 729	OK
1671	     0	74.6	142.0	 701	OK
1672	     0	76.3	143.9	 707	OK
1673	     0	72.6	138.1	 721	OK
1674	     0	73.5	139.9	 722	OK
1675	     0	73.0	138.0	 715	OK
1676	     0	73.9	144.4	 723	OK
1677	     0	72.9	139.2	 728	OK
1678	     0	74.8	143.6	 715	OK
1679	     0	73.1	140.8	 712	OK
1680	     0	74.3	140.3	 724	OK
1681	     0	74.0	140.8	 739	OK
1682	     0	74.4	140.3	 728	OK
1683	     0	74.1	141.0	 704	OK
1684	     0	73.5	139.1	 704	OK
1685	     0	75.5	143.9	 724	OK
1686	     0	73.3	139.8	 717	OK
1687	     0	72.9	138.9	 728	OK
1688	     0	74.2	142.1	 708	OK
1689	     0	73.3	138.7	 737	OK
1690	     0	74.5	141.5	 706	OK
1691	     0	73.7	140.9	 739	OK
1692	     0	73.0	140.8	 730	OK
1693	     0	71.9	138.6	 731	OK
1694	     0	71.3	136.8	 726	OK
1695	     0	73.6	140.4	 712	OK
1696	     0	73.9	142.1	 715	OK
1697	     0	72.8	139.0	 713	OK
1698	     0	72.4	136.3	 723	OK
1699	     0	74.0	142.3	 724	OK
1700	     0	74.2	141.4	 737	OK
1701	     0	71.9	138.8	 746	OK
1702	     0	74.3	139.8	 727	OK
1703	     0	74.9	141.6	 730	OK
1704	     0	73.4	140.8	 725	OK
1705	     0	73.8	141.9	 735	OK
1706	     0	73.4	139.0	 732	OK
1707	     0	75.0	141.4	 747	OK
1708	     0	74.7	142.4	 726	OK
1709	     0	72.1	137.2	 731	OK
1710	     0	74.1	139.9	 731	OK
1711	     0	72.0	136.8	 707	OK
1712	     0	74.0	142.0	 715	OK
1713	     0	73.5	140.0	 734	OK
1714	     0	73.8	139.9	 733	OK
1715	     0	73.8	139.5	 712	OK
1716	     0	74.8	141.6	 749	OK
1717	     0	73.7	139.2	 721	OK
1718	     0	73.4	141.6	 734	OK
1719	     0	78.4	146.5	 754	OK
1720	     0	73.8	142.6	 743	OK
1721	     0	75.7	143.8	 736	OK
1722	     0	74.4	143.4	 718	OK
1723	     0	74.8	144.2	 733	OK
1724	     0	75.1	145.4	 727	OK
1725	     0	77.4	146.9	 727	OK
1726	     0	77.3	148.2	 721	OK
1727	     0	77.2	146.5	 750	OK
1728	     0	76.3	147.0	 737	OK
1729	     0	73.9	140.7	 712	OK
1730	     0	73.8	141.5	 736	OK
1731	     0	74.6	142.4	 744	OK
1732	     0	73.4	141.0	 735	OK
1733	     0	75.0	143.6	 730	OK
1734	     0	71.6	137.1	 717	OK
1735	     0	73.2	138.0	 741	OK
1736	     0	72.3	138.3	 720	OK
1737	     0	75.6	144.1	 710	OK
1738	     0	72.4	139.0	 744	OK
1739	     0	72.7	137.3	 738	OK
1740	     0	71.7	137.9	 733	OK
1741	     0	74.2	142.9	 711	OK
1742	     0	75.7	145.4	 728	OK
1743	     0	75.0	141.5	 715	OK
1744	     0	73.5	139.6	 722	OK
1745	     0	73.3	141.3	 718	OK
1746	     0	73.9	140.2	 708	OK
1747	     0	75.1	143.3	 734	OK
1748	     0	75.8	144.6	 720	OK
1749	     0	75.8	145.8	 716	OK
1750	     0	72.2	139.1	 743	OK
1751	     0	72.2	139.6	 716	OK
1752	     0	73.7	142.8	 702	OK
1753	     0	73.8	140.1	 721	OK
1754	     0	71.3	136.1	 715	OK
1755	     0	73.9	140.6	 715	OK
1756	     0	74.0	139.9	 726	OK
1757	     0	73.5	140.6	 734	OK
1758	     0	74.1	141.9	 709	OK
1759	     0	72.5	139.6	 728	OK
1760	     0	74.6	142.8	 707	OK
1761	     0	72.6	138.1	 737	OK
1762	     0	74.1	140.6	 726	OK
1763	     0	72.0	136.4	 733	OK
1764	     0	72.2	137.0	 710	OK
1765	     0	75.6	142.8	 718	OK
1766	     0	75.1	142.3	 724	OK
1767	     0	74.3	139.7	 729	OK
1768	     0	74.8	143.6	 720	OK
1769	     0	74.2	141.3	 731	OK
1770	     0	75.3	142.1	 712	OK
1771	     0	72.8	138.1	 740	OK
1772	     0	72.6	138.1	 730	OK
1773	     0	73.8	141.2	 711	OK
1774	     0	75.0	141.6	 708	OK
1775	     0	74.4	140.3	 717	OK
1776	     0	73.8	141.8	 710	OK
1777	     0	75.9	146.4	 723	OK
1778	     0	72.7	138.3	 718	OK
1779	     0	76.7	145.4	 713	OK
1780	     0	75.5	141.2	 706	OK
1781	     0	75.4	142.5	 719	OK
1782	     0	74.4	140.8	 729	OK
1783	     0	74.4	143.5	 727	OK
1784	     0	73.7	140.6	 711	OK
1785	     0	75.1	142.9	 731	OK
1786	     0	75.4	142.8	 729	OK
1787	     0	75.7	143.9	 722	OK
1788	     0	77.2	148.5	 705	OK
1789	     0	74.9	143.1	 720	OK
1790	     0	76.3	146.8	 727	OK
1791	     0	75.6	143.7	 716	OK
1792	     0	73.8	141.7	 750	OK
1793	     0	73.8	142.0	 744	OK
1794	     0	71.8	138.2	 751	OK
1795	     0	72.0	138.1	 751	OK
1796	     0	75.1	144.6	 728	OK
1797	     0	73.8	140.0	 765	OK
1798	     0	71.7	137.7	 742	OK
1799	     0	72.0	138.7	 744	OK
1800	     0	72.6	137.8	 756	OK
1801	     0	71.2	137.7	 743	OK
1802	     0	71.3	137.2	 740	OK
1803	     0	71.7	139.7	 757	OK
1804	     0	71.3	137.1	 760	OK
1805	     0	71.6	137.7	 760	OK
1806	     0	71.5	136.7	 746	OK
1807	     0	72.5	138.1	 766	OK
1808	     0	71.4	137.4	 752	OK
1809	     0	72.6	141.2	 764	OK
1810	     0	73.0	138.1	 763	OK
1811	     0	73.0	139.7	 748	OK
1812	     0	70.9	136.9	 737	OK
1813	     0	70.1	136.2	 755	OK
1814	     0	73.2	140.4	 761	OK
1815	     0	71.7	138.6	 760	OK
1816	     0	72.4	138.2	 747	OK
1817	     0	71.2	137.8	 746	OK
1818	     0	71.5	137.7	 741	OK
1819	     0	72.9	141.1	 745	OK
1820	     0	72.3	137.3	 751	OK
1821	     0	70.5	136.2	 761	OK
1822	     0	71.9	137.3	 751	OK
1823	     0	69.5	134.7	 728	OK
1824	     0	71.6	137.5	 758	OK
1825	     0	70.2	134.1	 747	OK
1826	     0	71.2	136.8	 762	OK
1827	     0	72.4	138.5	 764	OK
1828	     0	70.4	134.7	 750	OK
1829	     0	70.8	136.5	 751	OK
1830	     0	71.6	140.8	 770	OK
1831	     0	71.0	135.1	 756	OK
1832	     0	72.1	137.0	 755	OK
1833	     0	73.0	140.0	 776	OK
1834	     0	71.3	137.7	 751	OK
1835	     0	71.1	136.2	 750	OK
1836	     0	73.4	140.1	 758	OK
1837	     0	70.5	134.7	 750	OK
1838	     0	70.7	137.4	 756	OK
1839	     0	72.2	136.1	 744	OK
1840	     0	73.0	140.3	 782	OK
1841	     0	71.6	137.3	 748	OK
1842	     0	71.6	137.4	 761	OK
1843	     0	72.7	141.3	 746	OK
1844	     0	71.3	137.1	 750	OK
1845	     0	72.8	140.2	 759	OK
1846	     0	71.4	135.0	 769	OK
1847	     0	71.8	137.7	 765	OK
1848	     0	72.6	140.6	 790	OK
1849	     0	69.7	134.3	 762	OK
1850	     0	74.6	140.5	 765	OK
1851	     0	72.8	139.5	 772	OK
1852	     0	72.7	137.7	 771	OK
1853	     0	72.8	138.8	 761	OK
1854	     0	73.3	139.6	 768	OK
1855	     0	75.2	143.4	 758	OK
1856	     0	70.6	135.7	 762	OK
1857	     0	73.0	140.0	 781	OK
1858	     0	73.4	141.0	 754	OK
1859	     0	72.7	139.1	 765	OK
1860	     0	71.1	138.5	 756	OK
1861	     0	70.9	136.7	 770	OK
1862	     0	72.3	138.3	 777	OK
1863	     0	71.3	136.9	 769	OK
1864	     0	70.3	134.8	 751	OK
1865	     0	71.2	136.4	 757	OK
1866	     0	75.7	144.3	 773	OK
1867	     0	74.0	141.5	 753	OK
1868	     0	70.8	138.2	 773	OK
1869	     0	72.3	141.1	 762	OK
1870	     0	70.0	134.8	 748	OK
1871	     0	70.5	135.6	 753	OK
1872	     0	68.0	132.1	 767	OK
1873	     0	70.8	135.4	 742	OK
1874	     0	71.0	137.1	 765	OK
1875	     0	72.0	139.2	 765	OK
1876	     0	69.1	132.2	 763	OK
1877	     0	70.7	135.4	 752	OK
1878	     0	71.4	138.0	 751	OK
1879	     0	70.8	137.2	 761	OK
1880	     0	71.3	138.0	 751	OK
1881	     0	71.5	137.0	 756	OK
1882	     0	71.3	137.3	 742	OK
1883	     0	69.9	134.5	 755	OK
1884	     0	70.0	133.5	 752	OK
1885	     0	71.5	137.7	 767	OK
1886	     0	72.6	141.1	 739	OK
1887	     0	72.0	137.4	 770	OK
1888	     0	70.9	136.8	 749	OK
1889	     0	69.4	133.5	 748	OK
1890	     0	71.2	137.8	 769	OK
1891	     0	69.4	132.8	 755	OK
1892	     0	70.4	135.0	 753	OK
1893	     0	70.9	136.9	 759	OK
1894	     0	69.5	135.3	 732	OK
1895	     0	72.0	139.5	 763	OK
1896	     0	71.1	136.2	 752	OK
1897	     0	73.2	141.2	 747	OK
1898	     0	70.7	136.4	 748	OK
1899	     0	72.8	137.9	 771	OK
1900	     0	72.1	138.7	 750	OK
1901	     0	72.5	139.0	 755	OK
1902	     0	70.5	136.0	 757	OK
1903	     0	71.1	136.7	 767	OK
1904	     0	71.5	137.3	 763	OK
1905	     0	72.4	138.5	 755	OK
1906	     0	71.2	136.2	 760	OK
1907	     0	71.9	137.7	 756	OK
1908	     0	71.3	137.1	 759	OK
1909	     0	71.2	137.5	 768	OK
1910	     0	72.7	138.5	 752	OK
1911	     0	71.3	136.0	 755	OK
1912	     0	73.6	142.6	 758	OK
1913	     0	73.7	141.3	 755	OK
1914	     0	70.7	135.6	 754	OK
1915	     0	73.5	141.6	 779	OK
1916	     0	71.4	136.1	 754	OK
1917	     0	70.8	135.8	 757	OK
1918	     0	71.4	137.1	 758	OK
1919	     0	71.7	138.7	 744	OK
1920	     0	76.9	145.4	 767	OK
1921	     0	76.7	149.3	 732	OK
1922	     0	78.2	149.6	 772	OK
1923	     0	75.8	142.4	 780	OK
1924	     0	75.8	143.7	 755	OK
1925	     0	75.8	142.8	 759	OK
1926	     0	77.3	147.2	 744	OK
1927	     0	77.2	146.1	 768	OK
1928	     0	75.6	143.5	 740	OK
1929	     0	76.4	145.5	 746	OK
1930	     0	72.2	138.1	 763	OK
1931	     0	78.0	146.7	 753	OK
1932	     0	76.8	148.1	 765	OK
1933	     0	76.7	145.9	 748	OK
1934	     0	75.9	145.6	 750	OK
1935	     0	75.7	144.9	 762	OK
1936	     0	74.8	146.2	 736	OK
1937	     0	76.0	146.2	 749	OK
1938	     0	75.1	143.0	 766	OK
1939	     0	76.7	146.8	 757	OK
1940	     0	77.3	146.3	 761	OK
1941	     0	76.2	146.5	 754	OK
1942	     0	76.3	145.2	 733	OK
1943	     0	76.3	143.6	 757	OK
1944	     0	77.0	148.0	 753	OK
1945	     0	76.1	145.9	 757	OK
1946	     0	76.5	143.6	 729	OK
1947	     0	74.5	141.6	 760	OK
1948	     0	74.3	141.4	 753	OK
1949	     0	76.2	145.1	 756	OK
1950	     0	76.0	144.5	 772	OK
1951	     0	78.1	149.0	 753	OK
1952	     0	75.5	142.8	 751	OK
1953	     0	75.5	144.4	 767	OK
1954	     0	74.8	144.3	 764	OK
1955	     0	75.2	144.1	 761	OK
1956	     0	76.3	145.0	 751	OK
1957	     0	76.5	147.1	 752	OK
1958	     0	73.9	141.7	 769	OK
1959	     0	77.1	145.6	 759	OK
1960	     0	75.1	145.7	 749	OK
1961	     0	75.1	145.2	 775	OK
1962	     0	73.8	142.8	 764	OK
1963	     0	76.6	144.7	 752	OK
1964	     0	76.4	145.9	 754	OK
1965	     0	74.4	142.8	 763	OK
1966	     0	75.5	141.7	 749	OK
1967	     0	75.5	145.2	 735	OK
1968	     0	75.4	144.0	 750	OK
1969	     0	75.6	143.1	 778	OK
1970	     0	74.3	141.6	 764	OK
1971	     0	74.7	142.4	 771	OK
1972	     0	73.3	139.2	 755	OK
1973	     0	74.5	143.0	 740	OK
1974	     0	74.9	142.3	 759	OK
1975	     0	76.7	145.4	 759	OK
1976	     0	75.5	144.6	 764	OK
1977	     0	76.0	144.4	 762	OK
1978	     0	77.5	147.7	 748	OK
1979	     0	77.2	146.0	 768	OK
1980	     0	78.3	150.9	 757	OK
1981	     0	77.8	147.1	 776	OK
1982	     0	77.6	149.5	 776	OK
1983	     0	80.3	150.6	 756	OK
1984	     0	75.3	143.8	 780	OK
1985	     0	78.8	149.5	 764	OK
1986	     0	76.8	148.5	 752	OK
1987	     0	75.0	142.5	 783	OK
1988	     0	76.5	145.4	 778	OK
1989	     0	77.1	147.6	 770	OK
1990	     0	75.2	144.4	 758	OK
1991	     0	74.6	143.9	 746	OK
1992	     0	74.1	142.2	 754	OK
1993	     0	76.3	144.4	 748	OK
1994	     0	76.2	145.3	 766	OK
1995	     0	75.1	143.8	 741	OK
1996	     0	73.7	141.2	 759	OK
1997	     0	75.0	140.9	 777	OK
1998	     0	76.9	146.5	 764	OK
1999	     0	73.7	139.9	 762	OK
2000	     0	76.4	145.9	 759	OK
2001	     0	76.8	148.6	 764	OK
2002	     0	76.8	146.6	 765	OK
2003	     0	76.6	148.0	 736	OK
2004	     0	77.3	146.2	 756	OK
2005	     0	77.7	146.6	 757	OK
2006	     0	76.4	146.4	 755	OK
2007	     0	73.7	140.8	 755	OK
2008	     0	75.4	143.8	 758	OK
2009	     0	76.5	144.8	 764	OK
2010	     0	75.2	142.4	 733	OK
2011	     0	74.9	142.6	 764	OK
2012	     0	75.5	143.9	 752	OK
2013	     0	76.7	146.5	 739	OK
2014	     0	72.6	139.1	 763	OK
2015	     0	77.5	146.4	 753	OK
2016	     0	74.6	142.8	 743	OK
2017	     0	76.5	147.8	 743	OK
2018	     0	73.3	139.5	 750	OK
2019	     0	76.4	146.8	 754	OK
2020	     0	76.5	145.9	 746	OK
2021	     0	76.6	146.2	 760	OK
2022	     0	76.4	145.6	 762	OK
2023	     0	75.6	144.7	 744	OK
2024	     0	77.4	145.2	 768	OK
2025	     0	76.1	145.1	 743	OK
2026	     0	77.4	146.6	 753	OK
2027	     0	74.7	143.9	 738	OK
2028	     0	76.9	147.2	 733	OK
2029	     0	77.5	147.4	 749	OK
2030	     0	75.3	146.8	 741	OK
2031	     0	74.9	143.1	 764	OK
2032	     0	74.5	140.7	 736	OK
2033	     0	76.5	147.2	 748	OK
2034	     0	76.8	148.1	 745	OK
2035	     0	76.7	146.0	 731	OK
2036	     0	75.2	143.2	 762	OK
2037	     0	77.3	147.9	 743	OK
2038	     0	78.3	148.2	 735	OK
2039	     0	76.8	144.3	 750	OK
2040	     0	76.5	144.0	 757	OK
2041	     0	77.5	148.4	 744	OK
2042	     0	77.5	149.2	 749	OK
2043	     0	79.3	151.5	 762	OK
2044	     0	77.2	147.7	 747	OK
2045	     0	76.7	146.1	 759	OK
2046	     0	78.1	148.2	 749	OK
2047	     0	80.4	150.8	 768	OK
2048	     0	75.4	143.9	 734	OK
2049	     0	76.4	146.7	 750	OK
2050	     0	73.5	141.6	 736	OK
2051	     0	75.2	142.8	 748	OK
2052	     0	74.3	141.1	 730	OK
2053	     0	76.1	144.7	 750	OK
2054	     0	72.8	138.6	 729	OK
2055	     0	74.6	143.2	 751	OK
2056	     0	71.7	138.4	 746	OK
2057	     0	74.6	142.9	 753	OK
2058	     0	71.9	137.1	 732	OK
2059	     0	70.7	135.1	 758	OK
2060	     0	72.1	138.0	 750	OK
2061	     0	72.8	138.2	 765	OK
2062	     0	72.1	136.2	 743	OK
2063	     0	73.0	140.6	 734	OK
2064	     0	72.3	139.8	 746	OK
2065	     0	74.2	140.1	 749	OK
2066	     0	74.0	142.7	 752	OK
2067	     0	72.2	136.6	 758	OK
2068	     0	72.8	139.3	 769	OK
2069	     0	73.0	137.9	 763	OK
2070	     0	72.7	139.2	 746	OK
2071	     0	70.9	137.3	 770	OK
2072	     0	73.5	139.9	 740	OK
2073	     0	73.6	139.7	 749	OK
2074	     0	74.5	142.0	 758	OK
2075	     0	71.4	136.5	 745	OK
2076	     0	73.1	138.3	 750	OK
2077	     0	73.3	141.0	 751	OK
2078	     0	72.8	138.8	 742	OK
2079	     0	73.8	141.1	 752	OK
2080	     0	74.4	142.8	 757	OK
2081	     0	73.1	139.7	 749	OK
2082	     0	74.3	140.2	 758	OK
2083	     0	74.4	140.6	 775	OK
2084	     0	73.7	139.5	 746	OK
2085	     0	73.1	141.0	 750	OK
2086	     0	72.5	137.3	 754	OK
2087	     0	72.9	137.6	 750	OK
2088	     0	72.3	138.0	 777	OK
2089	     0	73.3	140.7	 774	OK
2090	     0	71.5	137.9	 749	OK
2091	     0	72.1	138.7	 739	OK
2092	     0	73.9	139.9	 762	OK
2093	     0	72.5	138.0	 750	OK
2094	     0	72.9	140.9	 761	OK
2095	     0	72.3	139.6	 744	OK
2096	     0	73.1	139.5	 760	OK
2097	     0	72.3	138.1	 765	OK
2098	     0	74.2	142.0	 760	OK
2099	     0	76.7	145.2	 761	OK
2100	     0	74.0	143.4	 757	OK
2101	     0	74.8	142.5	 747	OK
2102	     0	74.8	141.7	 752	OK
2103	     0	74.2	141.5	 732	OK
2104	     0	73.7	141.5	 766	OK
2105	     0	75.7	144.1	 767	OK
2106	     0	74.4	141.8	 743	OK
2107	     0	74.4	141.3	 758	OK
2108	     0	75.2	144.3	 753	OK
2109	     0	72.7	139.2	 778	OK
2110	     0	76.0	145.0	 774	OK
2111	     0	75.8	143.5	 758	OK
2112	     0	74.8	141.7	 752	OK
2113	     0	74.2	143.1	 761	OK
2114	     0	72.5	139.8	 769	OK
2115	     0	73.9	141.6	 769	OK
2116	     0	74.7	141.7	 751	OK
2117	     0	71.7	139.1	 762	OK
2118	     0	72.0	139.0	 749	OK
2119	     0	72.6	137.3	 743	OK
2120	     0	70.4	136.0	 763	OK
2121	     0	71.2	136.0	 738	OK
2122	     0	71.7	136.1	 755	OK
2123	     0	72.0	137.3	 772	OK
2124	     0	71.6	136.2	 737	OK
2125	     0	71.9	137.4	 769	OK
2126	     0	70.9	135.2	 752	OK
2127	     0	70.3	135.3	 755	OK
2128	     0	70.0	135.4	 749	OK
2129	     0	73.0	139.4	 741	OK
2130	     0	70.3	134.0	 755	OK
2131	     0	72.0	138.5	 762	OK
2132	     0	72.1	136.6	 768	OK
2133	     0	71.8	137.8	 752	OK
2134	     0	73.3	140.4	 755	OK
2135	     0	70.7	136.0	 752	OK
2136	     0	70.8	134.9	 737	OK
2137	     0	73.2	140.2	 748	OK
2138	     0	71.1	134.2	 751	OK
2139	     0	72.6	138.5	 759	OK
2140	     0	72.0	137.7	 771	OK
2141	     0	72.2	137.8	 756	OK
2142	     0	69.7	133.7	 745	OK
2143	     0	72.2	137.7	 751	OK
2144	     0	71.3	136.6	 746	OK
2145	     0	73.5	138.5	 746	OK
2146	     0	73.2	139.5	 763	OK
2147	     0	75.1	140.9	 761	OK
2148	     0	73.1	140.9	 750	OK
2149	     0	69.8	135.6	 754	OK
2150	     0	72.7	139.4	 742	OK
2151	     0	71.1	136.5	 742	OK
2152	     0	72.2	139.1	 744	OK
2153	     0	74.5	141.6	 750	OK
2154	     0	72.8	140.3	 757	OK
2155	     0	72.7	137.5	 744	OK
2156	     0	70.6	134.4	 741	OK
2157	     0	71.2	136.8	 740	OK
2158	     0	70.5	136.2	 750	OK
2159	     0	71.1	135.6	 752	OK
2160	     0	71.9	138.0	 762	OK
2161	     0	72.7	137.7	 746	OK
2162	     0	71.1	136.0	 751	OK
2163	     0	73.4	140.9	 763	OK
2164	     0	72.1	136.8	 767	OK
2165	     0	72.7	138.6	 750	OK
2166	     0	72.6	138.1	 750	OK
2167	     0	71.6	139.4	 755	OK
2168	     0	72.2	137.8	 756	OK
2169	     0	72.7	138.8	 748	OK
2170	     0	71.9	137.9	 750	OK
2171	     0	72.8	140.2	 756	OK
2172	     0	75.4	143.9	 741	OK
2173	     0	74.1	141.3	 753	OK
2174	     0	72.7	139.8	 773	OK
2175	     0	76.1	145.1	 757	OK
2176	     0	80.2	151.6	 749	OK
2177	     0	75.9	144.1	 761	OK
2178	     0	75.9	145.5	 755	OK
2179	     0	73.4	139.3	 770	OK
2180	     0	73.9	141.7	 767	OK
2181	     0	74.8	142.1	 780	OK
2182	     0	72.6	140.2	 763	OK
2183	     0	74.1	141.6	 788	OK
2184	     0	73.0	139.7	 769	OK
2185	     0	73.3	139.1	 782	OK
2186	     0	73.1	139.0	 777	OK
2187	     0	72.3	138.1	 782	OK
2188	     0	72.0	137.1	 760	OK
2189	     0	70.8	135.7	 759	OK
2190	     0	71.1	136.4	 762	OK
2191	     0	71.8	138.8	 735	OK
2192	     0	69.6	133.1	 767	OK
2193	     0	72.0	137.9	 776	OK
2194	     0	71.7	138.1	 756	OK
2195	     0	74.0	142.2	 764	OK
2196	     0	75.0	141.7	 786	OK
2197	     0	73.7	141.3	 764	OK
2198	     0	72.0	139.4	 760	OK
2199	     0	74.7	142.7	 770	OK
2200	     0	72.7	138.8	 766	OK
2201	     0	71.8	138.5	 779	OK
2202	     0	73.1	137.9	 763	OK
2203	     0	74.8	142.2	 765	OK
2204	     0	73.0	140.3	 783	OK
2205	     0	72.7	139.8	 760	OK
2206	     0	72.4	138.5	 789	OK
2207	     0	72.2	139.8	 770	OK
2208	     0	71.7	137.2	 765	OK
2209	     0	74.2	143.5	 783	OK
2210	     0	71.5	136.5	 765	OK
2211	     0	71.5	138.0	 778	OK
2212	     0	74.2	142.7	 770	OK
2213	     0	72.9	137.9	 782	OK
2214	     0	72.7	139.1	 790	OK
2215	     0	72.8	139.9	 763	OK
2216	     0	72.9	137.4	 768	OK
2217	     0	74.7	144.0	 752	OK
2218	     0	74.0	140.8	 775	OK
2219	     0	74.6	141.2	 777	OK
2220	     0	74.1	142.2	 762	OK
2221	     0	73.6	140.4	 776	OK
2222	     0	73.7	140.1	 780	OK
2223	     0	73.3	140.6	 769	OK
2224	     0	73.7	142.6	 774	OK
2225	     0	75.5	144.9	 786	OK
2226	     0	72.7	140.7	 775	OK
2227	     0	72.9	138.3	 772	OK
2228	     0	74.3	140.0	 759	OK
2229	     0	71.8	137.4	 781	OK
2230	     0	72.0	139.5	 772	OK
2231	     0	74.4	143.9	 762	OK
2232	     0	74.9	142.2	 780	OK
2233	     0	72.4	139.3	 789	OK
2234	     0	74.8	143.2	 765	OK
2235	     0	77.6	146.1	 774	OK
2236	     0	75.9	144.0	 793	OK
2237	     0	76.7	145.2	 791	OK
2238	     0	74.9	145.6	 763	OK
2239	     0	76.4	147.1	 759	OK
2240	     0	73.4	142.2	 776	OK
2241	     0	74.0	143.2	 777	OK
2242	     0	75.1	146.1	 733	OK
2243	     0	74.7	144.9	 774	OK
2244	     0	73.6	139.8	 788	OK
2245	     0	75.8	146.2	 754	OK
2246	     0	72.9	139.5	 792	OK
2247	     0	74.5	142.0	 771	OK
2248	     0	74.6	141.4	 773	OK
2249	     0	73.4	140.9	 764	OK
2250	     0	73.2	140.2	 780	OK
2251	     0	74.9	146.4	 752	OK
2252	     0	72.1	137.9	 777	OK
2253	     0	72.7	139.4	 777	OK
2254	     0	72.9	140.2	 768	OK
2255	     0	72.9	140.5	 771	OK
2256	     0	73.5	139.9	 760	OK
2257	     0	73.0	141.8	 773	OK
2258	     0	73.4	140.1	 753	OK
2259	     0	75.4	142.8	 765	OK
2260	     0	74.5	143.5	 763	OK
2261	     0	75.0	143.3	 765	OK
2262	     0	76.2	144.7	 757	OK
2263	     0	75.5	145.7	 776	OK
2264	     0	76.4	144.3	 749	OK
2265	     0	73.7	141.4	 771	OK
2266	     0	73.4	140.3	 754	OK
2267	     0	73.2	141.1	 778	OK
2268	     0	75.3	144.1	 776	OK
2269	     0	73.3	143.0	 746	OK
2270	     0	73.2	139.8	 751	OK
2271	     0	73.6	140.7	 761	OK
2272	     0	73.0	139.5	 751	OK
2273	     0	74.0	143.2	 748	OK
2274	     0	75.1	145.5	 760	OK
2275	     0	75.7	143.5	 769	OK
2276	     0	73.9	140.4	 749	OK
2277	     0	74.0	142.1	 779	OK
2278	     0	73.4	141.3	 760	OK
2279	     0	71.1	138.7	 762	OK
2280	     0	75.0	142.9	 754	OK
2281	     0	77.0	148.5	 756	OK
2282	     0	73.6	141.5	 767	OK
2283	     0	74.3	142.2	 755	OK
2284	     0	74.8	145.1	 759	OK
2285	     0	75.1	145.2	 743	OK
2286	     0	75.8	145.3	 778	OK
2287	     0	72.9	141.8	 785	OK
2288	     0	76.1	145.4	 752	OK
2289	     0	71.3	136.2	 770	OK
2290	     0	71.3	136.9	 768	OK
2291	     0	74.2	141.7	 754	OK
2292	     0	73.5	141.6	 748	OK
2293	     0	73.7	140.7	 769	OK
2294	     0	73.1	139.4	 762	OK
2295	     0	71.3	138.3	 745	OK
2296	     0	73.5	141.4	 772	OK
2297	     0	76.3	145.3	 761	OK
2298	     0	75.4	144.7	 752	OK
2299	     0	76.5	147.5	 755	OK
2300	     0	75.9	144.6	 762	OK
2301	     0	75.0	143.6	 774	OK
2302	     0	75.9	145.4	 754	OK
2303	     0	77.0	146.1	 753	OK
