#chan	code	gain	vt50	innse	comment
   0	     0	74.8	148.0	1733	OK
   1	     0	73.3	140.1	1759	OK
   2	     0	73.5	148.8	1741	OK
   3	     0	74.0	138.7	1728	OK
   4	     0	73.2	142.1	1760	OK
   5	     0	73.3	142.8	1727	OK
   6	     0	72.6	139.4	1743	OK
   7	     0	74.1	142.7	1745	OK
   8	     0	70.7	136.7	1737	OK
   9	     0	73.7	140.1	1748	OK
  10	     0	70.6	135.5	1752	OK
  11	     0	69.7	133.7	1719	OK
  12	     0	70.8	135.5	1750	OK
  13	     0	70.6	136.6	1744	OK
  14	     0	69.4	133.1	1740	OK
  15	     0	73.6	140.0	1712	OK
  16	     0	71.9	137.5	1742	OK
  17	     0	71.9	137.8	1723	OK
  18	     0	71.7	137.2	1713	OK
  19	     0	71.6	136.9	1740	OK
  20	     0	72.2	136.3	1727	OK
  21	     0	70.8	135.4	1755	OK
  22	     0	69.9	133.8	1733	OK
  23	     0	70.6	137.1	1748	OK
  24	     0	72.2	139.4	1740	OK
  25	     0	71.2	135.5	1745	OK
  26	     0	71.2	138.5	1731	OK
  27	     0	71.1	139.7	1761	OK
  28	     0	71.0	135.2	1757	OK
  29	     0	71.3	133.0	1729	OK
  30	     0	71.5	134.6	1745	OK
  31	     0	71.9	137.3	1737	OK
  32	     0	69.9	135.8	1740	OK
  33	     0	71.0	135.1	1725	OK
  34	     0	71.7	138.2	1729	OK
  35	     0	70.5	132.3	1746	OK
  36	     0	70.8	137.0	1713	OK
  37	     0	72.1	135.7	1743	OK
  38	     0	72.0	137.9	1737	OK
  39	     0	72.6	141.2	1752	OK
  40	     0	70.5	135.0	1764	OK
  41	     0	73.1	137.1	1728	OK
  42	     0	71.5	136.6	1721	OK
  43	     0	71.9	137.8	1753	OK
  44	     0	71.6	135.0	1756	OK
  45	     0	69.0	130.4	1748	OK
  46	     0	72.8	139.7	1725	OK
  47	     0	73.0	138.2	1718	OK
  48	     0	71.0	136.3	1727	OK
  49	     0	73.0	139.6	1726	OK
  50	     0	71.7	135.3	1757	OK
  51	     0	71.7	134.6	1740	OK
  52	     0	73.2	136.4	1753	OK
  53	     0	72.5	135.6	1753	OK
  54	     0	73.9	139.2	1717	OK
  55	     0	73.7	142.0	1738	OK
  56	     0	71.0	134.0	1750	OK
  57	     0	71.9	136.9	1748	OK
  58	     0	73.3	139.4	1720	OK
  59	     0	73.1	143.9	1724	OK
  60	     0	70.7	136.6	1735	OK
  61	     0	73.7	141.1	1734	OK
  62	     0	73.7	140.3	1749	OK
  63	     0	72.0	136.3	1719	OK
  64	     0	72.9	137.0	1745	OK
  65	     0	72.1	185.0	1773	OK
  66	     0	72.4	137.9	1723	OK
  67	     0	71.8	140.4	1749	OK
  68	     0	71.1	139.7	1708	OK
  69	     0	68.4	130.0	1705	OK
  70	     0	71.9	135.7	1753	OK
  71	     0	72.3	137.1	1737	OK
  72	     0	72.5	140.8	1727	OK
  73	     0	71.3	135.6	1742	OK
  74	     0	71.3	137.2	1708	OK
  75	     0	72.4	141.0	1750	OK
  76	     0	71.7	137.2	1721	OK
  77	     0	71.4	136.8	1726	OK
  78	     0	70.9	136.0	1746	OK
  79	     0	71.8	138.8	1724	OK
  80	     0	74.4	140.3	1724	OK
  81	     0	74.1	139.8	1723	OK
  82	     0	70.7	133.8	1732	OK
  83	     0	72.5	140.0	1732	OK
  84	     0	71.2	134.4	1709	OK
  85	     0	70.7	132.3	1741	OK
  86	     0	70.9	135.5	1696	OK
  87	     0	72.0	138.4	1719	OK
  88	     0	69.1	132.7	1720	OK
  89	     0	70.3	134.4	1730	OK
  90	     0	72.0	138.4	1739	OK
  91	     0	72.3	139.4	1700	OK
  92	     0	73.1	141.4	1707	OK
  93	     0	69.0	133.6	1713	OK
  94	     0	71.0	135.2	1728	OK
  95	     0	70.8	135.5	1724	OK
  96	     0	71.3	135.2	1718	OK
  97	     0	69.8	132.0	1722	OK
  98	     0	72.7	138.0	1757	OK
  99	     0	72.9	141.6	1698	OK
 100	     0	72.6	136.8	1721	OK
 101	     0	71.7	139.0	1709	OK
 102	     0	70.8	134.5	1703	OK
 103	     0	72.6	137.8	1698	OK
 104	     0	71.7	137.2	1709	OK
 105	     0	69.8	133.8	1701	OK
 106	     0	73.2	138.9	1721	OK
 107	     0	73.9	138.9	1706	OK
 108	     0	71.3	137.4	1709	OK
 109	     0	70.9	134.7	1738	OK
 110	     0	73.7	140.8	1706	OK
 111	     0	73.2	138.5	1706	OK
 112	     0	72.4	139.1	1701	OK
 113	     0	72.5	136.3	1678	OK
 114	     0	71.7	137.3	1705	OK
 115	     0	71.9	137.0	1703	OK
 116	     0	72.8	145.3	1708	OK
 117	     0	71.5	139.5	1688	OK
 118	     0	73.2	139.2	1713	OK
 119	     0	74.3	144.7	1722	OK
 120	     0	72.5	141.3	1712	OK
 121	     0	75.2	142.9	1701	OK
 122	     0	74.1	142.7	1733	OK
 123	     0	74.5	144.1	1763	OK
 124	  4000	73.0	136.0	1839	high noise
 125	  4000	72.4	145.2	1918	high noise
 126	 80000	72.2	140.7	2193	very high noise
 127	 80000	70.8	139.8	2686	very high noise
 128	     0	72.5	140.8	1756	OK
 129	     0	72.9	140.8	1735	OK
 130	     0	71.4	143.2	1721	OK
 131	     0	74.3	141.1	1721	OK
 132	     0	71.9	135.5	1733	OK
 133	     0	70.2	131.8	1754	OK
 134	     0	70.8	139.4	1739	OK
 135	     0	71.8	138.0	1740	OK
 136	     0	67.6	129.7	1713	OK
 137	     0	71.4	139.6	1736	OK
 138	     0	71.5	137.1	1730	OK
 139	     0	70.4	135.3	1720	OK
 140	     0	71.6	138.5	1737	OK
 141	     0	70.3	131.0	1745	OK
 142	     0	71.2	135.2	1733	OK
 143	     0	71.8	138.8	1699	OK
 144	     0	70.6	132.3	1750	OK
 145	     0	69.8	133.1	1727	OK
 146	     0	70.9	132.9	1735	OK
 147	     0	70.9	132.9	1723	OK
 148	     0	72.2	136.7	1714	OK
 149	     0	70.5	132.8	1753	OK
 150	     0	69.3	131.5	1707	OK
 151	     0	72.3	138.8	1728	OK
 152	     0	70.4	133.0	1705	OK
 153	     0	70.5	135.4	1708	OK
 154	     0	69.5	133.0	1741	OK
 155	     0	69.7	134.5	1726	OK
 156	     0	70.1	136.2	1724	OK
 157	     0	70.7	135.0	1706	OK
 158	     0	70.5	133.4	1738	OK
 159	     0	71.0	133.6	1722	OK
 160	     0	69.1	132.2	1732	OK
 161	     0	70.1	130.3	1760	OK
 162	     0	70.0	138.2	1707	OK
 163	     0	69.9	132.3	1736	OK
 164	     0	69.1	134.3	1716	OK
 165	     0	66.8	125.4	1737	OK
 166	     0	68.4	131.3	1721	OK
 167	     0	70.5	138.7	1715	OK
 168	     0	70.1	133.4	1735	OK
 169	     0	68.7	132.2	1723	OK
 170	     0	69.4	133.7	1761	OK
 171	     0	68.0	131.6	1704	OK
 172	     0	70.4	135.6	1735	OK
 173	     0	70.4	133.5	1719	OK
 174	     0	71.5	136.3	1745	OK
 175	     0	72.0	137.0	1691	OK
 176	     0	71.8	136.5	1707	OK
 177	     0	71.2	135.2	1731	OK
 178	     0	70.7	132.7	1720	OK
 179	     0	70.6	136.9	1733	OK
 180	     0	71.3	135.2	1713	OK
 181	     0	69.7	139.7	1702	OK
 182	     0	72.1	139.3	1750	OK
 183	     0	69.9	134.2	1726	OK
 184	     0	71.4	134.2	1699	OK
 185	     0	69.3	135.1	1701	OK
 186	     0	70.1	133.3	1729	OK
 187	     0	71.4	135.1	1723	OK
 188	     0	69.3	135.2	1761	OK
 189	     0	69.7	132.6	1715	OK
 190	     0	69.5	135.5	1750	OK
 191	     0	71.6	137.8	1737	OK
 192	     0	70.6	133.4	1736	OK
 193	     0	70.6	136.4	1749	OK
 194	     0	69.1	133.2	1736	OK
 195	     0	70.0	137.3	1689	OK
 196	     0	70.0	135.1	1728	OK
 197	     0	69.2	133.8	1723	OK
 198	     0	72.1	135.0	1731	OK
 199	     0	68.8	129.0	1742	OK
 200	     0	68.2	130.1	1731	OK
 201	     0	68.9	131.0	1727	OK
 202	     0	70.8	132.8	1741	OK
 203	     0	72.0	138.4	1690	OK
 204	     0	71.0	136.4	1712	OK
 205	     0	70.6	134.1	1756	OK
 206	     0	70.6	138.8	1725	OK
 207	     0	69.7	133.7	1755	OK
 208	     0	71.1	133.4	1733	OK
 209	     0	69.7	132.6	1728	OK
 210	     0	68.2	133.4	1735	OK
 211	     0	69.7	130.3	1758	OK
 212	     0	72.1	139.3	1746	OK
 213	     0	71.2	135.7	1737	OK
 214	     0	68.4	131.5	1715	OK
 215	     0	69.4	131.2	1746	OK
 216	     0	71.5	141.2	1748	OK
 217	     0	68.1	131.9	1764	OK
 218	     0	72.4	140.0	1726	OK
 219	     0	68.5	132.2	1724	OK
 220	     0	68.8	132.4	1735	OK
 221	     0	70.2	136.0	1727	OK
 222	     0	69.7	134.8	1704	OK
 223	     0	70.4	135.4	1746	OK
 224	     0	70.0	134.8	1735	OK
 225	     0	70.1	132.6	1726	OK
 226	     0	71.4	136.1	1728	OK
 227	     0	70.3	134.0	1732	OK
 228	     0	70.7	137.2	1728	OK
 229	     0	70.8	135.7	1724	OK
 230	     0	70.2	135.1	1729	OK
 231	     0	67.7	128.8	1730	OK
 232	     0	69.6	133.6	1756	OK
 233	     0	68.8	133.8	1712	OK
 234	     0	69.5	130.5	1715	OK
 235	     0	68.3	131.0	1732	OK
 236	     0	70.4	135.0	1710	OK
 237	     0	68.7	133.7	1740	OK
 238	     0	68.9	132.7	1715	OK
 239	     0	70.4	134.1	1711	OK
 240	     0	69.2	131.8	1699	OK
 241	     0	71.2	136.2	1708	OK
 242	     0	69.5	135.3	1741	OK
 243	     0	69.2	135.7	1728	OK
 244	     0	69.0	133.4	1724	OK
 245	     0	70.3	136.2	1723	OK
 246	     0	69.2	135.7	1740	OK
 247	     0	70.9	133.9	1725	OK
 248	     0	69.6	135.2	1741	OK
 249	     0	71.0	136.1	1751	OK
 250	     0	71.9	137.2	1751	OK
 251	     0	69.0	133.1	1722	OK
 252	     0	70.0	132.8	1728	OK
 253	     0	72.3	141.3	1721	OK
 254	     0	72.3	135.2	1728	OK
 255	     0	70.5	134.9	1738	OK
 256	     0	75.5	141.7	1687	OK
 257	     0	75.8	142.4	1700	OK
 258	     0	76.8	144.1	1670	OK
 259	     0	75.0	141.6	1676	OK
 260	     0	76.6	141.8	1717	OK
 261	     0	75.3	138.2	1679	OK
 262	     0	76.4	146.5	1687	OK
 263	     0	76.5	143.0	1661	OK
 264	     0	74.3	139.8	1685	OK
 265	     0	76.8	142.6	1690	OK
 266	     0	75.2	143.8	1663	OK
 267	     0	77.6	147.2	1671	OK
 268	     0	76.1	141.7	1676	OK
 269	     0	74.8	141.9	1695	OK
 270	     0	73.6	141.0	1681	OK
 271	     0	74.1	138.8	1686	OK
 272	     0	77.9	145.4	1690	OK
 273	     0	74.4	141.1	1663	OK
 274	     0	75.5	144.9	1687	OK
 275	     0	75.0	142.9	1668	OK
 276	     0	73.7	140.0	1708	OK
 277	     0	72.9	137.8	1683	OK
 278	     0	75.1	141.7	1660	OK
 279	     0	75.6	141.5	1664	OK
 280	     0	73.2	137.6	1719	OK
 281	     0	73.8	135.7	1701	OK
 282	     0	73.4	140.2	1699	OK
 283	     0	73.2	138.4	1672	OK
 284	     0	74.0	141.6	1690	OK
 285	     0	75.5	140.2	1691	OK
 286	     0	74.6	138.8	1690	OK
 287	     0	73.0	138.4	1705	OK
 288	     0	74.4	142.2	1697	OK
 289	     0	73.9	140.7	1697	OK
 290	     0	77.0	142.2	1702	OK
 291	     0	75.5	140.7	1707	OK
 292	     0	73.4	136.9	1703	OK
 293	     0	73.7	140.7	1692	OK
 294	     0	75.9	146.4	1675	OK
 295	     0	75.8	141.3	1673	OK
 296	     0	76.3	142.4	1703	OK
 297	     0	74.1	142.8	1723	OK
 298	     0	74.3	139.3	1701	OK
 299	     0	73.0	139.4	1717	OK
 300	     0	74.2	140.1	1696	OK
 301	     0	74.6	141.0	1716	OK
 302	     0	75.9	144.7	1726	OK
 303	     0	75.9	141.9	1708	OK
 304	     0	74.1	138.8	1702	OK
 305	     0	75.1	140.8	1710	OK
 306	     0	74.3	140.9	1675	OK
 307	     0	75.1	140.8	1696	OK
 308	     0	76.5	144.0	1654	OK
 309	     0	74.1	139.2	1701	OK
 310	     0	74.6	139.1	1700	OK
 311	     0	76.2	141.0	1712	OK
 312	     0	74.9	142.1	1695	OK
 313	     0	75.8	144.3	1684	OK
 314	     0	74.4	138.0	1711	OK
 315	     0	76.4	141.7	1727	OK
 316	     0	73.6	135.9	1662	OK
 317	     0	76.1	143.4	1699	OK
 318	     0	78.0	143.9	1709	OK
 319	     0	79.3	149.8	1679	OK
 320	     0	77.4	146.3	1685	OK
 321	     0	74.8	140.1	1724	OK
 322	     0	74.8	146.3	1682	OK
 323	     0	75.4	143.7	1727	OK
 324	     0	76.5	146.9	1723	OK
 325	     0	75.9	142.6	1700	OK
 326	     0	74.7	141.0	1697	OK
 327	     0	75.1	142.8	1697	OK
 328	     0	73.2	139.6	1711	OK
 329	     0	75.3	142.2	1675	OK
 330	     0	74.8	147.2	1739	OK
 331	     0	74.6	139.2	1726	OK
 332	     0	75.9	144.0	1698	OK
 333	     0	75.8	141.5	1715	OK
 334	     0	75.6	142.0	1678	OK
 335	     0	76.3	143.6	1723	OK
 336	     0	74.1	138.8	1707	OK
 337	     0	75.1	142.4	1696	OK
 338	     0	74.4	138.7	1716	OK
 339	     0	76.0	142.6	1714	OK
 340	     0	73.2	137.5	1718	OK
 341	     0	74.6	141.2	1705	OK
 342	     0	75.5	141.8	1710	OK
 343	     0	73.5	138.8	1703	OK
 344	     0	75.8	142.6	1700	OK
 345	     0	73.7	138.2	1684	OK
 346	     0	72.2	139.5	1706	OK
 347	     0	74.8	142.9	1681	OK
 348	     0	74.4	141.7	1717	OK
 349	     0	75.0	143.3	1677	OK
 350	     0	73.3	140.6	1709	OK
 351	     0	73.9	137.3	1708	OK
 352	     0	73.5	137.4	1691	OK
 353	     0	74.0	140.4	1682	OK
 354	     0	74.1	139.9	1685	OK
 355	     0	74.7	144.7	1708	OK
 356	     0	75.3	143.8	1702	OK
 357	     0	74.9	142.9	1678	OK
 358	     0	74.9	139.1	1669	OK
 359	     0	75.2	142.2	1690	OK
 360	     0	75.5	145.1	1679	OK
 361	     0	74.0	140.8	1690	OK
 362	     0	76.1	143.2	1658	OK
 363	     0	75.9	140.9	1709	OK
 364	     0	74.8	140.2	1689	OK
 365	     0	75.3	142.3	1685	OK
 366	     0	75.4	138.9	1682	OK
 367	     0	75.9	141.0	1658	OK
 368	     0	75.7	144.6	1665	OK
 369	     0	75.1	140.0	1684	OK
 370	     0	75.2	140.3	1689	OK
 371	     0	75.8	144.7	1685	OK
 372	     0	74.7	140.1	1702	OK
 373	     0	77.5	144.1	1654	OK
 374	     0	75.7	146.1	1697	OK
 375	     0	76.9	145.1	1697	OK
 376	     0	74.1	142.5	1664	OK
 377	     0	76.3	143.1	1689	OK
 378	     0	75.4	140.7	1652	OK
 379	     0	76.4	144.3	1683	OK
 380	     0	74.9	141.5	1683	OK
 381	     0	75.7	141.2	1675	OK
 382	     0	78.0	153.0	1670	OK
 383	     0	76.2	144.1	1628	OK
 384	     0	72.6	137.8	1745	OK
 385	     0	71.0	136.9	1765	OK
 386	     0	68.6	131.8	1766	OK
 387	     0	72.4	142.6	1769	OK
 388	     0	71.7	136.5	1733	OK
 389	     0	69.6	131.7	1763	OK
 390	     0	71.8	139.2	1740	OK
 391	     0	69.3	130.8	1752	OK
 392	     0	70.8	131.7	1785	OK
 393	     0	71.3	135.0	1747	OK
 394	     0	70.6	133.4	1757	OK
 395	     0	70.2	134.7	1751	OK
 396	     0	71.0	135.4	1747	OK
 397	     0	70.3	137.5	1744	OK
 398	     0	69.8	134.4	1757	OK
 399	     0	71.3	136.9	1768	OK
 400	     0	70.8	133.3	1741	OK
 401	     0	69.9	131.0	1777	OK
 402	     0	69.7	133.8	1772	OK
 403	     0	70.3	131.3	1755	OK
 404	     0	69.3	129.4	1757	OK
 405	     0	68.9	129.9	1756	OK
 406	     0	69.4	131.5	1769	OK
 407	     0	71.9	138.8	1755	OK
 408	     0	70.8	134.0	1769	OK
 409	     0	73.9	137.1	1771	OK
 410	     0	71.6	142.1	1759	OK
 411	     0	68.3	131.9	1777	OK
 412	     0	69.2	130.2	1746	OK
 413	     0	71.7	135.5	1741	OK
 414	     0	69.8	132.8	1737	OK
 415	     0	69.0	133.0	1775	OK
 416	     0	70.0	130.5	1772	OK
 417	     0	68.4	131.9	1751	OK
 418	     0	69.4	133.2	1763	OK
 419	     0	69.2	130.3	1732	OK
 420	     0	68.0	128.3	1751	OK
 421	     0	72.0	136.3	1776	OK
 422	     0	71.1	133.1	1776	OK
 423	     0	69.8	133.0	1759	OK
 424	     0	67.9	129.0	1791	OK
 425	     0	69.8	132.0	1774	OK
 426	     0	71.5	139.3	1753	OK
 427	     0	68.9	131.5	1749	OK
 428	     0	68.7	131.6	1770	OK
 429	     0	68.5	130.1	1766	OK
 430	     0	68.4	129.5	1766	OK
 431	     0	70.6	136.1	1756	OK
 432	     0	68.2	129.4	1809	OK
 433	     0	69.7	133.3	1756	OK
 434	     0	70.8	140.0	1766	OK
 435	     0	70.5	126.9	1749	OK
 436	     0	72.6	138.7	1790	OK
 437	     0	69.5	129.9	1767	OK
 438	     0	70.8	137.9	1760	OK
 439	     0	70.3	134.3	1754	OK
 440	     0	70.7	134.7	1786	OK
 441	     0	72.3	133.5	1798	OK
 442	     0	70.4	133.3	1781	OK
 443	     0	71.2	135.6	1757	OK
 444	     0	70.6	135.2	1764	OK
 445	     0	73.1	137.6	1765	OK
 446	     0	73.7	139.0	1772	OK
 447	     0	73.2	139.3	1761	OK
 448	     0	70.0	133.1	1720	OK
 449	     0	70.8	133.2	1778	OK
 450	     0	70.3	133.7	1747	OK
 451	     0	70.4	132.1	1779	OK
 452	     0	68.9	129.3	1784	OK
 453	     0	68.6	131.2	1747	OK
 454	     0	70.8	137.3	1762	OK
 455	     0	69.9	133.0	1743	OK
 456	     0	69.3	131.3	1777	OK
 457	     0	70.0	133.1	1763	OK
 458	     0	69.0	129.9	1767	OK
 459	     0	69.9	134.1	1764	OK
 460	     0	71.0	137.8	1749	OK
 461	     0	69.0	134.3	1770	OK
 462	     0	70.3	137.0	1753	OK
 463	     0	69.2	131.3	1793	OK
 464	     0	68.9	132.9	1748	OK
 465	     0	68.5	129.7	1756	OK
 466	     0	69.4	130.1	1767	OK
 467	     0	67.7	129.8	1767	OK
 468	     0	68.0	128.7	1798	OK
 469	     0	68.9	134.6	1738	OK
 470	     0	69.3	131.9	1787	OK
 471	     0	68.8	132.4	1745	OK
 472	     0	70.9	136.1	1726	OK
 473	     0	69.1	133.4	1750	OK
 474	     0	68.5	128.9	1752	OK
 475	     0	70.0	132.9	1759	OK
 476	     0	67.4	129.3	1748	OK
 477	     0	70.0	133.1	1749	OK
 478	     0	70.7	135.1	1746	OK
 479	     0	69.0	132.0	1734	OK
 480	     0	69.0	130.9	1758	OK
 481	     0	70.9	144.8	1745	OK
 482	     0	68.0	128.7	1745	OK
 483	     0	69.7	131.4	1770	OK
 484	     0	69.2	132.3	1735	OK
 485	     0	69.9	143.4	1762	OK
 486	     0	68.9	132.2	1712	OK
 487	     0	71.0	134.6	1775	OK
 488	     0	66.9	130.4	1707	OK
 489	     0	68.7	129.5	1750	OK
 490	     0	69.3	132.6	1733	OK
 491	     0	68.4	132.1	1734	OK
 492	     0	71.4	135.7	1740	OK
 493	     0	69.0	131.0	1737	OK
 494	     0	68.8	127.5	1773	OK
 495	     0	71.0	137.6	1727	OK
 496	     0	69.8	134.5	1765	OK
 497	     0	69.5	131.9	1746	OK
 498	     0	69.0	131.7	1772	OK
 499	     0	69.4	130.8	1749	OK
 500	     0	70.3	133.4	1739	OK
 501	     0	68.8	129.5	1745	OK
 502	     0	69.2	134.0	1750	OK
 503	     0	68.2	131.6	1776	OK
 504	     0	70.8	133.4	1754	OK
 505	     0	70.3	134.4	1779	OK
 506	     0	69.3	128.1	1757	OK
 507	     0	70.4	134.8	1749	OK
 508	     0	70.2	131.3	1778	OK
 509	     0	70.0	133.1	1748	OK
 510	     0	72.5	136.5	1753	OK
 511	     0	69.4	129.3	1764	OK
 512	     0	75.4	141.8	1647	OK
 513	     0	75.2	141.3	1606	OK
 514	     0	74.3	141.0	1635	OK
 515	     0	74.9	141.9	1618	OK
 516	     0	72.5	139.2	1633	OK
 517	     0	73.5	137.5	1616	OK
 518	     0	73.4	135.2	1629	OK
 519	     0	72.4	137.4	1633	OK
 520	     0	74.9	142.1	1635	OK
 521	     0	75.3	142.0	1657	OK
 522	     0	73.0	140.0	1621	OK
 523	     0	74.5	143.0	1643	OK
 524	     0	73.1	141.6	1587	OK
 525	     0	71.6	149.9	1633	OK
 526	     0	71.6	134.6	1657	OK
 527	     0	72.1	135.4	1627	OK
 528	     0	73.5	141.0	1644	OK
 529	     0	72.5	138.7	1630	OK
 530	     0	71.3	137.7	1638	OK
 531	     0	73.3	146.7	1636	OK
 532	     0	72.3	137.9	1641	OK
 533	     0	72.3	137.8	1668	OK
 534	     0	71.0	135.3	1658	OK
 535	     0	71.8	137.4	1622	OK
 536	     0	71.5	136.8	1650	OK
 537	     0	73.3	134.2	1644	OK
 538	     0	72.5	138.8	1627	OK
 539	     0	73.9	141.4	1618	OK
 540	     0	75.5	141.6	1638	OK
 541	     0	71.7	136.2	1635	OK
 542	     0	71.5	141.1	1656	OK
 543	     0	72.4	138.9	1654	OK
 544	     0	73.6	144.3	1623	OK
 545	     0	72.1	133.5	1658	OK
 546	     0	73.2	137.1	1616	OK
 547	     0	71.9	134.6	1650	OK
 548	     0	74.8	138.6	1658	OK
 549	     0	73.1	146.3	1630	OK
 550	     0	71.5	138.2	1663	OK
 551	     0	73.7	138.7	1624	OK
 552	     0	73.0	147.7	1646	OK
 553	     0	71.9	136.5	1657	OK
 554	     0	73.7	138.2	1665	OK
 555	     0	72.9	137.5	1637	OK
 556	     0	72.3	132.4	1663	OK
 557	     0	74.5	140.5	1644	OK
 558	     0	70.7	134.8	1642	OK
 559	     0	75.1	143.9	1675	OK
 560	     0	74.4	138.6	1638	OK
 561	     0	73.0	139.1	1671	OK
 562	     0	72.4	138.8	1622	OK
 563	     0	71.8	135.8	1640	OK
 564	     0	73.6	142.0	1651	OK
 565	     0	74.0	142.1	1631	OK
 566	     0	71.0	137.3	1631	OK
 567	     0	73.9	140.3	1632	OK
 568	     0	73.8	138.1	1631	OK
 569	     0	73.0	139.5	1644	OK
 570	     0	74.9	141.0	1655	OK
 571	     0	74.1	141.6	1632	OK
 572	     0	73.4	160.5	1656	OK
 573	     0	74.0	139.9	1656	OK
 574	     0	75.0	142.5	1613	OK
 575	     0	75.0	143.8	1608	OK
 576	     0	74.7	147.9	1634	OK
 577	     0	73.7	139.3	1641	OK
 578	     0	74.0	141.1	1631	OK
 579	     0	71.8	140.9	1624	OK
 580	     0	76.2	149.6	1658	OK
 581	     0	74.2	148.2	1600	OK
 582	     0	74.1	142.5	1648	OK
 583	     0	73.2	138.8	1637	OK
 584	     0	71.8	137.5	1632	OK
 585	     0	75.1	143.1	1635	OK
 586	     0	73.2	141.6	1636	OK
 587	     0	75.8	143.8	1633	OK
 588	     0	71.8	133.1	1635	OK
 589	     0	73.5	141.3	1637	OK
 590	     0	70.7	133.2	1609	OK
 591	     0	73.0	141.1	1619	OK
 592	     0	74.7	146.4	1643	OK
 593	     0	71.9	136.3	1644	OK
 594	     0	74.1	140.7	1626	OK
 595	     0	72.4	141.5	1638	OK
 596	     0	73.7	139.9	1625	OK
 597	     0	74.6	142.1	1645	OK
 598	     0	72.4	139.5	1627	OK
 599	     0	73.5	141.7	1630	OK
 600	     0	72.1	135.2	1633	OK
 601	     0	71.3	134.1	1644	OK
 602	     0	75.8	145.7	1645	OK
 603	     0	70.4	132.3	1648	OK
 604	     0	72.6	137.0	1630	OK
 605	     0	72.7	135.1	1633	OK
 606	     0	72.7	136.4	1618	OK
 607	     0	74.0	141.1	1641	OK
 608	     0	73.0	140.5	1617	OK
 609	     0	72.0	135.8	1635	OK
 610	     0	72.0	138.0	1628	OK
 611	     0	73.1	136.0	1653	OK
 612	     0	72.5	137.0	1635	OK
 613	     0	72.9	140.2	1628	OK
 614	     0	71.6	140.2	1648	OK
 615	     0	73.8	138.3	1634	OK
 616	     0	72.1	135.9	1611	OK
 617	     0	73.9	140.3	1630	OK
 618	     0	73.2	136.7	1635	OK
 619	     0	75.2	144.8	1627	OK
 620	     0	73.1	137.0	1612	OK
 621	     0	73.8	141.7	1644	OK
 622	     0	74.1	142.7	1610	OK
 623	     0	73.3	139.1	1616	OK
 624	     0	74.7	141.7	1625	OK
 625	     0	72.1	138.1	1634	OK
 626	     0	73.1	136.2	1629	OK
 627	     0	73.5	140.7	1628	OK
 628	     0	75.3	142.7	1607	OK
 629	     0	73.6	139.0	1604	OK
 630	     0	73.6	138.3	1617	OK
 631	     0	74.2	138.7	1631	OK
 632	     0	74.4	140.9	1631	OK
 633	     0	72.5	148.1	1604	OK
 634	     0	73.7	137.7	1637	OK
 635	     0	72.7	139.9	1640	OK
 636	     0	74.9	141.5	1635	OK
 637	     0	77.0	146.9	1631	OK
 638	     0	75.7	141.9	1614	OK
 639	     0	76.1	143.4	1624	OK
 640	     0	76.4	144.3	1669	OK
 641	     0	78.7	150.0	1698	OK
 642	     0	77.2	147.8	1656	OK
 643	     0	77.6	146.2	1707	OK
 644	     0	76.8	144.5	1712	OK
 645	     0	77.1	142.8	1632	OK
 646	     0	76.3	140.6	1653	OK
 647	     0	75.5	141.3	1668	OK
 648	     0	76.5	141.3	1664	OK
 649	     0	75.3	141.4	1662	OK
 650	     0	75.5	141.2	1674	OK
 651	     0	76.1	142.2	1680	OK
 652	     0	76.3	141.5	1664	OK
 653	     0	75.7	142.0	1666	OK
 654	     0	75.3	140.1	1653	OK
 655	     0	77.0	141.4	1673	OK
 656	     0	77.8	143.4	1669	OK
 657	     0	74.3	140.3	1688	OK
 658	     0	73.5	139.2	1665	OK
 659	     0	74.9	136.8	1672	OK
 660	     0	76.7	144.3	1669	OK
 661	     0	74.6	138.0	1692	OK
 662	     0	75.8	142.0	1680	OK
 663	     0	74.4	138.7	1683	OK
 664	     0	75.9	141.5	1675	OK
 665	     0	75.3	142.2	1704	OK
 666	     0	73.9	138.5	1675	OK
 667	     0	75.6	143.7	1651	OK
 668	     0	74.3	141.4	1684	OK
 669	     0	73.8	139.9	1698	OK
 670	     0	75.1	140.3	1710	OK
 671	     0	73.4	138.8	1686	OK
 672	     0	75.2	143.1	1701	OK
 673	     0	76.8	143.7	1677	OK
 674	     0	75.5	139.8	1690	OK
 675	     0	71.3	132.1	1698	OK
 676	     0	75.6	142.9	1687	OK
 677	     0	74.2	137.1	1682	OK
 678	     0	75.6	143.2	1711	OK
 679	     0	73.5	135.3	1690	OK
 680	     0	73.8	140.1	1688	OK
 681	     0	75.1	137.3	1717	OK
 682	     0	76.7	144.5	1694	OK
 683	     0	73.8	137.7	1693	OK
 684	     0	75.2	142.7	1682	OK
 685	     0	73.9	140.8	1698	OK
 686	     0	77.8	144.7	1692	OK
 687	     0	75.9	140.6	1701	OK
 688	     0	77.3	145.3	1701	OK
 689	     0	74.3	138.4	1685	OK
 690	     0	75.0	141.3	1701	OK
 691	     0	72.2	136.8	1698	OK
 692	     0	76.6	142.2	1695	OK
 693	     0	75.4	143.0	1704	OK
 694	     0	72.6	137.1	1698	OK
 695	     0	75.5	141.2	1710	OK
 696	     0	74.7	143.2	1714	OK
 697	     0	76.7	146.9	1691	OK
 698	     0	74.4	142.3	1688	OK
 699	     0	75.3	140.4	1712	OK
 700	     0	76.0	142.7	1695	OK
 701	     0	76.3	142.5	1694	OK
 702	     0	76.4	145.1	1703	OK
 703	     0	74.6	141.0	1701	OK
 704	     0	76.8	145.6	1700	OK
 705	     0	73.3	139.9	1679	OK
 706	     0	76.0	143.3	1694	OK
 707	     0	73.9	139.9	1702	OK
 708	     0	77.9	144.2	1704	OK
 709	     0	75.5	139.2	1698	OK
 710	     0	72.9	137.5	1699	OK
 711	     0	73.5	135.7	1720	OK
 712	     0	72.4	135.7	1703	OK
 713	     0	72.0	137.1	1680	OK
 714	     0	74.5	142.7	1687	OK
 715	     0	73.4	136.6	1711	OK
 716	     0	74.8	137.4	1718	OK
 717	     0	73.9	142.2	1723	OK
 718	     0	72.8	137.0	1708	OK
 719	     0	71.8	137.3	1707	OK
 720	     0	72.8	139.9	1689	OK
 721	     0	74.6	138.9	1677	OK
 722	     0	74.1	140.1	1705	OK
 723	     0	72.7	139.5	1703	OK
 724	     0	73.0	138.4	1702	OK
 725	     0	72.0	136.3	1692	OK
 726	     0	72.9	135.4	1700	OK
 727	     0	71.7	138.5	1698	OK
 728	     0	73.4	137.9	1695	OK
 729	     0	75.1	144.0	1691	OK
 730	     0	72.7	137.9	1700	OK
 731	     0	73.3	141.4	1699	OK
 732	     0	73.8	139.3	1709	OK
 733	     0	73.1	129.5	1714	OK
 734	     0	72.8	138.5	1716	OK
 735	     0	73.3	138.1	1715	OK
 736	     0	71.7	136.6	1710	OK
 737	     0	71.6	136.8	1704	OK
 738	     0	73.1	138.2	1708	OK
 739	     0	71.4	132.5	1705	OK
 740	     0	72.4	138.0	1696	OK
 741	     0	72.0	139.6	1687	OK
 742	     0	74.1	141.2	1713	OK
 743	     0	76.2	140.5	1726	OK
 744	     0	74.6	139.5	1717	OK
 745	     0	70.8	136.0	1715	OK
 746	     0	73.1	137.2	1717	OK
 747	     0	72.0	136.9	1732	OK
 748	     0	71.6	133.2	1724	OK
 749	     0	73.6	141.6	1703	OK
 750	     0	73.3	140.1	1728	OK
 751	     0	76.1	141.0	1729	OK
 752	     0	74.4	148.8	1694	OK
 753	     0	69.9	133.0	1711	OK
 754	     0	72.0	138.5	1694	OK
 755	     0	72.1	135.3	1736	OK
 756	     0	73.0	142.8	1722	OK
 757	     0	73.1	139.6	1686	OK
 758	     0	72.3	136.0	1723	OK
 759	     0	73.6	141.8	1714	OK
 760	     0	71.7	138.3	1706	OK
 761	     0	72.6	140.1	1713	OK
 762	     0	74.4	139.7	1704	OK
 763	     0	74.1	141.2	1733	OK
 764	     0	71.1	143.4	1700	OK
 765	     0	75.9	141.8	1736	OK
 766	     0	75.4	140.6	1689	OK
 767	     0	73.8	136.3	1712	OK
 768	     0	74.9	141.3	1658	OK
 769	     0	73.6	140.8	1646	OK
 770	     0	76.5	140.9	1649	OK
 771	     0	77.5	146.7	1635	OK
 772	     0	74.1	140.1	1624	OK
 773	     0	75.2	144.3	1640	OK
 774	     0	73.8	140.8	1637	OK
 775	     0	72.2	136.6	1647	OK
 776	     0	73.1	138.9	1613	OK
 777	     0	72.3	139.7	1638	OK
 778	     0	74.8	141.0	1648	OK
 779	     0	72.3	137.0	1621	OK
 780	     0	71.7	137.0	1646	OK
 781	     0	71.9	139.0	1630	OK
 782	     0	70.7	136.0	1641	OK
 783	     0	74.3	139.3	1647	OK
 784	     0	72.0	138.0	1611	OK
 785	     0	70.8	136.5	1636	OK
 786	     0	72.0	137.2	1641	OK
 787	     0	73.4	147.4	1639	OK
 788	     0	70.2	134.3	1634	OK
 789	     0	72.0	137.0	1619	OK
 790	     0	71.4	137.6	1664	OK
 791	     0	72.0	141.3	1617	OK
 792	     0	72.4	139.2	1619	OK
 793	     0	71.6	137.8	1634	OK
 794	     0	72.7	138.4	1663	OK
 795	     0	75.3	146.3	1648	OK
 796	     0	72.2	135.2	1630	OK
 797	     0	75.9	144.4	1634	OK
 798	     0	74.2	138.6	1668	OK
 799	     0	71.5	149.7	1645	OK
 800	     0	74.5	140.4	1674	OK
 801	     0	73.6	140.3	1635	OK
 802	     0	73.6	143.8	1663	OK
 803	     0	73.3	137.7	1644	OK
 804	     0	72.5	138.4	1648	OK
 805	     0	72.1	138.6	1666	OK
 806	     0	75.7	143.3	1640	OK
 807	     0	73.3	136.0	1651	OK
 808	     0	75.5	142.7	1646	OK
 809	     0	72.5	138.6	1651	OK
 810	     0	73.4	138.6	1673	OK
 811	     0	75.0	140.7	1654	OK
 812	     0	72.2	137.9	1660	OK
 813	     0	74.4	143.0	1679	OK
 814	     0	73.8	139.0	1664	OK
 815	     0	73.3	140.0	1661	OK
 816	     0	73.7	137.7	1627	OK
 817	     0	71.5	136.5	1696	OK
 818	     0	72.9	138.6	1653	OK
 819	     0	73.9	142.7	1648	OK
 820	     0	70.5	134.2	1645	OK
 821	     0	73.5	140.9	1654	OK
 822	     0	74.2	143.2	1663	OK
 823	     0	75.9	143.6	1631	OK
 824	     0	72.7	138.5	1652	OK
 825	     0	75.0	144.3	1635	OK
 826	     0	75.8	143.1	1636	OK
 827	     0	73.2	141.2	1638	OK
 828	     0	75.6	144.5	1643	OK
 829	     0	74.9	141.8	1644	OK
 830	     0	75.9	146.7	1634	OK
 831	     0	74.4	139.8	1671	OK
 832	     0	74.9	142.0	1640	OK
 833	     0	74.7	140.7	1644	OK
 834	     0	75.6	143.8	1654	OK
 835	     0	75.5	142.9	1621	OK
 836	     0	73.5	139.1	1644	OK
 837	     0	71.1	135.7	1635	OK
 838	     0	72.3	141.0	1652	OK
 839	     0	73.1	142.4	1626	OK
 840	     0	73.2	138.5	1648	OK
 841	     0	74.0	139.9	1627	OK
 842	     0	73.2	138.0	1634	OK
 843	     0	73.3	135.8	1658	OK
 844	     0	74.4	137.7	1646	OK
 845	     0	75.0	142.8	1642	OK
 846	     0	75.7	146.3	1634	OK
 847	     0	74.6	139.2	1683	OK
 848	     0	73.9	140.1	1619	OK
 849	     0	73.1	141.5	1630	OK
 850	     0	73.0	141.2	1648	OK
 851	     0	72.3	137.8	1648	OK
 852	     0	74.1	138.7	1639	OK
 853	     0	74.9	141.7	1656	OK
 854	     0	75.6	143.4	1634	OK
 855	     0	73.2	139.7	1664	OK
 856	     0	76.7	143.6	1666	OK
 857	     0	74.9	141.3	1642	OK
 858	     0	72.9	140.3	1626	OK
 859	     0	73.7	139.3	1645	OK
 860	     0	76.6	143.3	1652	OK
 861	     0	75.8	142.5	1654	OK
 862	     0	72.9	136.9	1622	OK
 863	     0	74.8	143.4	1643	OK
 864	     0	74.0	147.6	1609	OK
 865	     0	74.9	141.7	1620	OK
 866	     0	73.5	138.5	1663	OK
 867	     0	72.0	134.0	1631	OK
 868	     0	72.4	138.1	1616	OK
 869	     0	73.4	137.2	1646	OK
 870	     0	74.5	141.1	1652	OK
 871	     0	71.4	135.5	1641	OK
 872	     0	72.8	137.6	1640	OK
 873	     0	74.7	140.6	1627	OK
 874	     0	72.0	134.7	1611	OK
 875	     0	71.3	124.7	1666	OK
 876	     0	74.6	139.3	1650	OK
 877	     0	73.8	137.2	1642	OK
 878	     0	73.9	143.4	1631	OK
 879	     0	72.1	114.7	1664	OK
 880	     0	73.5	138.9	1621	OK
 881	     0	74.6	142.6	1630	OK
 882	     0	75.0	141.0	1624	OK
 883	     0	75.5	141.6	1655	OK
 884	     0	73.2	139.8	1636	OK
 885	     0	76.2	145.3	1632	OK
 886	     0	74.2	141.5	1644	OK
 887	     0	75.7	145.0	1630	OK
 888	     0	75.8	141.3	1627	OK
 889	     0	74.7	140.1	1631	OK
 890	     0	76.2	146.5	1595	OK
 891	     0	75.0	142.0	1639	OK
 892	     0	75.2	140.7	1637	OK
 893	     0	75.6	140.7	1639	OK
 894	     0	76.5	146.4	1623	OK
 895	     0	75.7	144.3	1620	OK
 896	     0	73.9	136.9	1600	OK
 897	     0	75.9	142.4	1601	OK
 898	     0	74.7	141.3	1594	OK
 899	     0	75.6	142.6	1575	OK
 900	     0	75.6	144.1	1602	OK
 901	     0	73.9	138.1	1571	OK
 902	     0	72.9	133.5	1558	OK
 903	     0	75.2	141.0	1674	OK
 904	     0	71.5	131.7	1700	OK
 905	     0	72.4	136.9	1578	OK
 906	     0	74.4	135.8	1595	OK
 907	     0	71.8	135.4	1572	OK
 908	     0	74.4	137.9	1589	OK
 909	     0	72.2	134.8	1593	OK
 910	     0	72.9	138.6	1567	OK
 911	     0	71.7	133.8	1574	OK
 912	     0	72.7	134.1	1575	OK
 913	     0	74.6	139.0	1579	OK
 914	     0	74.6	137.0	1594	OK
 915	     0	73.8	140.8	1600	OK
 916	     0	73.1	137.3	1583	OK
 917	     0	75.8	140.4	1600	OK
 918	     0	74.2	137.5	1584	OK
 919	     0	74.3	136.6	1586	OK
 920	     0	71.9	135.1	1607	OK
 921	     0	71.8	137.9	1575	OK
 922	     0	73.1	136.0	1582	OK
 923	     0	73.5	136.1	1561	OK
 924	     0	74.2	136.3	1581	OK
 925	     0	72.2	137.1	1594	OK
 926	     0	73.7	139.2	1583	OK
 927	     0	74.4	140.5	1592	OK
 928	     0	73.7	138.1	1579	OK
 929	     0	72.5	136.0	1600	OK
 930	     0	75.5	139.7	1596	OK
 931	     0	73.2	137.9	1637	OK
 932	     0	72.1	135.7	1590	OK
 933	     0	72.0	134.0	1593	OK
 934	     0	74.7	169.2	1600	OK
 935	     0	72.7	136.8	1575	OK
 936	     0	71.7	134.5	1581	OK
 937	     0	72.1	136.3	1572	OK
 938	     0	72.2	139.1	1600	OK
 939	     0	73.9	138.3	1618	OK
 940	     0	74.0	139.2	1610	OK
 941	     0	72.8	136.1	1614	OK
 942	     0	74.4	142.3	1600	OK
 943	     0	73.2	137.2	1599	OK
 944	     0	74.2	137.3	1610	OK
 945	     0	76.6	142.8	1596	OK
 946	     0	73.1	135.3	1624	OK
 947	     0	73.8	137.5	1613	OK
 948	     0	75.6	142.0	1620	OK
 949	     0	74.1	146.3	1597	OK
 950	     0	74.0	137.8	1599	OK
 951	     0	72.5	137.2	1615	OK
 952	     0	73.8	139.1	1615	OK
 953	     0	75.9	141.7	1602	OK
 954	     0	75.2	142.0	1624	OK
 955	     0	74.4	140.5	1626	OK
 956	     0	75.6	143.1	1621	OK
 957	     0	74.7	141.3	1598	OK
 958	     0	75.8	143.3	1622	OK
 959	     0	74.2	140.6	1603	OK
 960	     0	75.4	143.3	1643	OK
 961	     0	72.5	137.5	1613	OK
 962	     0	72.3	136.9	1623	OK
 963	     0	72.2	156.3	1600	OK
 964	     0	73.4	140.3	1633	OK
 965	     0	75.1	143.3	1597	OK
 966	     0	72.0	137.1	1610	OK
 967	     0	74.0	136.2	1615	OK
 968	     0	75.0	137.2	1605	OK
 969	     0	72.6	138.5	1630	OK
 970	     0	72.8	137.5	1614	OK
 971	     0	73.6	140.2	1617	OK
 972	     0	72.5	136.5	1589	OK
 973	     0	73.7	136.5	1623	OK
 974	     0	71.7	134.3	1592	OK
 975	     0	72.8	139.1	1663	OK
 976	     0	73.0	137.9	1591	OK
 977	     0	71.6	135.4	1623	OK
 978	     0	72.8	140.2	1604	OK
 979	     0	72.9	137.9	1618	OK
 980	     0	72.8	136.7	1619	OK
 981	     0	71.8	137.9	1621	OK
 982	     0	73.8	140.5	1616	OK
 983	     0	70.2	130.2	1607	OK
 984	     0	72.5	134.5	1625	OK
 985	     0	71.3	134.5	1629	OK
 986	     0	71.7	138.4	1627	OK
 987	     0	69.9	133.0	1625	OK
 988	     0	71.8	134.4	1623	OK
 989	     0	72.4	136.1	1595	OK
 990	     0	70.2	134.2	1638	OK
 991	     0	71.8	133.5	1624	OK
 992	     0	72.0	134.5	1622	OK
 993	     0	70.9	137.6	1606	OK
 994	     0	70.6	133.4	1639	OK
 995	     0	70.0	137.0	1622	OK
 996	     0	72.8	134.9	1613	OK
 997	     0	71.5	136.5	1591	OK
 998	     0	68.7	131.4	1610	OK
 999	     0	71.8	137.9	1623	OK
1000	     0	72.6	138.6	1626	OK
1001	     0	72.6	137.7	1607	OK
1002	     0	72.6	136.2	1611	OK
1003	     0	71.4	138.8	1608	OK
1004	     0	72.4	136.4	1623	OK
1005	     0	70.5	133.1	1615	OK
1006	     0	73.2	138.4	1629	OK
1007	     0	71.8	133.7	1605	OK
1008	     0	72.4	137.0	1640	OK
1009	     0	72.8	136.6	1621	OK
1010	     0	73.6	139.7	1635	OK
1011	     0	72.1	136.3	1624	OK
1012	     0	71.3	136.8	1614	OK
1013	     0	71.3	134.7	1636	OK
1014	     0	69.4	131.5	1623	OK
1015	     0	71.8	135.8	1648	OK
1016	     0	72.1	138.4	1636	OK
1017	     0	72.2	135.5	1621	OK
1018	     0	71.8	135.8	1673	OK
1019	     0	73.2	140.3	1636	OK
1020	     0	73.3	134.7	1628	OK
1021	     0	74.3	141.4	1627	OK
1022	     0	73.4	143.0	1611	OK
1023	     0	73.5	140.4	1612	OK
1024	 80000	68.6	134.5	2619	very high noise
1025	 80000	72.1	134.3	2069	very high noise
1026	  4000	72.3	135.0	1796	high noise
1027	     0	70.8	137.5	1678	OK
1028	     0	71.9	134.0	1620	OK
1029	     0	71.3	137.1	1612	OK
1030	     0	69.9	132.4	1600	OK
1031	     0	71.4	133.7	1595	OK
1032	     0	72.0	140.1	1612	OK
1033	     0	71.4	136.4	1608	OK
1034	     0	69.8	131.7	1617	OK
1035	     0	71.3	135.1	1577	OK
1036	     0	70.5	136.8	1600	OK
1037	     0	71.0	133.0	1591	OK
1038	     0	71.4	134.1	1604	OK
1039	     0	72.6	137.9	1621	OK
1040	     0	73.0	141.2	1593	OK
1041	     0	69.6	132.1	1601	OK
1042	     0	70.7	134.3	1607	OK
1043	     0	69.0	130.6	1612	OK
1044	     0	70.4	135.2	1624	OK
1045	     0	71.0	134.9	1596	OK
1046	     0	69.1	132.7	1597	OK
1047	     0	70.1	133.8	1634	OK
1048	     0	70.9	137.2	1592	OK
1049	     0	71.8	139.8	1634	OK
1050	     0	70.8	134.8	1622	OK
1051	     0	69.0	130.2	1609	OK
1052	     0	71.7	133.8	1633	OK
1053	     0	70.4	132.8	1641	OK
1054	     0	72.9	139.0	1623	OK
1055	     0	69.6	129.9	1638	OK
1056	     0	70.8	133.6	1613	OK
1057	     0	69.6	133.8	1642	OK
1058	     0	71.1	134.2	1652	OK
1059	     0	67.8	130.3	1633	OK
1060	     0	70.7	132.6	1650	OK
1061	     0	69.4	131.3	1642	OK
1062	     0	69.5	133.5	1600	OK
1063	     0	69.3	132.5	1639	OK
1064	     0	68.4	129.6	1636	OK
1065	     0	73.4	138.1	1644	OK
1066	     0	68.5	130.1	1623	OK
1067	     0	68.6	131.7	1600	OK
1068	     0	67.9	130.9	1620	OK
1069	     0	67.8	132.4	1660	OK
1070	     0	68.7	132.4	1637	OK
1071	     0	67.7	129.2	1645	OK
1072	     0	69.0	128.0	1673	OK
1073	     0	70.5	134.8	1637	OK
1074	     0	70.9	137.6	1639	OK
1075	     0	70.2	133.7	1656	OK
1076	     0	70.9	136.4	1655	OK
1077	     0	69.3	133.5	1639	OK
1078	     0	69.9	134.4	1632	OK
1079	     0	71.1	134.6	1660	OK
1080	     0	69.2	135.2	1647	OK
1081	     0	70.2	134.1	1616	OK
1082	     0	70.7	133.1	1651	OK
1083	     0	72.8	138.8	1640	OK
1084	     0	71.3	135.6	1657	OK
1085	     0	71.5	132.9	1642	OK
1086	     0	73.1	136.1	1654	OK
1087	     0	73.0	138.0	1653	OK
1088	     0	69.9	132.9	1644	OK
1089	     0	71.2	132.8	1663	OK
1090	     0	68.5	133.5	1662	OK
1091	     0	69.9	135.5	1646	OK
1092	     0	68.9	133.8	1626	OK
1093	     0	68.0	133.4	1655	OK
1094	     0	69.7	133.2	1658	OK
1095	     0	68.0	131.0	1639	OK
1096	     0	69.5	131.2	1633	OK
1097	     0	68.1	127.6	1636	OK
1098	     0	69.1	131.2	1655	OK
1099	     0	70.5	134.6	1652	OK
1100	     0	68.7	128.0	1659	OK
1101	     0	66.1	124.4	1633	OK
1102	     0	69.7	132.9	1664	OK
1103	     0	69.0	134.7	1625	OK
1104	     0	70.3	133.1	1678	OK
1105	     0	68.4	128.0	1644	OK
1106	     0	69.8	135.3	1638	OK
1107	     0	68.3	128.8	1661	OK
1108	     0	68.0	129.8	1656	OK
1109	     0	68.1	132.3	1650	OK
1110	     0	68.0	130.5	1663	OK
1111	     0	69.3	130.1	1646	OK
1112	     0	68.7	133.7	1658	OK
1113	     0	68.9	130.5	1639	OK
1114	     0	66.4	126.9	1634	OK
1115	     0	68.3	129.3	1637	OK
1116	     0	69.3	130.6	1666	OK
1117	     0	70.6	134.3	1608	OK
1118	     0	70.4	134.0	1656	OK
1119	     0	71.7	133.0	1670	OK
1120	     0	68.3	131.4	1638	OK
1121	     0	70.8	133.6	1657	OK
1122	     0	70.3	131.3	1673	OK
1123	     0	69.5	128.9	1652	OK
1124	     0	68.8	132.8	1645	OK
1125	     0	72.1	134.6	1670	OK
1126	     0	69.5	131.5	1636	OK
1127	     0	70.9	134.3	1650	OK
1128	     0	69.8	130.7	1632	OK
1129	     0	70.0	132.4	1611	OK
1130	     0	70.7	134.0	1666	OK
1131	     0	69.7	133.2	1680	OK
1132	     0	68.7	128.2	1680	OK
1133	     0	71.8	136.4	1617	OK
1134	     0	69.7	132.0	1667	OK
1135	     0	71.1	134.7	1632	OK
1136	     0	69.4	133.0	1606	OK
1137	     0	70.3	133.0	1669	OK
1138	     0	69.5	132.6	1655	OK
1139	     0	67.2	131.7	1653	OK
1140	     0	69.7	135.0	1647	OK
1141	     0	70.5	133.9	1643	OK
1142	     0	70.0	135.8	1658	OK
1143	     0	71.3	134.1	1644	OK
1144	     0	70.5	134.2	1658	OK
1145	     0	71.9	138.5	1682	OK
1146	     0	70.6	132.2	1666	OK
1147	     0	69.4	133.9	1634	OK
1148	     0	71.5	133.7	1676	OK
1149	     0	70.9	134.4	1663	OK
1150	     0	70.4	134.2	1636	OK
1151	     0	70.7	130.8	1684	OK
1152	     0	74.6	142.1	1250	OK
1153	     0	74.3	141.5	1279	OK
1154	     0	73.9	140.9	1250	OK
1155	     0	72.7	138.9	1238	OK
1156	     0	73.4	143.4	1250	OK
1157	     0	74.4	144.2	1245	OK
1158	     0	75.4	145.7	1237	OK
1159	     0	74.1	142.6	1269	OK
1160	     0	72.1	138.8	1261	OK
1161	     0	72.6	139.1	1261	OK
1162	     0	71.9	137.6	1233	OK
1163	     0	70.9	135.5	1270	OK
1164	     0	71.1	136.5	1251	OK
1165	     0	73.5	139.6	1246	OK
1166	     0	73.7	141.3	1251	OK
1167	     0	73.2	140.8	1235	OK
1168	     0	74.2	142.9	1250	OK
1169	     0	72.1	136.7	1242	OK
1170	     0	72.4	141.3	1247	OK
1171	     0	73.1	138.2	1260	OK
1172	     0	72.1	139.2	1245	OK
1173	     0	72.9	137.7	1236	OK
1174	     0	70.5	136.8	1247	OK
1175	     0	73.9	141.8	1258	OK
1176	     0	71.8	137.6	1249	OK
1177	     0	74.9	142.0	1259	OK
1178	     0	73.8	140.0	1247	OK
1179	     0	71.9	138.3	1240	OK
1180	     0	73.3	140.3	1253	OK
1181	     0	73.1	139.1	1271	OK
1182	     0	71.7	139.1	1245	OK
1183	     0	71.9	141.3	1242	OK
1184	     0	71.0	137.0	1254	OK
1185	     0	71.8	139.5	1263	OK
1186	     0	72.8	141.6	1230	OK
1187	     0	72.9	141.4	1258	OK
1188	     0	71.9	135.8	1248	OK
1189	     0	72.5	140.2	1267	OK
1190	     0	71.6	136.2	1245	OK
1191	     0	73.7	141.8	1254	OK
1192	     0	72.3	138.9	1255	OK
1193	     0	74.0	141.4	1252	OK
1194	     0	73.0	138.0	1247	OK
1195	     0	72.6	138.6	1275	OK
1196	     0	72.7	140.3	1247	OK
1197	     0	72.4	140.1	1244	OK
1198	     0	73.8	142.4	1246	OK
1199	     0	74.8	141.3	1245	OK
1200	     0	75.0	143.5	1221	OK
1201	     0	74.9	145.8	1248	OK
1202	     0	74.6	144.3	1256	OK
1203	     0	75.3	143.2	1261	OK
1204	     0	73.2	142.0	1238	OK
1205	     0	74.8	143.8	1246	OK
1206	     0	72.4	140.0	1250	OK
1207	     0	75.8	148.4	1259	OK
1208	     0	74.1	146.1	1218	OK
1209	     0	73.8	142.2	1244	OK
1210	     0	72.3	140.7	1244	OK
1211	     0	72.9	142.2	1255	OK
1212	     0	75.1	144.9	1259	OK
1213	     0	75.8	146.0	1257	OK
1214	     0	74.9	146.1	1259	OK
1215	     0	75.3	143.7	1230	OK
1216	     0	75.4	144.6	1260	OK
1217	     0	73.9	144.1	1243	OK
1218	     0	72.8	142.1	1260	OK
1219	     0	73.9	139.6	1280	OK
1220	     0	70.7	136.5	1248	OK
1221	     0	70.6	141.2	1241	OK
1222	     0	72.0	139.3	1247	OK
1223	     0	73.9	143.0	1237	OK
1224	     0	73.4	140.8	1228	OK
1225	     0	74.6	144.1	1238	OK
1226	     0	74.6	139.4	1223	OK
1227	     0	73.6	140.3	1261	OK
1228	     0	74.2	144.0	1241	OK
1229	     0	73.2	141.7	1242	OK
1230	     0	73.4	143.0	1251	OK
1231	     0	73.3	142.1	1234	OK
1232	     0	75.9	143.5	1231	OK
1233	     0	72.2	139.4	1244	OK
1234	     0	73.1	141.0	1236	OK
1235	     0	76.1	148.7	1239	OK
1236	     0	73.3	139.8	1264	OK
1237	     0	73.6	140.3	1252	OK
1238	     0	71.7	138.2	1251	OK
1239	     0	73.4	140.3	1251	OK
1240	     0	74.6	143.6	1244	OK
1241	     0	72.3	140.9	1241	OK
1242	     0	75.5	145.9	1245	OK
1243	     0	71.8	138.6	1257	OK
1244	     0	72.1	139.4	1252	OK
1245	     0	72.6	138.6	1243	OK
1246	     0	72.3	139.3	1233	OK
1247	     0	73.0	139.2	1242	OK
1248	     0	71.9	139.3	1247	OK
1249	     0	74.1	142.7	1241	OK
1250	     0	74.2	141.5	1238	OK
1251	     0	75.9	146.5	1230	OK
1252	     0	72.8	140.7	1241	OK
1253	     0	75.0	142.1	1255	OK
1254	     0	74.6	143.7	1240	OK
1255	     0	74.0	141.3	1241	OK
1256	     0	75.9	146.6	1247	OK
1257	     0	73.9	142.2	1244	OK
1258	     0	72.9	138.9	1257	OK
1259	     0	71.7	137.4	1221	OK
1260	     0	72.8	142.9	1227	OK
1261	     0	73.2	143.8	1230	OK
1262	     0	72.8	139.7	1229	OK
1263	     0	73.8	141.1	1238	OK
1264	     0	71.7	138.7	1247	OK
1265	     0	74.1	143.4	1237	OK
1266	     0	75.2	143.9	1237	OK
1267	     0	74.1	142.4	1260	OK
1268	     0	72.8	140.1	1252	OK
1269	     0	74.5	143.1	1241	OK
1270	     0	74.7	143.5	1253	OK
1271	     0	75.0	142.8	1268	OK
1272	     0	76.3	144.1	1257	OK
1273	     0	74.7	143.1	1261	OK
1274	     0	75.5	141.1	1267	OK
1275	     0	72.6	140.6	1288	OK
1276	  4000	76.1	145.8	1326	high noise
1277	  4000	76.6	149.1	1417	high noise
1278	  4000	75.1	143.5	1623	high noise
1279	 80000	73.1	142.2	2152	very high noise
1280	     0	74.2	141.5	1249	OK
1281	     0	73.1	141.0	1256	OK
1282	     0	73.1	141.1	1269	OK
1283	     0	72.5	140.9	1252	OK
1284	     0	73.1	137.0	1253	OK
1285	     0	72.2	139.0	1261	OK
1286	     0	71.5	137.7	1232	OK
1287	     0	71.3	133.8	1262	OK
1288	     0	71.5	137.6	1254	OK
1289	     0	72.9	139.3	1263	OK
1290	     0	70.1	135.2	1240	OK
1291	     0	70.8	137.1	1240	OK
1292	     0	71.0	135.6	1239	OK
1293	     0	71.9	139.8	1247	OK
1294	     0	71.5	137.9	1263	OK
1295	     0	72.0	136.0	1239	OK
1296	     0	72.8	141.8	1233	OK
1297	     0	71.1	138.4	1248	OK
1298	     0	70.5	135.9	1247	OK
1299	     0	70.4	136.0	1235	OK
1300	     0	71.3	136.3	1238	OK
1301	     0	72.9	138.9	1267	OK
1302	     0	72.0	136.3	1228	OK
1303	     0	70.0	134.4	1242	OK
1304	     0	72.2	138.2	1261	OK
1305	     0	71.5	137.6	1232	OK
1306	     0	70.5	134.5	1235	OK
1307	     0	71.5	138.8	1241	OK
1308	     0	71.7	136.8	1227	OK
1309	     0	71.4	138.7	1249	OK
1310	     0	72.4	141.3	1230	OK
1311	     0	69.7	133.1	1261	OK
1312	     0	67.4	131.1	1245	OK
1313	     0	69.8	134.5	1245	OK
1314	     0	70.8	136.5	1247	OK
1315	     0	70.8	139.2	1257	OK
1316	     0	68.1	132.5	1238	OK
1317	     0	70.6	135.1	1268	OK
1318	     0	73.5	140.4	1251	OK
1319	     0	72.1	137.1	1250	OK
1320	     0	72.6	137.8	1236	OK
1321	     0	71.8	137.7	1259	OK
1322	     0	71.4	139.9	1253	OK
1323	     0	72.5	158.8	1261	OK
1324	     0	72.3	138.4	1258	OK
1325	     0	71.0	140.0	1255	OK
1326	     0	71.8	137.0	1254	OK
1327	     0	71.0	139.4	1240	OK
1328	     0	71.8	136.9	1258	OK
1329	     0	70.5	136.8	1275	OK
1330	     0	70.4	136.3	1247	OK
1331	     0	71.3	137.5	1256	OK
1332	     0	70.8	135.1	1261	OK
1333	     0	69.7	134.2	1226	OK
1334	     0	72.1	139.6	1243	OK
1335	     0	71.6	140.3	1237	OK
1336	     0	71.4	137.3	1257	OK
1337	     0	71.1	138.0	1276	OK
1338	     0	70.6	141.0	1220	OK
1339	     0	71.0	138.6	1249	OK
1340	     0	72.4	138.7	1232	OK
1341	     0	71.4	137.9	1228	OK
1342	     0	73.5	141.0	1258	OK
1343	     0	73.6	142.6	1245	OK
1344	     0	71.7	138.0	1245	OK
1345	     0	72.8	139.3	1245	OK
1346	     0	72.8	138.2	1260	OK
1347	     0	72.1	138.0	1250	OK
1348	     0	71.4	140.7	1263	OK
1349	     0	70.8	136.9	1262	OK
1350	     0	71.6	140.4	1266	OK
1351	     0	70.0	133.7	1274	OK
1352	     0	71.3	137.7	1268	OK
1353	     0	71.9	136.6	1223	OK
1354	     0	73.5	144.4	1254	OK
1355	     0	71.5	138.3	1250	OK
1356	     0	72.2	138.0	1237	OK
1357	     0	72.7	139.1	1274	OK
1358	     0	71.3	138.1	1238	OK
1359	     0	71.4	139.6	1268	OK
1360	     0	71.4	135.6	1255	OK
1361	     0	73.0	137.9	1262	OK
1362	     0	70.6	134.9	1266	OK
1363	     0	68.5	134.0	1255	OK
1364	     0	72.5	139.2	1231	OK
1365	     0	70.7	137.7	1254	OK
1366	     0	72.1	140.5	1269	OK
1367	     0	71.0	138.0	1237	OK
1368	     0	69.2	134.9	1238	OK
1369	     0	70.2	134.8	1255	OK
1370	     0	70.5	134.2	1237	OK
1371	     0	72.6	139.4	1246	OK
1372	     0	70.4	134.9	1247	OK
1373	     0	69.1	132.4	1225	OK
1374	     0	71.9	137.1	1264	OK
1375	     0	71.3	135.4	1244	OK
1376	     0	73.7	140.6	1248	OK
1377	     0	70.5	136.1	1253	OK
1378	     0	70.0	133.5	1217	OK
1379	     0	68.9	132.8	1265	OK
1380	     0	68.1	133.1	1267	OK
1381	     0	69.7	134.0	1253	OK
1382	     0	71.4	139.4	1278	OK
1383	     0	71.9	137.2	1264	OK
1384	     0	71.5	139.0	1232	OK
1385	     0	71.0	135.1	1237	OK
1386	     0	70.2	136.3	1256	OK
1387	     0	71.9	135.6	1245	OK
1388	     0	71.3	137.4	1246	OK
1389	     0	70.6	134.9	1249	OK
1390	     0	72.9	142.2	1232	OK
1391	     0	70.1	135.3	1243	OK
1392	     0	71.0	137.7	1249	OK
1393	     0	72.1	139.7	1243	OK
1394	     0	72.3	137.9	1243	OK
1395	     0	72.1	139.9	1268	OK
1396	     0	73.0	138.0	1256	OK
1397	     0	70.1	135.5	1244	OK
1398	     0	71.3	138.1	1255	OK
1399	     0	71.4	137.6	1266	OK
1400	     0	73.8	141.7	1236	OK
1401	     0	71.3	136.1	1244	OK
1402	     0	70.6	136.7	1241	OK
1403	     0	71.8	150.3	1252	OK
1404	     0	70.0	136.2	1269	OK
1405	     0	71.9	137.8	1256	OK
1406	     0	72.4	140.2	1265	OK
1407	     0	73.4	139.8	1243	OK
1408	     0	78.6	150.5	1223	OK
1409	     0	78.5	149.1	1221	OK
1410	     0	78.9	149.6	1236	OK
1411	     0	74.7	141.5	1227	OK
1412	     0	77.0	147.0	1201	OK
1413	     0	75.1	140.9	1209	OK
1414	     0	79.4	148.5	1211	OK
1415	     0	77.4	147.4	1239	OK
1416	     0	76.0	145.1	1206	OK
1417	     0	76.8	143.2	1224	OK
1418	     0	78.6	152.6	1202	OK
1419	     0	75.9	146.0	1203	OK
1420	     0	75.4	142.6	1218	OK
1421	     0	74.4	142.8	1226	OK
1422	     0	75.5	144.0	1181	OK
1423	     0	74.6	140.5	1221	OK
1424	     0	76.4	147.1	1214	OK
1425	     0	73.5	140.2	1217	OK
1426	     0	75.1	141.9	1218	OK
1427	     0	76.6	147.1	1205	OK
1428	     0	73.5	140.0	1222	OK
1429	     0	75.6	143.8	1205	OK
1430	     0	76.7	145.1	1204	OK
1431	     0	75.4	143.8	1206	OK
1432	     0	74.1	141.9	1230	OK
1433	     0	76.6	144.3	1216	OK
1434	     0	76.3	145.6	1214	OK
1435	     0	75.6	145.6	1219	OK
1436	     0	75.5	143.6	1212	OK
1437	     0	75.2	144.4	1203	OK
1438	     0	74.3	139.5	1204	OK
1439	     0	74.6	142.2	1195	OK
1440	     0	74.3	142.9	1202	OK
1441	     0	77.0	146.0	1228	OK
1442	     0	77.6	148.3	1218	OK
1443	     0	76.2	145.1	1219	OK
1444	     0	77.2	144.7	1225	OK
1445	     0	75.7	143.8	1222	OK
1446	     0	75.0	142.8	1236	OK
1447	     0	76.7	147.1	1224	OK
1448	     0	74.3	140.1	1225	OK
1449	     0	74.3	142.9	1229	OK
1450	     0	75.9	142.3	1209	OK
1451	     0	76.2	144.6	1249	OK
1452	     0	73.7	143.4	1229	OK
1453	     0	73.6	139.9	1215	OK
1454	     0	76.5	144.1	1237	OK
1455	     0	76.5	145.7	1223	OK
1456	     0	75.3	145.4	1204	OK
1457	     0	76.1	144.1	1210	OK
1458	     0	74.9	145.6	1230	OK
1459	     0	76.7	147.0	1227	OK
1460	     0	76.3	144.1	1224	OK
1461	     0	75.1	143.5	1217	OK
1462	     0	77.3	145.9	1216	OK
1463	     0	76.7	145.9	1233	OK
1464	     0	76.6	143.3	1225	OK
1465	     0	77.9	151.0	1229	OK
1466	     0	76.8	145.5	1222	OK
1467	     0	77.4	147.8	1232	OK
1468	     0	78.6	148.7	1229	OK
1469	     0	78.7	149.8	1223	OK
1470	     0	79.6	150.3	1210	OK
1471	     0	80.2	153.0	1226	OK
1472	     0	78.3	147.1	1225	OK
1473	     0	76.1	148.1	1207	OK
1474	     0	76.4	143.8	1232	OK
1475	     0	78.4	149.2	1225	OK
1476	     0	76.4	145.3	1209	OK
1477	     0	77.2	146.2	1205	OK
1478	     0	76.0	144.1	1223	OK
1479	     0	75.5	146.9	1223	OK
1480	     0	77.8	147.9	1217	OK
1481	     0	77.0	149.4	1232	OK
1482	     0	76.1	145.7	1226	OK
1483	     0	77.4	148.3	1211	OK
1484	     0	75.7	146.9	1188	OK
1485	     0	77.1	146.4	1247	OK
1486	     0	76.1	143.0	1215	OK
1487	     0	77.9	145.9	1242	OK
1488	     0	79.2	148.6	1229	OK
1489	     0	74.1	139.4	1237	OK
1490	     0	76.2	144.3	1192	OK
1491	     0	77.1	148.4	1228	OK
1492	     0	74.1	141.5	1233	OK
1493	     0	76.4	144.3	1231	OK
1494	     0	77.3	145.8	1197	OK
1495	     0	74.7	141.8	1238	OK
1496	     0	74.8	142.9	1211	OK
1497	     0	77.0	145.9	1237	OK
1498	     0	75.8	144.9	1197	OK
1499	     0	76.2	146.8	1211	OK
1500	     0	77.4	148.6	1212	OK
1501	     0	74.3	143.0	1233	OK
1502	     0	75.1	140.7	1222	OK
1503	     0	76.2	145.9	1224	OK
1504	     0	77.3	148.4	1225	OK
1505	     0	75.4	141.8	1209	OK
1506	     0	78.3	149.7	1244	OK
1507	     0	76.6	144.7	1229	OK
1508	     0	76.4	148.0	1215	OK
1509	     0	78.5	147.2	1207	OK
1510	     0	76.4	146.7	1219	OK
1511	     0	76.0	144.7	1216	OK
1512	     0	77.7	147.7	1208	OK
1513	     0	78.3	151.5	1208	OK
1514	     0	75.1	142.9	1210	OK
1515	     0	75.2	147.3	1208	OK
1516	     0	77.0	147.5	1214	OK
1517	     0	76.0	145.9	1193	OK
1518	     0	75.7	145.4	1214	OK
1519	     0	75.8	143.3	1226	OK
1520	     0	75.4	142.0	1227	OK
1521	     0	77.5	145.1	1201	OK
1522	     0	75.8	147.8	1226	OK
1523	     0	76.9	148.1	1223	OK
1524	     0	77.5	149.6	1195	OK
1525	     0	77.6	148.4	1203	OK
1526	     0	78.3	146.0	1214	OK
1527	     0	76.2	143.6	1202	OK
1528	     0	77.1	148.4	1192	OK
1529	     0	80.1	150.4	1228	OK
1530	     0	77.2	148.5	1211	OK
1531	     0	78.2	150.6	1213	OK
1532	     0	76.8	147.5	1203	OK
1533	     0	77.6	147.5	1219	OK
1534	     0	76.6	145.6	1207	OK
1535	     0	75.6	142.3	1208	OK
1536	     0	72.0	140.8	1284	OK
1537	     0	74.2	142.4	1278	OK
1538	     0	72.2	136.5	1277	OK
1539	     0	70.5	134.7	1298	OK
1540	     0	73.2	141.3	1252	OK
1541	     0	73.0	138.1	1273	OK
1542	     0	71.0	135.9	1278	OK
1543	     0	70.5	137.7	1259	OK
1544	     0	72.1	138.7	1264	OK
1545	     0	70.8	136.3	1278	OK
1546	     0	71.3	138.1	1277	OK
1547	     0	70.4	134.2	1283	OK
1548	     0	73.2	138.6	1263	OK
1549	     0	71.4	135.9	1273	OK
1550	     0	69.7	133.8	1260	OK
1551	     0	71.2	135.5	1269	OK
1552	     0	70.4	136.6	1276	OK
1553	     0	70.0	132.4	1280	OK
1554	     0	72.5	140.2	1289	OK
1555	     0	70.1	135.7	1283	OK
1556	     0	72.4	135.4	1268	OK
1557	     0	70.8	136.2	1278	OK
1558	     0	71.5	135.6	1278	OK
1559	     0	71.4	138.5	1283	OK
1560	     0	70.9	138.1	1246	OK
1561	     0	73.8	142.4	1277	OK
1562	     0	72.1	136.3	1273	OK
1563	     0	72.4	137.6	1261	OK
1564	     0	73.0	137.8	1252	OK
1565	     0	71.3	136.7	1271	OK
1566	     0	71.1	136.8	1255	OK
1567	     0	70.6	135.0	1268	OK
1568	     0	71.1	137.4	1279	OK
1569	     0	70.2	135.5	1285	OK
1570	     0	69.4	131.8	1274	OK
1571	     0	69.6	134.8	1270	OK
1572	     0	70.8	133.9	1278	OK
1573	     0	70.1	133.7	1284	OK
1574	     0	72.3	139.2	1273	OK
1575	     0	70.6	134.4	1277	OK
1576	     0	70.1	136.2	1266	OK
1577	     0	70.2	132.8	1274	OK
1578	     0	70.9	136.4	1288	OK
1579	     0	70.9	137.9	1273	OK
1580	     0	71.5	135.7	1270	OK
1581	     0	71.2	135.7	1276	OK
1582	     0	71.3	137.4	1275	OK
1583	     0	71.5	137.5	1282	OK
1584	     0	69.4	131.6	1262	OK
1585	     0	69.9	131.1	1245	OK
1586	     0	72.4	137.5	1260	OK
1587	     0	72.2	137.5	1279	OK
1588	     0	72.4	137.8	1296	OK
1589	     0	72.0	138.1	1281	OK
1590	     0	69.2	134.2	1298	OK
1591	     0	70.7	137.0	1280	OK
1592	     0	70.3	137.7	1257	OK
1593	     0	72.6	136.8	1276	OK
1594	     0	72.4	137.3	1267	OK
1595	     0	74.8	141.3	1284	OK
1596	     0	71.6	137.1	1293	OK
1597	     0	73.0	140.6	1279	OK
1598	     0	74.1	142.0	1284	OK
1599	     0	72.4	138.2	1287	OK
1600	     0	71.7	137.3	1276	OK
1601	     0	70.2	138.0	1260	OK
1602	     0	72.7	137.9	1268	OK
1603	     0	71.4	136.7	1283	OK
1604	     0	71.4	136.1	1277	OK
1605	     0	72.4	139.1	1272	OK
1606	     0	70.1	134.6	1262	OK
1607	     0	71.8	134.1	1289	OK
1608	     0	71.6	138.6	1264	OK
1609	     0	71.8	140.1	1264	OK
1610	     0	71.1	138.8	1277	OK
1611	     0	70.6	135.7	1280	OK
1612	     0	72.1	136.6	1264	OK
1613	     0	72.7	138.0	1283	OK
1614	     0	70.7	135.6	1239	OK
1615	     0	69.2	133.1	1288	OK
1616	     0	69.6	133.3	1281	OK
1617	     0	70.6	134.6	1261	OK
1618	     0	69.1	133.2	1274	OK
1619	     0	70.9	136.2	1299	OK
1620	     0	69.8	135.7	1267	OK
1621	     0	70.0	134.4	1291	OK
1622	     0	69.8	133.7	1268	OK
1623	     0	70.9	133.5	1267	OK
1624	     0	69.5	136.2	1260	OK
1625	     0	71.4	134.6	1262	OK
1626	     0	70.7	136.7	1258	OK
1627	     0	69.5	134.2	1272	OK
1628	     0	70.5	137.2	1252	OK
1629	     0	71.3	137.4	1262	OK
1630	     0	67.9	131.6	1250	OK
1631	     0	71.1	135.6	1257	OK
1632	     0	70.1	135.8	1261	OK
1633	     0	71.7	136.9	1290	OK
1634	     0	70.1	133.7	1279	OK
1635	     0	69.5	131.5	1273	OK
1636	     0	69.8	134.5	1257	OK
1637	     0	69.8	132.8	1261	OK
1638	     0	72.4	136.8	1260	OK
1639	     0	71.6	136.7	1268	OK
1640	     0	71.3	134.0	1273	OK
1641	     0	70.2	134.7	1262	OK
1642	     0	69.7	131.8	1236	OK
1643	     0	69.4	132.9	1249	OK
1644	     0	71.5	139.0	1266	OK
1645	     0	70.6	136.9	1262	OK
1646	     0	70.8	136.8	1249	OK
1647	     0	70.0	135.7	1274	OK
1648	     0	71.5	134.9	1242	OK
1649	     0	70.1	135.1	1286	OK
1650	     0	72.8	137.6	1258	OK
1651	     0	72.8	136.5	1276	OK
1652	     0	71.1	134.9	1285	OK
1653	     0	69.1	130.2	1258	OK
1654	     0	69.8	133.2	1264	OK
1655	     0	69.9	137.8	1282	OK
1656	     0	70.3	136.6	1267	OK
1657	     0	70.7	133.4	1275	OK
1658	     0	71.1	135.2	1300	OK
1659	     0	71.6	136.6	1254	OK
1660	     0	71.5	134.9	1283	OK
1661	     0	74.3	142.4	1274	OK
1662	     0	71.8	135.8	1273	OK
1663	     0	71.8	135.5	1288	OK
1664	     0	74.1	141.9	1177	OK
1665	     0	76.7	154.8	1191	OK
1666	     0	73.8	141.6	1173	OK
1667	     0	76.9	145.4	1179	OK
1668	     0	72.1	138.1	1194	OK
1669	     0	75.1	142.0	1195	OK
1670	     0	72.6	141.7	1168	OK
1671	     0	73.2	139.1	1176	OK
1672	     0	74.7	144.8	1185	OK
1673	     0	75.2	141.7	1179	OK
1674	     0	74.4	143.2	1168	OK
1675	     0	73.8	141.8	1184	OK
1676	     0	75.6	143.3	1175	OK
1677	     0	74.1	139.1	1178	OK
1678	     0	74.4	143.5	1160	OK
1679	     0	73.6	141.4	1179	OK
1680	     0	74.6	142.4	1187	OK
1681	     0	75.3	142.0	1177	OK
1682	     0	73.0	142.4	1159	OK
1683	     0	75.0	142.1	1173	OK
1684	     0	74.8	145.0	1186	OK
1685	     0	74.1	140.7	1185	OK
1686	     0	71.8	138.0	1202	OK
1687	     0	75.7	142.3	1174	OK
1688	     0	75.0	142.5	1168	OK
1689	     0	72.5	137.7	1178	OK
1690	     0	74.0	141.9	1164	OK
1691	     0	75.4	144.9	1159	OK
1692	     0	73.7	140.4	1173	OK
1693	     0	73.9	138.5	1192	OK
1694	     0	73.6	140.5	1166	OK
1695	     0	74.5	145.1	1188	OK
1696	     0	74.9	144.1	1168	OK
1697	     0	74.1	141.3	1189	OK
1698	     0	71.7	135.5	1194	OK
1699	     0	74.6	145.2	1201	OK
1700	     0	73.8	140.5	1189	OK
1701	     0	74.6	142.7	1185	OK
1702	     0	75.8	144.2	1188	OK
1703	     0	73.8	139.8	1195	OK
1704	     0	74.4	140.7	1182	OK
1705	     0	74.0	140.9	1187	OK
1706	     0	74.1	142.4	1181	OK
1707	     0	73.3	139.1	1183	OK
1708	     0	74.4	139.8	1181	OK
1709	     0	74.2	141.3	1189	OK
1710	     0	74.6	142.5	1172	OK
1711	     0	73.3	137.9	1189	OK
1712	     0	73.9	140.8	1181	OK
1713	     0	73.1	140.8	1175	OK
1714	     0	73.4	139.3	1175	OK
1715	     0	73.3	142.1	1166	OK
1716	     0	74.1	142.3	1175	OK
1717	     0	75.6	145.4	1195	OK
1718	     0	75.5	142.8	1174	OK
1719	     0	72.4	135.8	1186	OK
1720	     0	74.2	141.8	1195	OK
1721	     0	73.2	142.2	1179	OK
1722	     0	75.6	144.6	1165	OK
1723	     0	76.0	146.3	1183	OK
1724	     0	76.7	144.1	1179	OK
1725	     0	75.2	144.1	1208	OK
1726	     0	76.6	144.3	1159	OK
1727	     0	79.3	151.2	1176	OK
1728	     0	74.3	140.9	1170	OK
1729	     0	75.1	143.2	1176	OK
1730	     0	74.4	139.7	1189	OK
1731	     0	74.2	142.8	1177	OK
1732	     0	76.6	143.0	1188	OK
1733	     0	74.4	140.2	1183	OK
1734	     0	78.7	151.8	1198	OK
1735	     0	75.7	143.9	1177	OK
1736	     0	76.2	144.3	1189	OK
1737	     0	76.6	146.9	1174	OK
1738	     0	73.4	140.9	1151	OK
1739	     0	72.9	140.7	1172	OK
1740	     0	75.5	146.1	1181	OK
1741	     0	76.1	147.2	1180	OK
1742	     0	74.7	144.9	1159	OK
1743	     0	77.2	145.9	1188	OK
1744	     0	73.7	141.8	1175	OK
1745	     0	76.0	143.8	1182	OK
1746	     0	76.6	144.5	1160	OK
1747	     0	76.0	143.9	1177	OK
1748	     0	73.4	142.3	1158	OK
1749	     0	74.2	141.0	1182	OK
1750	     0	75.7	144.4	1167	OK
1751	     0	73.6	142.0	1170	OK
1752	     0	72.6	139.8	1173	OK
1753	     0	74.2	142.4	1175	OK
1754	     0	74.0	142.4	1184	OK
1755	     0	72.0	140.1	1159	OK
1756	     0	73.9	141.3	1176	OK
1757	     0	74.6	140.6	1175	OK
1758	     0	73.5	138.9	1180	OK
1759	     0	75.6	146.7	1170	OK
1760	     0	74.4	142.8	1172	OK
1761	     0	73.0	139.5	1167	OK
1762	     0	74.1	141.3	1153	OK
1763	     0	75.2	144.5	1178	OK
1764	     0	74.9	143.2	1177	OK
1765	     0	74.6	144.1	1173	OK
1766	     0	76.9	144.8	1159	OK
1767	     0	75.0	143.1	1177	OK
1768	     0	75.3	141.9	1186	OK
1769	     0	76.5	145.9	1158	OK
1770	     0	74.4	143.2	1158	OK
1771	     0	74.1	142.4	1171	OK
1772	     0	74.2	140.1	1161	OK
1773	     0	75.3	142.8	1173	OK
1774	     0	76.0	144.9	1160	OK
1775	     0	74.1	142.5	1160	OK
1776	     0	75.1	144.4	1162	OK
1777	     0	73.9	142.8	1169	OK
1778	     0	75.2	144.5	1173	OK
1779	     0	77.3	147.0	1178	OK
1780	     0	74.5	143.6	1136	OK
1781	     0	74.8	140.3	1146	OK
1782	     0	78.0	148.6	1183	OK
1783	     0	73.8	139.5	1185	OK
1784	     0	73.5	141.0	1173	OK
1785	     0	74.7	144.9	1155	OK
1786	     0	74.4	142.4	1184	OK
1787	     0	73.8	142.4	1177	OK
1788	     0	76.5	143.2	1188	OK
1789	     0	77.3	149.4	1184	OK
1790	     0	78.6	148.9	1126	OK
1791	     0	75.6	144.8	1169	OK
1792	     0	77.5	146.9	1208	OK
1793	     0	78.9	147.5	1206	OK
1794	     0	77.2	146.2	1222	OK
1795	     0	78.0	146.5	1204	OK
1796	     0	76.3	145.7	1199	OK
1797	     0	76.4	143.7	1231	OK
1798	     0	76.8	145.1	1222	OK
1799	     0	78.1	149.9	1201	OK
1800	     0	76.3	144.3	1216	OK
1801	     0	76.6	146.1	1217	OK
1802	     0	77.4	144.6	1221	OK
1803	     0	77.9	147.4	1209	OK
1804	     0	77.2	146.0	1207	OK
1805	     0	74.9	142.6	1226	OK
1806	     0	77.5	145.0	1193	OK
1807	     0	76.4	144.1	1215	OK
1808	     0	76.7	145.0	1208	OK
1809	     0	74.6	141.6	1203	OK
1810	     0	75.7	144.5	1215	OK
1811	     0	75.4	142.2	1220	OK
1812	     0	78.3	148.9	1216	OK
1813	     0	77.9	143.4	1232	OK
1814	     0	76.1	145.2	1211	OK
1815	     0	76.6	146.2	1224	OK
1816	     0	77.1	144.1	1208	OK
1817	     0	77.0	143.4	1242	OK
1818	     0	74.8	141.5	1215	OK
1819	     0	76.0	141.9	1215	OK
1820	     0	75.7	142.6	1198	OK
1821	     0	75.0	143.2	1232	OK
1822	     0	75.9	142.1	1216	OK
1823	     0	75.1	142.8	1222	OK
1824	     0	75.3	143.5	1205	OK
1825	     0	76.9	144.0	1229	OK
1826	     0	75.5	140.7	1209	OK
1827	     0	75.5	143.8	1211	OK
1828	     0	74.9	142.0	1204	OK
1829	     0	75.0	143.2	1244	OK
1830	     0	77.2	146.2	1223	OK
1831	     0	76.9	145.7	1241	OK
1832	     0	75.9	145.0	1222	OK
1833	     0	75.0	142.4	1231	OK
1834	     0	76.8	146.0	1235	OK
1835	     0	78.9	150.1	1237	OK
1836	     0	78.3	149.4	1227	OK
1837	     0	73.8	140.5	1238	OK
1838	     0	75.6	142.5	1223	OK
1839	     0	76.9	144.9	1225	OK
1840	     0	75.0	140.8	1235	OK
1841	     0	77.0	145.5	1222	OK
1842	     0	76.3	144.2	1228	OK
1843	     0	79.2	148.5	1235	OK
1844	     0	78.3	146.1	1208	OK
1845	     0	73.6	139.4	1219	OK
1846	     0	76.9	144.1	1233	OK
1847	     0	78.5	148.3	1232	OK
1848	     0	76.8	147.4	1225	OK
1849	     0	77.2	147.2	1233	OK
1850	     0	76.5	143.4	1246	OK
1851	     0	77.0	150.7	1241	OK
1852	     0	77.8	148.0	1227	OK
1853	     0	76.5	144.9	1231	OK
1854	     0	78.9	148.8	1235	OK
1855	     0	80.1	149.4	1239	OK
1856	     0	77.3	148.3	1216	OK
1857	     0	77.2	147.6	1222	OK
1858	     0	76.5	144.5	1224	OK
1859	     0	75.0	144.5	1231	OK
1860	     0	75.4	143.5	1258	OK
1861	     0	75.4	145.5	1229	OK
1862	     0	74.3	141.7	1222	OK
1863	     0	76.2	142.6	1248	OK
1864	     0	75.0	141.4	1242	OK
1865	     0	76.0	143.4	1236	OK
1866	     0	77.1	146.2	1232	OK
1867	     0	77.7	148.5	1228	OK
1868	     0	75.8	143.7	1225	OK
1869	     0	74.8	141.3	1229	OK
1870	     0	74.9	142.9	1235	OK
1871	     0	73.8	138.5	1221	OK
1872	     0	76.5	143.7	1212	OK
1873	     0	75.3	143.1	1186	OK
1874	     0	73.6	139.4	1248	OK
1875	     0	73.9	142.3	1220	OK
1876	     0	74.6	141.5	1200	OK
1877	     0	73.5	141.2	1233	OK
1878	     0	70.9	135.2	1223	OK
1879	     0	74.8	143.3	1243	OK
1880	     0	76.6	145.3	1221	OK
1881	     0	74.4	139.7	1245	OK
1882	     0	72.0	138.0	1214	OK
1883	     0	74.9	144.7	1228	OK
1884	     0	73.9	141.0	1221	OK
1885	     0	71.6	137.2	1264	OK
1886	     0	74.7	141.6	1221	OK
1887	     0	76.1	145.2	1220	OK
1888	     0	73.3	138.4	1242	OK
1889	     0	75.7	141.3	1221	OK
1890	     0	73.8	142.5	1223	OK
1891	     0	75.5	143.0	1239	OK
1892	     0	75.5	142.7	1232	OK
1893	     0	74.0	140.5	1255	OK
1894	     0	73.2	142.3	1234	OK
1895	     0	73.6	142.1	1236	OK
1896	     0	73.5	139.2	1248	OK
1897	     0	71.2	137.4	1227	OK
1898	     0	75.1	142.3	1242	OK
1899	     0	73.3	141.2	1232	OK
1900	     0	72.9	139.6	1236	OK
1901	     0	73.8	142.6	1216	OK
1902	     0	75.2	142.9	1205	OK
1903	     0	73.3	140.3	1269	OK
1904	     0	74.1	141.8	1239	OK
1905	     0	74.2	139.3	1226	OK
1906	     0	72.5	143.7	1236	OK
1907	     0	75.3	140.5	1228	OK
1908	     0	72.7	140.1	1241	OK
1909	     0	72.4	138.8	1249	OK
1910	     0	74.0	141.5	1224	OK
1911	     0	74.3	142.5	1233	OK
1912	     0	76.6	146.1	1220	OK
1913	     0	76.4	147.9	1241	OK
1914	     0	73.4	155.6	1252	OK
1915	     0	76.5	144.0	1229	OK
1916	     0	75.4	142.8	1236	OK
1917	     0	77.8	153.5	1226	OK
1918	     0	75.2	143.5	1241	OK
1919	     0	77.3	148.6	1249	OK
1920	     0	76.2	145.1	1203	OK
1921	     0	76.4	146.0	1191	OK
1922	     0	77.2	148.5	1209	OK
1923	     0	76.5	146.5	1203	OK
1924	     0	76.9	149.4	1171	OK
1925	     0	73.6	141.7	1206	OK
1926	     0	75.8	146.1	1206	OK
1927	     0	73.9	140.4	1188	OK
1928	     0	75.5	143.8	1207	OK
1929	     0	72.6	140.5	1193	OK
1930	     0	74.3	139.5	1208	OK
1931	     0	73.7	140.3	1203	OK
1932	     0	73.9	141.1	1225	OK
1933	     0	72.8	142.4	1193	OK
1934	     0	73.7	141.3	1189	OK
1935	     0	70.4	136.2	1186	OK
1936	     0	73.2	144.4	1203	OK
1937	     0	73.4	138.2	1194	OK
1938	     0	75.2	144.1	1199	OK
1939	     0	73.1	142.8	1199	OK
1940	     0	75.2	143.3	1187	OK
1941	     0	75.1	143.9	1211	OK
1942	     0	74.7	141.9	1184	OK
1943	     0	73.8	140.8	1220	OK
1944	     0	75.3	144.1	1197	OK
1945	     0	74.4	146.9	1199	OK
1946	     0	74.2	143.0	1182	OK
1947	     0	74.8	145.3	1186	OK
1948	     0	74.9	146.0	1180	OK
1949	     0	74.9	143.8	1209	OK
1950	     0	73.5	140.5	1205	OK
1951	     0	73.3	140.5	1186	OK
1952	     0	74.7	142.0	1204	OK
1953	     0	76.3	145.9	1192	OK
1954	     0	76.0	144.2	1186	OK
1955	     0	75.8	145.5	1203	OK
1956	     0	75.0	144.9	1200	OK
1957	     0	76.0	145.1	1190	OK
1958	     0	73.8	143.3	1196	OK
1959	     0	72.9	140.3	1218	OK
1960	     0	76.4	145.0	1197	OK
1961	     0	76.2	149.0	1226	OK
1962	     0	73.4	140.2	1215	OK
1963	     0	75.0	145.6	1200	OK
1964	     0	76.5	148.7	1200	OK
1965	     0	73.7	140.2	1221	OK
1966	     0	76.1	145.8	1208	OK
1967	     0	74.3	140.9	1186	OK
1968	     0	74.6	141.8	1200	OK
1969	     0	73.8	141.0	1218	OK
1970	     0	74.3	141.1	1207	OK
1971	     0	74.1	144.5	1176	OK
1972	     0	75.3	145.4	1194	OK
1973	     0	75.3	143.3	1214	OK
1974	     0	76.3	145.6	1184	OK
1975	     0	75.3	143.8	1175	OK
1976	     0	76.6	146.8	1209	OK
1977	     0	75.9	147.2	1202	OK
1978	     0	78.7	154.0	1208	OK
1979	     0	74.3	140.4	1220	OK
1980	     0	74.5	142.5	1202	OK
1981	     0	75.7	144.3	1203	OK
1982	     0	77.4	149.2	1197	OK
1983	     0	75.1	140.7	1199	OK
1984	     0	76.3	144.8	1190	OK
1985	     0	73.9	140.9	1186	OK
1986	     0	74.6	141.4	1187	OK
1987	     0	74.5	141.0	1181	OK
1988	     0	75.7	144.9	1172	OK
1989	     0	73.7	141.9	1201	OK
1990	     0	75.8	144.6	1190	OK
1991	     0	75.3	143.5	1193	OK
1992	     0	73.6	142.1	1182	OK
1993	     0	74.6	141.4	1196	OK
1994	     0	76.2	146.3	1203	OK
1995	     0	76.1	144.9	1197	OK
1996	     0	74.8	143.6	1206	OK
1997	     0	75.8	142.9	1194	OK
1998	     0	74.9	144.8	1189	OK
1999	     0	73.1	141.8	1191	OK
2000	     0	76.3	144.6	1181	OK
2001	     0	74.8	143.0	1190	OK
2002	     0	77.6	147.9	1168	OK
2003	     0	74.8	142.6	1214	OK
2004	     0	75.0	145.1	1204	OK
2005	     0	74.4	143.2	1190	OK
2006	     0	76.2	142.6	1195	OK
2007	     0	74.0	143.0	1174	OK
2008	     0	75.5	142.3	1192	OK
2009	     0	75.8	144.9	1204	OK
2010	     0	75.2	144.3	1179	OK
2011	     0	75.1	144.7	1191	OK
2012	     0	75.0	143.5	1185	OK
2013	     0	74.5	142.6	1178	OK
2014	     0	75.6	145.0	1196	OK
2015	     0	75.5	146.2	1198	OK
2016	     0	76.0	145.1	1172	OK
2017	     0	75.7	143.7	1195	OK
2018	     0	74.5	142.9	1190	OK
2019	     0	75.6	144.3	1202	OK
2020	     0	74.9	143.6	1176	OK
2021	     0	73.0	140.0	1184	OK
2022	     0	75.9	145.9	1203	OK
2023	     0	76.1	144.8	1188	OK
2024	     0	74.9	143.0	1185	OK
2025	     0	74.3	140.2	1179	OK
2026	     0	73.6	139.8	1170	OK
2027	     0	75.7	146.4	1174	OK
2028	     0	73.8	144.3	1190	OK
2029	     0	74.9	139.3	1186	OK
2030	     0	76.5	147.3	1179	OK
2031	     0	75.8	145.0	1181	OK
2032	     0	74.4	141.7	1187	OK
2033	     0	78.2	147.4	1165	OK
2034	     0	75.5	143.6	1193	OK
2035	     0	76.8	151.2	1195	OK
2036	     0	77.7	147.7	1170	OK
2037	     0	78.0	148.9	1179	OK
2038	     0	75.0	141.5	1195	OK
2039	     0	78.3	150.5	1182	OK
2040	     0	76.7	145.3	1189	OK
2041	     0	77.8	147.9	1182	OK
2042	     0	76.0	145.5	1156	OK
2043	     0	75.3	143.3	1194	OK
2044	     0	76.1	145.2	1192	OK
2045	     0	79.2	148.1	1179	OK
2046	     0	79.2	148.6	1205	OK
2047	     0	77.2	144.7	1179	OK
2048	     0	78.6	143.9	1165	OK
2049	     0	76.7	145.5	1157	OK
2050	     0	76.2	143.2	1130	OK
2051	     0	77.1	146.5	1154	OK
2052	     0	77.6	145.1	1136	OK
2053	     0	76.4	142.4	1141	OK
2054	     0	74.1	138.7	1163	OK
2055	     0	73.1	138.6	1158	OK
2056	     0	74.9	142.4	1155	OK
2057	     0	73.5	140.7	1164	OK
2058	     0	73.3	141.6	1151	OK
2059	     0	75.6	141.7	1171	OK
2060	     0	73.7	140.2	1162	OK
2061	     0	74.8	140.2	1153	OK
2062	     0	74.6	140.2	1164	OK
2063	     0	76.7	145.4	1159	OK
2064	     0	74.0	138.4	1139	OK
2065	     0	73.7	141.7	1165	OK
2066	     0	74.5	140.2	1129	OK
2067	     0	74.4	138.8	1178	OK
2068	     0	75.3	144.6	1181	OK
2069	     0	75.1	141.0	1154	OK
2070	     0	75.2	141.9	1155	OK
2071	     0	73.4	139.9	1152	OK
2072	     0	74.4	141.5	1163	OK
2073	     0	73.9	138.1	1173	OK
2074	     0	73.8	138.4	1154	OK
2075	     0	73.9	139.5	1180	OK
2076	     0	74.1	139.3	1165	OK
2077	     0	73.6	138.8	1174	OK
2078	     0	75.2	142.6	1171	OK
2079	     0	75.5	142.8	1146	OK
2080	     0	72.1	135.5	1164	OK
2081	     0	74.0	138.7	1159	OK
2082	     0	76.4	144.5	1172	OK
2083	     0	75.5	142.3	1160	OK
2084	     0	74.9	141.1	1158	OK
2085	     0	74.2	139.8	1163	OK
2086	     0	72.4	138.5	1171	OK
2087	     0	72.8	139.4	1179	OK
2088	     0	75.3	143.6	1176	OK
2089	     0	73.6	139.0	1174	OK
2090	     0	73.7	139.4	1171	OK
2091	     0	74.9	143.6	1179	OK
2092	     0	73.7	141.5	1180	OK
2093	     0	73.8	141.6	1179	OK
2094	     0	75.9	141.6	1181	OK
2095	     0	77.2	143.4	1188	OK
2096	     0	75.6	143.7	1162	OK
2097	     0	74.2	139.7	1181	OK
2098	     0	75.4	145.6	1194	OK
2099	     0	75.4	142.9	1167	OK
2100	     0	74.7	142.9	1144	OK
2101	     0	72.4	137.4	1179	OK
2102	     0	73.9	138.4	1171	OK
2103	     0	74.1	138.4	1194	OK
2104	     0	77.0	146.4	1174	OK
2105	     0	73.6	140.7	1189	OK
2106	     0	74.8	140.6	1180	OK
2107	     0	74.4	143.2	1178	OK
2108	     0	77.2	146.6	1180	OK
2109	     0	76.0	145.4	1196	OK
2110	     0	76.2	144.6	1163	OK
2111	     0	76.2	143.9	1186	OK
2112	     0	74.3	140.1	1170	OK
2113	     0	76.0	143.1	1169	OK
2114	     0	72.0	139.4	1188	OK
2115	     0	73.3	141.0	1175	OK
2116	     0	74.5	142.9	1182	OK
2117	     0	77.7	149.9	1185	OK
2118	     0	74.6	142.1	1180	OK
2119	     0	75.0	142.0	1176	OK
2120	     0	74.9	143.2	1170	OK
2121	     0	73.1	140.0	1193	OK
2122	     0	76.0	145.9	1172	OK
2123	     0	74.0	139.4	1187	OK
2124	     0	73.0	139.1	1176	OK
2125	     0	74.5	141.7	1188	OK
2126	     0	74.1	140.5	1158	OK
2127	     0	74.3	140.0	1203	OK
2128	     0	76.6	146.6	1173	OK
2129	     0	74.0	143.1	1199	OK
2130	     0	73.1	141.1	1168	OK
2131	     0	73.5	138.6	1182	OK
2132	     0	72.5	138.3	1187	OK
2133	     0	71.8	143.6	1178	OK
2134	     0	74.6	139.7	1181	OK
2135	     0	73.5	136.9	1202	OK
2136	     0	74.3	139.9	1169	OK
2137	     0	72.5	140.9	1163	OK
2138	     0	71.1	134.6	1192	OK
2139	     0	71.5	135.7	1205	OK
2140	     0	75.4	143.2	1184	OK
2141	     0	74.3	142.3	1180	OK
2142	     0	72.3	138.1	1196	OK
2143	     0	73.0	139.9	1174	OK
2144	     0	72.3	138.4	1203	OK
2145	     0	71.2	136.5	1174	OK
2146	     0	73.0	142.0	1185	OK
2147	     0	72.9	136.3	1187	OK
2148	     0	73.5	138.3	1194	OK
2149	     0	71.3	136.0	1182	OK
2150	     0	72.5	141.2	1210	OK
2151	     0	72.2	136.0	1198	OK
2152	     0	70.9	133.4	1191	OK
2153	     0	70.7	135.7	1198	OK
2154	     0	73.0	141.4	1172	OK
2155	     0	72.0	138.5	1193	OK
2156	     0	71.3	137.5	1190	OK
2157	     0	73.3	138.3	1184	OK
2158	     0	75.1	140.7	1188	OK
2159	     0	72.7	139.4	1192	OK
2160	     0	73.7	143.0	1195	OK
2161	     0	73.8	140.3	1177	OK
2162	     0	75.5	142.2	1178	OK
2163	     0	73.2	139.9	1186	OK
2164	     0	73.3	140.1	1178	OK
2165	     0	74.3	140.6	1201	OK
2166	     0	73.8	142.6	1190	OK
2167	     0	71.9	139.2	1189	OK
2168	     0	75.6	145.7	1188	OK
2169	     0	72.8	140.7	1205	OK
2170	     0	74.2	140.7	1190	OK
2171	     0	74.4	141.2	1197	OK
2172	     0	76.2	144.6	1174	OK
2173	     0	73.6	146.0	1187	OK
2174	     0	75.5	143.6	1162	OK
2175	     0	74.3	142.6	1173	OK
2176	 80000	70.8	142.9	2078	very high noise
2177	  4000	72.1	136.6	1566	high noise
2178	  4000	73.4	140.0	1366	high noise
2179	  4000	72.3	137.6	1274	high noise
2180	     0	72.1	136.1	1212	OK
2181	     0	71.3	136.4	1201	OK
2182	     0	73.5	141.1	1182	OK
2183	     0	74.7	143.2	1209	OK
2184	     0	73.4	139.9	1195	OK
2185	     0	70.8	134.8	1169	OK
2186	     0	72.1	139.6	1194	OK
2187	     0	71.8	136.1	1203	OK
2188	     0	71.6	137.2	1202	OK
2189	     0	73.9	142.7	1182	OK
2190	     0	69.5	133.4	1205	OK
2191	     0	72.3	137.4	1187	OK
2192	     0	70.2	136.2	1206	OK
2193	     0	70.4	134.8	1183	OK
2194	     0	71.7	138.7	1163	OK
2195	     0	73.0	139.2	1186	OK
2196	     0	71.6	136.2	1181	OK
2197	     0	72.6	137.4	1198	OK
2198	     0	70.0	134.5	1196	OK
2199	     0	70.5	137.4	1201	OK
2200	     0	71.3	137.8	1179	OK
2201	     0	70.2	136.4	1227	OK
2202	     0	72.5	138.8	1197	OK
2203	     0	71.4	136.1	1194	OK
2204	     0	70.9	134.9	1178	OK
2205	     0	69.7	134.4	1199	OK
2206	     0	73.2	141.4	1197	OK
2207	     0	69.4	133.9	1209	OK
2208	     0	72.5	140.1	1193	OK
2209	     0	71.2	137.8	1197	OK
2210	     0	68.1	131.8	1195	OK
2211	     0	69.3	134.3	1191	OK
2212	     0	71.6	139.9	1230	OK
2213	     0	70.1	131.5	1202	OK
2214	     0	70.0	134.2	1195	OK
2215	     0	69.5	135.2	1199	OK
2216	     0	71.3	143.6	1169	OK
2217	     0	69.1	133.2	1219	OK
2218	     0	70.6	134.8	1214	OK
2219	     0	69.1	133.7	1193	OK
2220	     0	69.9	134.8	1221	OK
2221	     0	68.8	131.9	1194	OK
2222	     0	70.6	137.0	1200	OK
2223	     0	69.1	131.7	1225	OK
2224	     0	70.5	135.6	1210	OK
2225	     0	68.9	133.3	1214	OK
2226	     0	71.7	138.7	1215	OK
2227	     0	70.9	137.1	1195	OK
2228	     0	72.4	137.9	1222	OK
2229	     0	72.6	139.5	1217	OK
2230	     0	69.6	134.7	1205	OK
2231	     0	71.0	136.5	1202	OK
2232	     0	70.9	135.1	1214	OK
2233	     0	69.9	137.0	1222	OK
2234	     0	73.1	141.4	1202	OK
2235	     0	70.0	136.1	1208	OK
2236	     0	71.8	137.5	1197	OK
2237	     0	71.5	138.4	1189	OK
2238	     0	74.3	139.4	1199	OK
2239	     0	76.7	147.2	1205	OK
2240	     0	70.5	134.2	1216	OK
2241	     0	72.3	136.4	1203	OK
2242	     0	70.6	135.0	1206	OK
2243	     0	69.5	134.5	1212	OK
2244	     0	69.6	135.3	1210	OK
2245	     0	68.2	131.9	1204	OK
2246	     0	69.7	132.5	1199	OK
2247	     0	68.9	130.5	1205	OK
2248	     0	70.6	133.1	1221	OK
2249	     0	69.3	132.2	1209	OK
2250	     0	69.9	135.3	1219	OK
2251	     0	71.9	135.7	1228	OK
2252	     0	72.4	139.4	1209	OK
2253	     0	69.2	132.4	1234	OK
2254	     0	70.8	136.9	1209	OK
2255	     0	70.6	137.1	1225	OK
2256	     0	72.7	138.6	1194	OK
2257	     0	69.7	132.2	1218	OK
2258	     0	71.7	136.4	1223	OK
2259	     0	71.2	135.4	1213	OK
2260	     0	69.5	133.3	1205	OK
2261	     0	71.1	133.4	1195	OK
2262	     0	70.2	133.5	1191	OK
2263	     0	70.6	134.3	1204	OK
2264	     0	69.7	133.6	1221	OK
2265	     0	71.1	137.5	1207	OK
2266	     0	72.9	138.0	1210	OK
2267	     0	71.3	137.0	1205	OK
2268	     0	70.9	135.0	1211	OK
2269	     0	68.9	132.9	1191	OK
2270	     0	69.7	134.3	1195	OK
2271	     0	68.8	134.0	1201	OK
2272	     0	70.3	135.4	1214	OK
2273	     0	70.8	134.8	1220	OK
2274	     0	73.6	139.4	1192	OK
2275	     0	74.2	141.2	1199	OK
2276	     0	71.4	136.0	1209	OK
2277	     0	70.0	133.3	1218	OK
2278	     0	73.0	137.3	1216	OK
2279	     0	69.9	136.0	1223	OK
2280	     0	70.9	133.9	1214	OK
2281	     0	69.9	134.3	1194	OK
2282	     0	70.9	137.6	1210	OK
2283	     0	73.1	136.4	1189	OK
2284	     0	70.8	135.0	1223	OK
2285	     0	73.6	141.3	1201	OK
2286	     0	71.7	135.0	1215	OK
2287	     0	73.1	141.4	1209	OK
2288	     0	70.5	133.8	1210	OK
2289	     0	69.2	133.0	1211	OK
2290	     0	69.9	133.1	1221	OK
2291	     0	72.4	137.4	1213	OK
2292	     0	69.6	135.3	1194	OK
2293	     0	71.4	137.5	1186	OK
2294	     0	71.9	137.2	1196	OK
2295	     0	71.4	135.8	1193	OK
2296	     0	71.4	139.7	1219	OK
2297	     0	73.2	139.1	1208	OK
2298	     0	73.4	139.9	1206	OK
2299	     0	70.8	137.8	1209	OK
2300	     0	72.2	137.0	1205	OK
2301	     0	72.0	140.5	1202	OK
2302	     0	71.4	136.1	1217	OK
2303	     0	72.8	138.2	1219	OK
