#chan	code	gain	vt50	innse	comment
   0	  1000	72.9	141.1	 421	unbonded
   1	     0	70.7	124.9	1083	OK
   2	     0	69.9	123.9	1130	OK
   3	     0	71.3	134.8	1121	OK
   4	     0	71.2	128.1	1134	OK
   5	     0	72.2	128.2	1124	OK
   6	     0	70.9	130.5	1107	OK
   7	     0	69.7	124.0	1099	OK
   8	     0	71.7	129.1	1121	OK
   9	     0	70.7	129.7	1112	OK
  10	     0	71.4	127.5	1146	OK
  11	     0	74.1	134.8	1126	OK
  12	     0	72.2	131.3	1115	OK
  13	     0	72.4	131.1	1108	OK
  14	     0	69.7	126.7	1111	OK
  15	     0	70.8	127.3	1134	OK
  16	     0	70.5	128.2	1107	OK
  17	     0	69.6	127.6	1119	OK
  18	     0	72.2	128.9	1126	OK
  19	     0	70.2	128.0	1120	OK
  20	     0	69.6	126.3	1109	OK
  21	     0	70.6	128.5	1089	OK
  22	     0	68.5	124.2	1116	OK
  23	     0	68.9	126.5	1109	OK
  24	     0	69.1	125.5	1113	OK
  25	     0	72.1	130.2	1113	OK
  26	     0	68.8	124.8	1123	OK
  27	     0	66.7	121.6	1112	OK
  28	     0	71.7	130.7	1106	OK
  29	     0	68.9	126.9	1118	OK
  30	     0	70.9	127.2	1123	OK
  31	     0	68.6	124.8	1129	OK
  32	     0	70.6	127.6	1126	OK
  33	     0	70.5	127.5	1131	OK
  34	     0	70.0	127.9	1124	OK
  35	     0	69.9	128.1	1145	OK
  36	     0	70.5	128.9	1102	OK
  37	     0	71.1	127.9	1127	OK
  38	     0	70.6	123.6	1141	OK
  39	     0	70.1	125.8	1141	OK
  40	     0	71.6	127.8	1134	OK
  41	     0	71.0	129.3	1125	OK
  42	     0	68.6	124.9	1135	OK
  43	     0	68.8	125.5	1126	OK
  44	     0	67.9	123.6	1102	OK
  45	     0	68.8	125.4	1142	OK
  46	     0	68.0	123.7	1116	OK
  47	     0	67.9	121.8	1115	OK
  48	     0	68.8	124.6	1130	OK
  49	     0	70.2	125.4	1124	OK
  50	     0	71.5	131.1	1127	OK
  51	     0	71.2	130.1	1106	OK
  52	     0	71.4	130.4	1100	OK
  53	     0	70.0	129.5	1124	OK
  54	     0	73.0	129.7	1139	OK
  55	     0	70.9	130.0	1129	OK
  56	     0	68.5	124.7	1150	OK
  57	     0	69.7	127.5	1160	OK
  58	     0	69.4	124.7	1146	OK
  59	     0	71.2	127.1	1137	OK
  60	     0	67.7	122.7	1130	OK
  61	     0	71.5	129.9	1157	OK
  62	     0	71.4	130.5	1143	OK
  63	     0	72.2	130.9	1141	OK
  64	     0	68.7	123.8	1138	OK
  65	     0	69.2	127.6	1155	OK
  66	     0	70.3	129.4	1117	OK
  67	     0	70.8	131.4	1116	OK
  68	     0	69.5	126.2	1125	OK
  69	     0	68.1	123.4	1109	OK
  70	     0	69.6	126.0	1140	OK
  71	     0	67.8	123.8	1121	OK
  72	     0	68.2	124.2	1125	OK
  73	     0	68.4	120.4	1135	OK
  74	     0	68.3	127.0	1125	OK
  75	     0	68.6	125.9	1117	OK
  76	     0	68.5	123.1	1128	OK
  77	     0	68.0	124.7	1127	OK
  78	     0	68.6	123.5	1125	OK
  79	     0	67.4	122.4	1118	OK
  80	     0	68.0	125.0	1114	OK
  81	     0	66.1	121.7	1148	OK
  82	     0	70.5	126.8	1172	OK
  83	     0	69.2	126.9	1141	OK
  84	     0	67.5	123.3	1101	OK
  85	     0	69.1	125.5	1124	OK
  86	     0	68.2	124.7	1156	OK
  87	     0	67.6	124.5	1137	OK
  88	     0	67.2	120.5	1121	OK
  89	     0	66.3	124.8	1104	OK
  90	     0	67.6	122.1	1118	OK
  91	     0	66.0	123.1	1117	OK
  92	     0	69.3	125.3	1108	OK
  93	     0	67.7	124.7	1143	OK
  94	     0	66.3	119.7	1131	OK
  95	     0	68.5	126.0	1147	OK
  96	     0	67.1	124.4	1115	OK
  97	     0	68.6	125.4	1145	OK
  98	     0	67.7	123.9	1145	OK
  99	     0	70.5	127.9	1118	OK
 100	     0	68.1	124.9	1130	OK
 101	     0	68.5	125.7	1141	OK
 102	     0	66.6	120.1	1130	OK
 103	     0	67.7	121.9	1130	OK
 104	     0	67.5	122.7	1132	OK
 105	     0	67.6	123.0	1138	OK
 106	     0	69.5	123.6	1126	OK
 107	     0	70.5	127.2	1134	OK
 108	     0	67.4	119.4	1163	OK
 109	     0	69.6	126.6	1122	OK
 110	     0	67.4	122.2	1115	OK
 111	     0	69.5	125.5	1129	OK
 112	     0	66.8	120.4	1141	OK
 113	     0	67.6	121.8	1124	OK
 114	     0	68.3	123.9	1125	OK
 115	     0	69.7	128.9	1136	OK
 116	     0	69.5	126.1	1117	OK
 117	     0	66.7	120.5	1115	OK
 118	     0	67.8	125.5	1136	OK
 119	     0	70.2	125.5	1141	OK
 120	     0	67.2	123.3	1122	OK
 121	     0	68.4	122.0	1132	OK
 122	     0	68.3	123.7	1140	OK
 123	     0	67.5	122.4	1119	OK
 124	     0	69.0	126.5	1119	OK
 125	     0	68.7	121.8	1150	OK
 126	     0	69.3	122.7	1123	OK
 127	     0	71.7	124.9	1112	OK
 128	     0	77.6	138.3	1096	OK
 129	     0	77.5	137.6	1080	OK
 130	     0	79.1	143.5	1103	OK
 131	     0	79.0	141.0	1066	OK
 132	     0	74.9	135.1	1082	OK
 133	     0	76.0	132.3	1064	OK
 134	     0	72.0	130.9	1072	OK
 135	     0	76.9	139.4	1077	OK
 136	     0	76.2	135.3	1069	OK
 137	     0	74.0	134.6	1074	OK
 138	     0	77.6	138.3	1074	OK
 139	     0	76.4	136.9	1087	OK
 140	     0	74.4	133.1	1052	OK
 141	     0	73.7	133.9	1077	OK
 142	     0	76.6	136.1	1064	OK
 143	     0	75.7	137.9	1073	OK
 144	     0	75.9	138.4	1084	OK
 145	     0	75.1	136.7	1057	OK
 146	     0	74.6	134.5	1066	OK
 147	     0	74.1	135.0	1078	OK
 148	     0	75.5	136.1	1052	OK
 149	     0	76.8	138.2	1085	OK
 150	     0	76.6	137.6	1059	OK
 151	     0	74.7	136.2	1085	OK
 152	     0	74.2	131.9	1061	OK
 153	     0	75.1	134.6	1074	OK
 154	     0	75.2	137.7	1066	OK
 155	     0	74.9	134.3	1091	OK
 156	     0	76.2	137.2	1089	OK
 157	     0	73.9	132.8	1066	OK
 158	     0	72.5	135.5	1057	OK
 159	     0	75.3	135.6	1073	OK
 160	     0	74.3	132.7	1100	OK
 161	     0	74.6	134.1	1077	OK
 162	     0	73.6	132.2	1075	OK
 163	     0	74.6	136.0	1063	OK
 164	     0	75.2	134.9	1065	OK
 165	     0	73.8	133.2	1072	OK
 166	     0	74.8	133.9	1090	OK
 167	     0	70.8	130.8	1084	OK
 168	     0	73.6	134.5	1086	OK
 169	     0	76.1	137.2	1092	OK
 170	     0	74.9	134.7	1074	OK
 171	     0	75.0	134.3	1087	OK
 172	     0	74.0	133.4	1090	OK
 173	     0	75.8	136.2	1077	OK
 174	     0	73.7	132.9	1077	OK
 175	     0	74.3	133.9	1107	OK
 176	     0	75.3	135.1	1086	OK
 177	     0	74.8	135.2	1088	OK
 178	     0	76.4	135.8	1087	OK
 179	     0	76.8	140.4	1089	OK
 180	     0	74.9	136.8	1081	OK
 181	     0	73.1	132.5	1060	OK
 182	     0	75.7	139.2	1050	OK
 183	     0	75.3	135.3	1088	OK
 184	     0	76.6	134.6	1074	OK
 185	     0	75.5	136.0	1057	OK
 186	     0	75.8	138.2	1085	OK
 187	     0	75.0	134.5	1083	OK
 188	     0	74.4	137.5	1096	OK
 189	     0	75.3	134.6	1086	OK
 190	     0	77.0	138.0	1079	OK
 191	     0	76.3	133.3	1099	OK
 192	     0	74.3	134.8	1085	OK
 193	     0	73.4	133.1	1066	OK
 194	     0	74.4	134.3	1088	OK
 195	     0	74.3	137.5	1071	OK
 196	     0	74.1	134.5	1074	OK
 197	     0	74.0	133.8	1084	OK
 198	     0	73.9	135.0	1088	OK
 199	     0	73.8	133.6	1079	OK
 200	     0	75.0	135.3	1070	OK
 201	     0	73.4	133.5	1099	OK
 202	     0	75.2	135.0	1073	OK
 203	     0	73.4	131.2	1074	OK
 204	     0	73.9	133.9	1091	OK
 205	     0	73.7	134.3	1088	OK
 206	     0	74.1	131.3	1091	OK
 207	     0	74.2	134.9	1066	OK
 208	     0	73.5	131.8	1102	OK
 209	     0	73.5	133.3	1079	OK
 210	     0	75.2	135.0	1092	OK
 211	     0	74.0	135.5	1070	OK
 212	     0	72.7	130.9	1084	OK
 213	     0	73.4	135.2	1091	OK
 214	     0	74.9	134.3	1086	OK
 215	     0	73.7	133.0	1052	OK
 216	     0	72.7	131.1	1100	OK
 217	     0	75.1	136.3	1083	OK
 218	     0	74.3	135.5	1092	OK
 219	     0	75.4	136.3	1094	OK
 220	     0	73.5	132.8	1082	OK
 221	     0	73.2	133.4	1099	OK
 222	     0	75.5	137.9	1080	OK
 223	     0	74.1	132.1	1103	OK
 224	     0	73.8	134.9	1103	OK
 225	     0	73.4	133.8	1107	OK
 226	     0	73.4	131.6	1102	OK
 227	     0	74.6	134.9	1093	OK
 228	     0	72.1	129.6	1096	OK
 229	     0	73.1	131.0	1085	OK
 230	     0	74.5	134.6	1098	OK
 231	     0	75.2	136.1	1100	OK
 232	     0	72.7	132.0	1090	OK
 233	     0	72.6	127.8	1082	OK
 234	     0	75.5	135.0	1084	OK
 235	     0	73.6	131.5	1088	OK
 236	     0	73.4	131.7	1085	OK
 237	     0	73.5	130.5	1117	OK
 238	     0	75.8	136.6	1085	OK
 239	     0	70.9	130.4	1092	OK
 240	     0	73.3	132.3	1089	OK
 241	     0	72.6	132.3	1089	OK
 242	     0	73.3	130.2	1103	OK
 243	     0	71.7	131.3	1103	OK
 244	     0	72.2	128.9	1112	OK
 245	     0	72.9	130.8	1114	OK
 246	     0	74.9	135.5	1113	OK
 247	     0	73.7	132.8	1103	OK
 248	     0	73.0	133.1	1105	OK
 249	     0	74.1	133.9	1129	OK
 250	     0	73.7	133.5	1118	OK
 251	     0	74.0	133.4	1118	OK
 252	     0	74.1	134.3	1110	OK
 253	     0	74.1	133.1	1114	OK
 254	     0	74.4	134.9	1117	OK
 255	     0	72.8	130.5	1047	OK
 256	     0	72.8	135.0	1040	OK
 257	     0	73.7	134.2	1047	OK
 258	     0	74.3	136.2	1027	OK
 259	     0	74.7	134.5	1044	OK
 260	     0	71.6	132.9	1017	OK
 261	     0	73.1	134.6	1018	OK
 262	     0	71.1	131.7	1026	OK
 263	     0	75.5	136.7	1037	OK
 264	     0	73.4	136.6	1021	OK
 265	     0	71.3	129.2	1024	OK
 266	     0	72.7	133.7	1023	OK
 267	     0	70.6	130.3	1008	OK
 268	     0	73.8	133.1	1010	OK
 269	     0	74.1	134.2	1011	OK
 270	     0	72.0	130.5	1034	OK
 271	     0	72.2	132.6	1026	OK
 272	     0	69.7	128.4	1024	OK
 273	     0	72.3	134.2	1000	OK
 274	     0	70.5	129.6	1027	OK
 275	     0	74.7	137.1	1037	OK
 276	     0	73.0	133.1	1039	OK
 277	     0	70.8	129.1	1007	OK
 278	     0	72.0	129.9	1022	OK
 279	     0	72.8	133.8	 990	OK
 280	     0	71.6	131.2	1001	OK
 281	     0	73.6	133.8	1003	OK
 282	     0	71.8	130.0	1018	OK
 283	     0	69.1	127.5	1023	OK
 284	     0	71.9	131.6	1011	OK
 285	     0	72.0	131.2	1028	OK
 286	     0	73.8	134.6	1024	OK
 287	     0	73.7	136.3	1032	OK
 288	     0	69.8	128.5	1011	OK
 289	     0	73.4	132.0	1008	OK
 290	     0	70.7	129.4	1017	OK
 291	     0	69.8	128.7	1024	OK
 292	     0	72.9	131.9	 985	OK
 293	     0	72.6	133.9	1025	OK
 294	     0	73.3	134.3	1005	OK
 295	     0	70.5	127.9	1014	OK
 296	     0	72.2	133.9	1029	OK
 297	     0	73.3	133.4	1018	OK
 298	     0	71.5	131.6	1015	OK
 299	     0	71.6	132.5	1003	OK
 300	     0	73.4	131.8	1017	OK
 301	     0	72.9	133.1	1016	OK
 302	     0	71.7	132.1	1027	OK
 303	     0	73.2	132.4	1022	OK
 304	     0	70.4	128.1	1023	OK
 305	     0	74.7	137.2	1014	OK
 306	     0	71.0	130.7	1036	OK
 307	     0	72.1	131.5	1024	OK
 308	     0	72.4	131.6	1055	OK
 309	     0	70.6	136.9	1031	OK
 310	     0	73.9	137.4	1015	OK
 311	     0	73.8	136.0	1047	OK
 312	     0	74.1	136.3	1052	OK
 313	     0	72.2	130.2	1023	OK
 314	     0	72.2	131.8	1025	OK
 315	     0	73.2	134.2	1033	OK
 316	     0	71.4	131.4	1021	OK
 317	     0	73.7	133.6	1041	OK
 318	     0	73.1	133.3	1043	OK
 319	     0	72.6	132.0	1025	OK
 320	     0	75.0	135.9	1029	OK
 321	     0	74.5	135.5	1022	OK
 322	     0	76.5	139.1	 998	OK
 323	     0	74.3	136.7	 993	OK
 324	     0	74.7	135.5	1020	OK
 325	     0	74.1	133.3	1002	OK
 326	     0	71.0	129.0	1016	OK
 327	     0	74.0	134.7	1010	OK
 328	     0	72.1	133.3	1029	OK
 329	     0	72.6	133.2	1025	OK
 330	     0	74.0	135.1	1014	OK
 331	     0	74.9	137.3	1043	OK
 332	     0	72.4	132.8	1014	OK
 333	     0	71.6	130.1	1024	OK
 334	     0	71.9	132.0	1030	OK
 335	     0	72.7	133.4	1010	OK
 336	     0	74.5	136.0	1008	OK
 337	     0	72.7	131.6	1015	OK
 338	     0	72.6	134.3	1016	OK
 339	     0	73.6	134.3	1019	OK
 340	     0	72.7	130.9	1022	OK
 341	     0	73.0	131.8	1012	OK
 342	     0	73.4	131.5	 992	OK
 343	     0	74.0	133.1	1014	OK
 344	     0	73.6	134.6	1000	OK
 345	     0	72.8	133.6	1011	OK
 346	     0	74.3	136.2	1000	OK
 347	     0	72.4	133.8	 985	OK
 348	     0	73.4	134.2	1003	OK
 349	     0	74.9	136.7	1010	OK
 350	     0	73.0	133.5	 991	OK
 351	     0	74.9	135.5	 989	OK
 352	     0	74.4	133.7	1010	OK
 353	     0	75.2	136.5	 990	OK
 354	     0	74.5	136.6	1009	OK
 355	     0	74.6	134.3	1002	OK
 356	     0	74.8	135.5	1012	OK
 357	     0	71.5	131.3	 988	OK
 358	     0	73.4	132.0	 974	OK
 359	     0	71.6	129.0	 992	OK
 360	     0	73.0	132.0	1000	OK
 361	     0	75.6	137.3	 990	OK
 362	     0	73.0	129.5	 990	OK
 363	     0	75.0	138.0	 981	OK
 364	     0	72.6	133.2	 981	OK
 365	     0	75.5	135.1	 986	OK
 366	     0	73.0	132.3	1000	OK
 367	     0	75.2	137.2	 992	OK
 368	     0	72.2	132.7	 981	OK
 369	     0	72.6	131.0	 985	OK
 370	     0	73.1	133.2	 990	OK
 371	     0	73.7	135.1	 959	OK
 372	     0	75.3	136.9	 990	OK
 373	     0	73.4	132.1	1000	OK
 374	     0	74.5	133.3	 980	OK
 375	     0	73.8	133.7	1007	OK
 376	     0	75.0	134.9	 969	OK
 377	     0	73.9	132.7	 969	OK
 378	     0	74.4	135.7	1003	OK
 379	     0	74.1	137.6	 973	OK
 380	     0	75.5	139.4	 990	OK
 381	     0	74.7	135.5	1007	OK
 382	     0	75.3	137.0	 999	OK
 383	     0	77.6	139.8	 990	OK
 384	     0	77.5	141.6	1027	OK
 385	     0	77.9	141.9	1031	OK
 386	     0	75.2	140.9	1019	OK
 387	     0	77.6	138.9	1027	OK
 388	     0	74.9	138.3	 997	OK
 389	     0	73.7	134.4	 996	OK
 390	     0	72.8	132.8	 975	OK
 391	     0	75.5	137.0	1009	OK
 392	     0	74.2	135.3	 996	OK
 393	     0	75.6	142.7	1015	OK
 394	     0	74.5	135.1	1009	OK
 395	     0	75.9	140.6	 977	OK
 396	     0	76.2	139.8	1016	OK
 397	     0	77.3	138.4	 997	OK
 398	     0	75.5	136.6	 990	OK
 399	     0	77.4	142.7	1002	OK
 400	     0	76.9	139.5	1005	OK
 401	     0	75.7	138.2	1005	OK
 402	     0	74.1	136.8	1022	OK
 403	     0	74.1	135.8	1005	OK
 404	     0	75.3	136.1	 988	OK
 405	     0	75.5	138.2	1003	OK
 406	     0	74.5	136.7	 997	OK
 407	     0	75.6	140.1	1009	OK
 408	     0	75.5	138.0	 994	OK
 409	     0	74.7	138.9	 981	OK
 410	     0	75.6	138.2	1014	OK
 411	     0	75.0	137.2	1022	OK
 412	     0	74.7	135.1	 983	OK
 413	     0	77.4	140.8	 983	OK
 414	     0	76.6	140.1	1017	OK
 415	     0	75.2	138.0	1006	OK
 416	     0	76.4	138.5	 989	OK
 417	     0	76.0	140.8	 999	OK
 418	     0	75.4	137.6	1022	OK
 419	     0	76.4	142.0	1007	OK
 420	     0	75.3	138.9	1025	OK
 421	     0	75.9	136.0	 992	OK
 422	     0	75.3	136.1	1038	OK
 423	     0	76.6	139.2	1029	OK
 424	     0	75.7	137.9	1016	OK
 425	     0	76.6	140.4	1029	OK
 426	     0	75.5	138.7	1011	OK
 427	     0	77.6	142.1	1006	OK
 428	     0	74.7	136.4	1020	OK
 429	     0	77.2	142.9	1028	OK
 430	     0	73.5	134.5	1010	OK
 431	     0	73.8	135.5	1001	OK
 432	     0	76.8	141.5	1006	OK
 433	     0	75.9	137.2	1008	OK
 434	     0	75.4	136.8	1036	OK
 435	     0	74.9	136.0	1053	OK
 436	     0	74.8	139.7	1019	OK
 437	     0	75.0	136.7	1028	OK
 438	     0	76.5	140.6	1036	OK
 439	     0	72.7	133.3	1027	OK
 440	     0	74.8	136.1	1034	OK
 441	     0	75.9	137.3	1019	OK
 442	     0	76.7	140.1	1029	OK
 443	     0	75.0	139.8	1024	OK
 444	     0	78.3	144.7	1026	OK
 445	     0	76.8	142.1	1002	OK
 446	     0	76.3	141.2	1026	OK
 447	     0	76.2	140.7	1029	OK
 448	     0	75.2	137.8	1008	OK
 449	     0	74.6	137.9	1000	OK
 450	     0	74.4	140.7	 991	OK
 451	     0	74.4	135.6	1015	OK
 452	     0	73.6	138.7	 992	OK
 453	     0	72.8	132.8	1001	OK
 454	     0	74.4	136.5	1008	OK
 455	     0	75.0	139.3	 990	OK
 456	     0	76.2	140.2	1019	OK
 457	     0	72.9	133.2	 999	OK
 458	     0	75.2	136.4	 998	OK
 459	     0	73.6	136.1	1012	OK
 460	     0	73.3	134.5	1025	OK
 461	     0	74.0	134.5	1006	OK
 462	     0	76.2	140.9	1010	OK
 463	     0	72.6	133.3	1012	OK
 464	     0	74.9	135.8	1001	OK
 465	     0	75.1	137.7	1020	OK
 466	     0	73.6	138.2	 986	OK
 467	     0	74.8	139.0	1006	OK
 468	     0	73.6	135.5	1019	OK
 469	     0	75.4	135.9	1008	OK
 470	     0	72.5	135.1	1012	OK
 471	     0	75.1	138.1	 998	OK
 472	     0	74.2	137.5	1001	OK
 473	     0	72.4	133.4	 984	OK
 474	     0	73.6	135.6	1003	OK
 475	     0	74.5	137.2	1007	OK
 476	     0	76.4	139.2	1009	OK
 477	     0	74.3	136.6	 990	OK
 478	     0	72.2	135.7	 998	OK
 479	     0	74.7	139.3	1005	OK
 480	     0	71.6	133.2	 998	OK
 481	     0	74.7	139.3	1009	OK
 482	     0	72.2	133.0	1004	OK
 483	     0	75.2	138.3	1022	OK
 484	     0	73.9	136.4	 998	OK
 485	     0	76.8	140.2	 991	OK
 486	     0	75.9	139.3	1006	OK
 487	     0	74.9	137.4	 996	OK
 488	     0	73.5	136.2	1000	OK
 489	     0	72.6	132.9	 974	OK
 490	     0	76.7	143.4	1009	OK
 491	     0	73.5	137.9	 990	OK
 492	     0	75.4	136.2	 994	OK
 493	     0	73.9	136.4	 991	OK
 494	     0	74.7	137.3	 990	OK
 495	     0	76.7	141.4	 982	OK
 496	     0	75.8	136.5	 998	OK
 497	     0	73.7	135.8	 992	OK
 498	     0	74.3	138.9	 999	OK
 499	     0	72.1	133.8	 997	OK
 500	     0	73.4	136.0	 973	OK
 501	     0	74.0	136.2	 984	OK
 502	     0	74.9	138.4	 999	OK
 503	     0	73.3	134.2	 980	OK
 504	     0	75.7	139.5	1009	OK
 505	     0	75.3	137.3	1009	OK
 506	     0	74.1	134.9	 997	OK
 507	     0	73.4	135.1	 984	OK
 508	     0	74.6	137.6	 989	OK
 509	     0	74.5	137.1	 976	OK
 510	     0	76.3	140.8	1012	OK
 511	     0	74.7	136.0	 986	OK
 512	     0	80.4	142.9	1051	OK
 513	     0	76.3	136.4	1026	OK
 514	     0	76.8	140.9	1008	OK
 515	     0	79.0	138.9	1014	OK
 516	     0	76.0	137.2	1018	OK
 517	     0	78.7	142.1	1008	OK
 518	     0	76.3	137.6	1012	OK
 519	     0	77.0	140.2	1024	OK
 520	     0	77.1	137.8	1006	OK
 521	     0	76.8	137.8	1025	OK
 522	     0	76.9	137.6	1003	OK
 523	     0	78.4	139.8	1016	OK
 524	     0	75.6	140.3	1008	OK
 525	     0	78.8	141.7	1035	OK
 526	     0	77.1	140.6	1028	OK
 527	     0	77.4	141.1	1016	OK
 528	     0	76.8	139.6	1014	OK
 529	     0	78.9	142.3	1012	OK
 530	     0	76.4	140.6	1024	OK
 531	     0	78.1	140.8	1024	OK
 532	     0	75.7	136.1	 994	OK
 533	     0	77.0	138.2	1029	OK
 534	     0	77.5	138.9	1001	OK
 535	     0	74.4	134.9	1003	OK
 536	     0	76.5	137.7	1006	OK
 537	     0	77.0	138.9	1019	OK
 538	     0	78.2	139.9	1016	OK
 539	     0	75.8	139.0	1027	OK
 540	     0	76.2	137.4	 999	OK
 541	     0	75.6	138.7	1028	OK
 542	     0	75.3	136.8	1041	OK
 543	     0	78.9	142.1	1006	OK
 544	     0	77.5	139.6	1021	OK
 545	     0	76.9	140.3	1025	OK
 546	     0	76.1	139.1	1030	OK
 547	     0	77.5	141.2	1035	OK
 548	     0	76.6	139.4	1038	OK
 549	     0	76.5	141.1	1018	OK
 550	     0	77.2	140.4	1002	OK
 551	     0	77.4	139.9	1015	OK
 552	     0	76.7	140.1	1009	OK
 553	     0	76.4	136.6	1032	OK
 554	     0	78.7	142.1	1036	OK
 555	     0	77.8	142.9	1018	OK
 556	     0	75.6	137.0	1007	OK
 557	     0	76.5	140.7	1039	OK
 558	     0	78.0	139.6	1006	OK
 559	     0	76.9	137.8	1009	OK
 560	     0	77.6	142.9	1022	OK
 561	     0	76.5	139.1	1019	OK
 562	     0	76.6	136.3	1012	OK
 563	     0	76.4	138.4	1012	OK
 564	     0	77.0	138.1	1017	OK
 565	     0	77.1	139.7	1021	OK
 566	     0	75.0	136.9	1009	OK
 567	     0	76.9	138.0	1022	OK
 568	     0	76.2	137.5	1054	OK
 569	     0	76.7	139.6	1004	OK
 570	     0	76.0	137.8	1008	OK
 571	     0	78.4	141.7	1022	OK
 572	     0	73.7	134.6	1009	OK
 573	     0	75.4	136.3	1014	OK
 574	     0	76.7	139.1	1022	OK
 575	     0	74.9	135.0	1014	OK
 576	     0	75.4	139.2	 995	OK
 577	     0	74.1	134.0	1030	OK
 578	     0	75.3	137.3	1010	OK
 579	     0	75.1	138.5	1018	OK
 580	     0	73.8	137.4	1029	OK
 581	     0	74.1	135.7	1018	OK
 582	     0	74.0	133.5	1010	OK
 583	     0	72.2	134.7	1016	OK
 584	     0	74.2	136.1	1014	OK
 585	     0	73.1	134.3	1009	OK
 586	     0	75.5	138.8	1005	OK
 587	     0	70.5	129.5	1005	OK
 588	     0	73.1	137.1	1015	OK
 589	     0	73.1	136.3	1024	OK
 590	     0	74.5	138.0	1016	OK
 591	     0	73.3	136.7	1010	OK
 592	     0	72.5	134.0	1037	OK
 593	     0	75.9	138.3	 985	OK
 594	     0	73.6	137.0	1015	OK
 595	     0	73.4	133.5	1034	OK
 596	     0	73.8	137.3	1007	OK
 597	     0	75.9	138.5	1025	OK
 598	     0	74.2	136.0	1012	OK
 599	     0	72.7	132.4	1003	OK
 600	     0	73.2	133.4	1020	OK
 601	     0	74.3	135.4	 993	OK
 602	     0	73.2	133.2	1010	OK
 603	     0	73.7	135.2	1004	OK
 604	     0	73.0	134.6	1018	OK
 605	     0	74.8	133.9	1030	OK
 606	     0	75.3	136.5	 988	OK
 607	     0	74.4	136.0	1001	OK
 608	     0	75.6	138.3	 999	OK
 609	     0	71.8	133.3	1023	OK
 610	     0	73.1	134.0	1001	OK
 611	     0	75.2	138.4	 984	OK
 612	     0	76.2	141.0	1030	OK
 613	     0	75.5	137.7	1006	OK
 614	     0	72.6	132.8	1010	OK
 615	     0	73.2	135.6	1001	OK
 616	     0	73.3	135.4	1003	OK
 617	     0	75.9	140.0	1001	OK
 618	     0	73.9	137.1	 977	OK
 619	     0	73.7	134.3	1000	OK
 620	     0	73.9	137.5	 998	OK
 621	     0	74.7	136.4	 997	OK
 622	     0	72.7	134.7	1016	OK
 623	     0	74.5	136.4	 982	OK
 624	     0	73.3	135.2	1028	OK
 625	     0	75.7	138.3	1013	OK
 626	     0	73.7	133.5	1006	OK
 627	     0	71.8	131.4	 998	OK
 628	     0	71.7	130.1	1015	OK
 629	     0	74.6	139.8	1001	OK
 630	     0	72.9	136.6	 998	OK
 631	     0	71.2	132.2	 999	OK
 632	     0	74.6	137.6	 998	OK
 633	     0	72.8	134.4	1014	OK
 634	     0	72.5	131.8	1022	OK
 635	     0	73.4	135.9	1020	OK
 636	     0	72.3	134.0	1023	OK
 637	     0	72.9	134.6	1022	OK
 638	     0	73.0	135.1	1017	OK
 639	     0	74.0	136.4	1021	OK
 640	     0	74.4	137.1	1087	OK
 641	     0	77.0	140.5	1071	OK
 642	     0	73.7	133.2	1063	OK
 643	     0	72.6	135.7	1049	OK
 644	     0	74.2	136.7	1046	OK
 645	     0	77.2	140.6	1053	OK
 646	     0	76.4	138.6	1076	OK
 647	     0	74.0	135.6	1075	OK
 648	     0	73.4	136.4	1069	OK
 649	     0	72.2	134.1	1042	OK
 650	     0	77.1	140.4	1034	OK
 651	     0	75.6	135.0	1057	OK
 652	     0	72.3	133.3	1035	OK
 653	     0	71.9	133.9	1047	OK
 654	     0	73.4	133.8	1051	OK
 655	     0	77.0	141.4	1072	OK
 656	     0	75.7	136.0	1041	OK
 657	     0	73.7	136.2	1043	OK
 658	     0	75.2	138.7	1045	OK
 659	     0	75.5	139.8	1033	OK
 660	     0	74.5	136.0	1066	OK
 661	     0	72.4	134.3	1014	OK
 662	     0	73.4	138.7	1032	OK
 663	     0	74.9	138.1	1039	OK
 664	     0	75.1	135.1	1043	OK
 665	     0	76.2	138.8	1078	OK
 666	     0	75.0	139.0	1057	OK
 667	     0	75.1	138.0	1052	OK
 668	     0	75.1	138.0	1064	OK
 669	     0	75.4	140.1	1035	OK
 670	     0	77.0	140.5	1039	OK
 671	     0	75.8	139.2	1042	OK
 672	     0	73.4	135.6	1057	OK
 673	     0	75.6	137.8	1040	OK
 674	     0	72.0	131.4	1028	OK
 675	     0	73.0	134.8	1041	OK
 676	     0	74.7	137.3	1048	OK
 677	     0	74.2	135.8	1059	OK
 678	     0	75.4	138.6	1044	OK
 679	     0	74.6	138.2	1058	OK
 680	     0	75.9	138.7	1043	OK
 681	     0	75.0	136.9	1057	OK
 682	     0	75.3	137.5	1038	OK
 683	     0	73.0	134.2	1052	OK
 684	     0	73.5	136.1	1039	OK
 685	     0	73.4	132.4	1038	OK
 686	     0	74.4	137.1	1038	OK
 687	     0	76.6	139.0	1085	OK
 688	     0	75.5	136.8	1066	OK
 689	     0	74.8	135.6	1047	OK
 690	     0	74.5	138.0	1071	OK
 691	     0	75.7	137.5	1069	OK
 692	     0	75.6	139.0	1047	OK
 693	     0	72.9	133.5	1070	OK
 694	     0	73.9	134.8	1062	OK
 695	     0	74.7	135.5	1049	OK
 696	     0	73.7	137.4	1072	OK
 697	     0	76.4	140.2	1058	OK
 698	     0	72.4	133.4	1047	OK
 699	     0	73.4	137.4	1089	OK
 700	     0	74.6	134.4	1043	OK
 701	     0	74.5	137.3	1062	OK
 702	     0	77.2	137.7	1045	OK
 703	     0	73.7	134.4	1063	OK
 704	     0	75.7	139.2	1033	OK
 705	     0	73.6	135.5	1057	OK
 706	     0	75.7	140.9	1038	OK
 707	     0	72.2	133.9	1013	OK
 708	     0	74.0	135.5	1029	OK
 709	     0	72.5	131.9	1044	OK
 710	     0	74.1	135.0	1042	OK
 711	     0	74.0	134.0	1027	OK
 712	     0	74.0	136.3	1046	OK
 713	     0	73.4	134.5	1022	OK
 714	     0	73.3	136.0	1027	OK
 715	     0	75.1	139.7	1055	OK
 716	     0	72.7	134.0	1031	OK
 717	     0	73.3	135.7	1039	OK
 718	     0	71.6	132.2	1051	OK
 719	     0	73.7	135.5	1038	OK
 720	     0	74.2	137.2	1042	OK
 721	     0	71.7	135.6	1008	OK
 722	     0	71.2	132.3	1034	OK
 723	     0	74.4	137.6	1046	OK
 724	     0	72.8	133.5	1035	OK
 725	     0	73.8	135.9	1040	OK
 726	     0	73.5	135.9	1034	OK
 727	     0	72.2	132.8	1029	OK
 728	     0	74.2	134.2	1042	OK
 729	     0	73.5	136.2	1037	OK
 730	     0	74.1	136.3	1028	OK
 731	     0	73.9	134.4	1032	OK
 732	     0	71.4	131.1	1018	OK
 733	     0	72.6	132.8	1026	OK
 734	     0	73.6	136.2	1033	OK
 735	     0	75.0	139.0	1008	OK
 736	     0	73.2	134.6	1030	OK
 737	     0	73.8	134.3	1022	OK
 738	     0	75.1	137.7	1024	OK
 739	     0	75.6	137.5	1011	OK
 740	     0	72.8	135.0	1040	OK
 741	     0	72.9	136.2	1024	OK
 742	     0	74.6	135.8	1036	OK
 743	     0	72.5	133.3	1032	OK
 744	     0	75.7	137.3	1023	OK
 745	     0	72.8	132.4	1018	OK
 746	     0	74.5	140.6	1014	OK
 747	     0	74.9	134.5	1027	OK
 748	     0	76.3	139.9	1020	OK
 749	     0	73.0	133.8	1019	OK
 750	     0	74.8	137.6	1026	OK
 751	     0	74.6	137.2	1039	OK
 752	     0	74.1	137.6	1022	OK
 753	     0	73.3	134.0	1042	OK
 754	     0	72.9	134.8	1005	OK
 755	     0	74.1	136.7	1020	OK
 756	     0	74.8	136.5	1015	OK
 757	     0	73.1	133.8	1009	OK
 758	     0	75.8	139.2	1032	OK
 759	     0	74.3	138.2	1024	OK
 760	     0	72.9	140.7	1026	OK
 761	     0	74.5	137.4	1023	OK
 762	     0	72.8	132.9	1026	OK
 763	     0	75.1	136.7	1032	OK
 764	     0	75.8	137.9	1017	OK
 765	     0	73.7	135.5	1001	OK
 766	     0	73.9	136.0	1022	OK
 767	     0	74.2	135.5	1031	OK
 768	     0	77.1	140.7	 994	OK
 769	     0	78.3	142.2	 992	OK
 770	     0	77.5	141.1	1016	OK
 771	     0	79.9	144.3	1003	OK
 772	     0	78.5	143.7	 995	OK
 773	     0	78.5	142.6	1011	OK
 774	     0	75.1	140.0	 979	OK
 775	     0	77.5	140.6	 990	OK
 776	     0	76.5	140.1	1000	OK
 777	     0	76.3	138.9	 984	OK
 778	     0	78.0	143.0	 984	OK
 779	     0	76.7	139.6	1012	OK
 780	     0	74.8	137.4	 991	OK
 781	     0	75.8	139.3	 981	OK
 782	     0	76.9	141.9	1016	OK
 783	     0	75.7	140.5	 999	OK
 784	     0	77.2	141.3	 976	OK
 785	     0	74.4	136.0	 995	OK
 786	     0	75.4	140.4	 995	OK
 787	     0	75.1	137.3	 981	OK
 788	     0	76.8	140.1	1006	OK
 789	     0	75.1	139.8	1005	OK
 790	     0	75.6	138.5	 957	OK
 791	     0	74.9	142.4	1015	OK
 792	     0	72.7	134.1	1002	OK
 793	     0	76.6	141.6	1003	OK
 794	     0	76.4	140.5	 990	OK
 795	     0	77.2	142.4	1007	OK
 796	     0	76.8	139.7	 983	OK
 797	     0	76.3	139.0	1003	OK
 798	     0	75.5	139.8	 989	OK
 799	     0	76.4	141.5	 993	OK
 800	     0	77.1	143.8	 987	OK
 801	     0	76.4	141.0	 999	OK
 802	     0	75.9	138.1	1020	OK
 803	     0	75.4	139.5	1017	OK
 804	     0	75.2	139.0	1005	OK
 805	     0	75.3	138.3	1045	OK
 806	     0	75.7	141.5	1009	OK
 807	     0	77.0	140.4	1021	OK
 808	     0	76.2	139.0	1012	OK
 809	     0	77.1	143.5	1018	OK
 810	     0	76.9	139.6	1032	OK
 811	     0	74.5	140.2	1015	OK
 812	     0	78.5	143.8	1022	OK
 813	     0	75.4	138.6	1021	OK
 814	     0	78.1	144.1	1045	OK
 815	     0	75.8	139.1	1027	OK
 816	     0	74.8	137.1	1025	OK
 817	     0	76.2	140.1	1030	OK
 818	     0	76.5	139.7	 999	OK
 819	     0	76.3	141.3	1021	OK
 820	     0	75.6	139.5	1011	OK
 821	     0	76.1	138.9	 997	OK
 822	     0	75.8	139.9	1025	OK
 823	     0	78.7	143.9	1014	OK
 824	     0	75.2	139.2	1015	OK
 825	     0	74.0	138.5	1030	OK
 826	     0	75.5	140.0	1027	OK
 827	     0	77.4	144.5	1027	OK
 828	     0	76.8	140.0	1030	OK
 829	     0	73.6	137.2	1026	OK
 830	     0	76.8	140.9	1032	OK
 831	     0	77.7	143.2	1056	OK
 832	     0	73.8	140.7	1004	OK
 833	     0	75.3	140.6	1016	OK
 834	     0	75.6	139.1	1018	OK
 835	     0	74.7	140.0	1006	OK
 836	     0	76.3	139.7	1032	OK
 837	     0	76.4	139.7	 995	OK
 838	     0	75.5	139.7	 976	OK
 839	     0	76.3	142.2	1032	OK
 840	     0	76.5	138.7	1017	OK
 841	     0	75.0	139.0	1001	OK
 842	     0	75.0	138.7	 997	OK
 843	     0	75.1	139.6	1017	OK
 844	     0	76.4	140.7	1019	OK
 845	     0	74.2	137.1	1013	OK
 846	     0	73.5	136.9	1019	OK
 847	     0	77.9	143.4	1017	OK
 848	     0	74.6	138.0	1030	OK
 849	     0	74.4	135.4	 999	OK
 850	     0	75.1	136.8	1007	OK
 851	     0	74.4	136.6	1009	OK
 852	     0	75.8	140.9	1006	OK
 853	     0	74.3	134.8	1008	OK
 854	     0	75.9	140.7	1007	OK
 855	     0	74.8	138.2	1016	OK
 856	     0	75.6	137.3	1024	OK
 857	     0	76.2	142.2	1006	OK
 858	     0	75.1	138.2	1001	OK
 859	     0	75.3	138.7	1007	OK
 860	     0	75.3	136.6	1010	OK
 861	     0	74.5	136.6	 990	OK
 862	     0	74.2	138.9	1035	OK
 863	     0	74.7	138.7	1010	OK
 864	     0	75.0	139.9	1013	OK
 865	     0	75.3	137.6	1016	OK
 866	     0	74.6	138.0	1017	OK
 867	     0	73.2	135.4	1022	OK
 868	     0	74.3	138.3	1010	OK
 869	     0	74.5	136.9	1009	OK
 870	     0	75.8	137.1	1013	OK
 871	     0	79.0	145.4	1019	OK
 872	     0	75.2	137.8	1003	OK
 873	     0	75.2	138.7	1011	OK
 874	     0	75.6	139.3	1016	OK
 875	     0	74.8	139.8	1009	OK
 876	     0	76.2	139.3	1011	OK
 877	     0	74.6	138.1	1012	OK
 878	     0	74.5	140.3	 992	OK
 879	     0	75.9	138.6	1009	OK
 880	     0	76.2	139.8	1009	OK
 881	     0	75.5	139.1	1006	OK
 882	     0	74.8	135.9	1017	OK
 883	     0	74.5	138.6	1013	OK
 884	     0	75.2	138.6	1005	OK
 885	     0	74.0	135.7	1014	OK
 886	     0	75.9	142.7	1019	OK
 887	     0	76.4	139.3	1021	OK
 888	     0	76.6	139.5	1021	OK
 889	     0	76.8	142.1	1013	OK
 890	     0	78.0	145.0	 994	OK
 891	     0	73.4	134.3	1004	OK
 892	     0	74.9	137.8	 995	OK
 893	     0	76.4	140.0	1013	OK
 894	     0	75.6	136.8	 978	OK
 895	     0	75.7	140.2	1012	OK
 896	     0	74.8	136.6	1009	OK
 897	     0	77.4	146.5	 994	OK
 898	     0	76.8	141.5	1013	OK
 899	     0	73.3	134.4	1013	OK
 900	     0	71.6	133.4	1009	OK
 901	     0	76.6	144.0	1007	OK
 902	     0	72.6	135.3	1008	OK
 903	     0	75.0	140.4	1027	OK
 904	     0	73.7	140.1	 981	OK
 905	     0	74.8	141.3	 992	OK
 906	     0	73.5	137.7	1009	OK
 907	     0	74.7	138.5	1011	OK
 908	     0	73.5	137.9	 993	OK
 909	     0	75.5	140.7	 986	OK
 910	     0	73.7	137.7	1006	OK
 911	     0	72.7	137.2	1014	OK
 912	     0	73.1	139.0	 982	OK
 913	     0	73.8	139.4	 998	OK
 914	     0	74.5	139.4	 993	OK
 915	     0	74.2	139.8	 984	OK
 916	     0	74.2	139.3	 982	OK
 917	     0	71.8	134.8	 976	OK
 918	     0	73.6	136.9	1013	OK
 919	     0	73.4	136.9	 983	OK
 920	     0	72.9	134.7	 980	OK
 921	     0	71.1	132.5	1010	OK
 922	     0	73.6	137.2	 988	OK
 923	     0	72.0	132.9	 995	OK
 924	     0	74.1	139.5	 993	OK
 925	     0	73.1	138.3	1002	OK
 926	     0	72.9	137.5	 976	OK
 927	     0	73.3	140.4	1002	OK
 928	     0	72.1	135.9	 994	OK
 929	     0	72.1	137.1	1002	OK
 930	     0	73.8	137.2	1007	OK
 931	     0	73.8	139.4	 999	OK
 932	     0	72.5	135.7	 985	OK
 933	     0	71.7	133.8	 983	OK
 934	     0	73.5	139.2	 982	OK
 935	     0	76.3	141.5	 996	OK
 936	     0	74.7	134.8	 993	OK
 937	     0	73.0	138.1	 987	OK
 938	     0	74.0	136.7	1000	OK
 939	     0	72.7	139.9	 995	OK
 940	     0	74.9	140.6	1004	OK
 941	     0	74.8	140.6	1000	OK
 942	     0	74.5	139.4	1007	OK
 943	     0	73.7	136.1	 999	OK
 944	     0	76.7	141.9	1029	OK
 945	     0	73.6	138.5	1003	OK
 946	     0	72.4	131.7	1004	OK
 947	     0	73.8	137.1	1003	OK
 948	     0	75.0	140.9	1002	OK
 949	     0	74.2	137.8	1020	OK
 950	     0	74.0	138.8	1018	OK
 951	     0	74.3	137.7	 994	OK
 952	     0	75.2	141.1	 984	OK
 953	     0	74.1	138.8	 977	OK
 954	     0	72.0	138.2	1005	OK
 955	     0	75.0	140.5	 994	OK
 956	     0	73.2	135.3	1004	OK
 957	     0	76.2	140.2	1009	OK
 958	     0	74.5	139.9	1000	OK
 959	     0	76.2	143.2	1009	OK
 960	     0	76.2	142.1	 997	OK
 961	     0	76.5	142.2	 988	OK
 962	     0	76.4	143.1	 982	OK
 963	     0	75.0	146.5	 993	OK
 964	     0	74.2	139.0	1014	OK
 965	     0	76.2	143.0	 992	OK
 966	     0	74.5	138.8	 984	OK
 967	     0	75.8	140.0	 993	OK
 968	     0	76.2	142.8	 999	OK
 969	     0	74.1	138.6	 986	OK
 970	     0	74.0	138.8	1005	OK
 971	     0	75.8	140.1	 993	OK
 972	     0	77.6	145.1	 982	OK
 973	     0	74.6	138.7	 985	OK
 974	     0	74.7	139.1	 979	OK
 975	     0	73.5	134.8	 998	OK
 976	     0	75.0	138.9	 990	OK
 977	     0	76.0	142.1	 961	OK
 978	     0	73.8	138.7	 977	OK
 979	     0	74.3	137.6	1006	OK
 980	     0	74.6	140.1	 970	OK
 981	     0	73.4	136.9	 975	OK
 982	     0	72.0	132.5	 975	OK
 983	     0	73.4	135.9	 966	OK
 984	     0	75.2	144.2	 979	OK
 985	     0	75.9	139.3	 977	OK
 986	     0	76.9	140.8	 974	OK
 987	     0	75.5	138.7	 984	OK
 988	     0	74.3	138.7	 978	OK
 989	     0	74.7	140.6	 983	OK
 990	     0	75.0	138.0	 975	OK
 991	     0	75.6	142.0	 956	OK
 992	     0	75.4	142.4	 989	OK
 993	     0	74.0	136.3	 970	OK
 994	     0	74.8	138.6	 984	OK
 995	     0	75.9	141.2	 979	OK
 996	     0	75.0	137.6	 960	OK
 997	     0	74.8	139.1	 977	OK
 998	     0	72.5	136.8	 982	OK
 999	     0	76.7	141.5	 987	OK
1000	     0	72.0	135.9	 967	OK
1001	     0	76.3	140.1	 969	OK
1002	     0	75.3	139.6	 946	OK
1003	     0	75.7	142.1	 974	OK
1004	     0	75.3	137.6	 965	OK
1005	     0	74.9	139.7	 974	OK
1006	     0	76.6	142.2	 970	OK
1007	     0	76.5	138.9	 974	OK
1008	     0	75.4	139.3	 991	OK
1009	     0	75.3	136.5	 970	OK
1010	     0	74.2	141.0	 970	OK
1011	     0	75.5	141.7	 964	OK
1012	     0	73.9	140.6	 966	OK
1013	     0	76.0	140.1	 955	OK
1014	     0	74.0	136.1	 980	OK
1015	     0	77.4	143.9	 972	OK
1016	     0	75.6	141.0	 975	OK
1017	     0	76.0	138.3	 968	OK
1018	     0	77.3	145.6	 979	OK
1019	     0	76.1	140.0	 970	OK
1020	     0	75.9	139.7	 978	OK
1021	     0	76.3	141.9	 957	OK
1022	     0	76.8	145.1	 941	OK
1023	     0	77.0	145.1	 962	OK
1024	   200	83.0	154.3	 957	high gain
1025	     0	79.9	149.7	 998	OK
1026	     0	76.0	141.7	 980	OK
1027	     0	79.3	146.9	1004	OK
1028	     0	79.2	146.8	 990	OK
1029	     0	79.1	147.2	1004	OK
1030	     0	77.0	146.6	1002	OK
1031	     0	79.3	148.1	 982	OK
1032	     0	78.6	147.4	1003	OK
1033	     0	78.9	147.5	 985	OK
1034	     0	77.6	143.3	 994	OK
1035	     0	76.2	144.8	1006	OK
1036	     0	78.8	146.1	1015	OK
1037	     0	78.5	145.3	1004	OK
1038	     0	77.1	143.4	1036	OK
1039	     0	77.5	145.7	1022	OK
1040	     0	77.2	142.5	1010	OK
1041	     0	75.7	143.6	1017	OK
1042	     0	77.1	142.8	1017	OK
1043	     0	76.3	141.4	1005	OK
1044	     0	77.5	145.7	1018	OK
1045	     0	77.5	143.1	 983	OK
1046	     0	80.3	148.6	1011	OK
1047	     0	79.9	149.6	1025	OK
1048	     0	76.3	143.9	1012	OK
1049	     0	76.6	145.9	1014	OK
1050	     0	77.8	146.1	1024	OK
1051	     0	75.7	140.2	1043	OK
1052	     0	78.4	145.5	1039	OK
1053	     0	77.1	146.8	1028	OK
1054	     0	77.6	140.9	1029	OK
1055	     0	80.5	148.7	1024	OK
1056	     0	78.9	144.8	1027	OK
1057	     0	75.7	142.8	1034	OK
1058	     0	76.3	142.0	1030	OK
1059	     0	77.2	142.0	1051	OK
1060	     0	79.5	147.9	1032	OK
1061	     0	76.2	142.4	1037	OK
1062	     0	77.2	143.9	1060	OK
1063	     0	76.5	144.1	1046	OK
1064	     0	78.5	146.6	1030	OK
1065	     0	77.0	144.8	1030	OK
1066	     0	77.8	144.1	1031	OK
1067	     0	79.9	146.1	1026	OK
1068	     0	75.5	140.4	1030	OK
1069	     0	74.8	141.4	1025	OK
1070	     0	76.7	146.2	1035	OK
1071	     0	78.0	143.9	1055	OK
1072	     0	78.9	149.5	1077	OK
1073	     0	76.3	141.2	1039	OK
1074	     0	77.4	146.3	1049	OK
1075	     0	77.1	144.1	1051	OK
1076	     0	78.4	145.4	1032	OK
1077	     0	77.9	147.1	1038	OK
1078	     0	78.5	148.4	1048	OK
1079	     0	79.0	146.7	1043	OK
1080	     0	79.2	149.3	1035	OK
1081	     0	76.4	143.4	1032	OK
1082	     0	79.6	145.4	1049	OK
1083	     0	77.9	145.5	1030	OK
1084	     0	78.7	150.7	1067	OK
1085	     0	79.8	147.4	1071	OK
1086	     0	76.7	143.0	1050	OK
1087	     0	78.3	146.8	1040	OK
1088	     0	79.7	148.2	1043	OK
1089	     0	76.7	142.7	1065	OK
1090	     0	76.5	143.6	1049	OK
1091	     0	76.7	141.6	1030	OK
1092	     0	76.9	143.0	1035	OK
1093	     0	77.8	146.6	1048	OK
1094	     0	77.3	142.4	1046	OK
1095	     0	75.9	142.9	1068	OK
1096	     0	75.8	141.1	1053	OK
1097	     0	77.4	144.0	1038	OK
1098	     0	78.3	148.8	1048	OK
1099	     0	77.3	145.6	1040	OK
1100	     0	77.2	143.5	1047	OK
1101	     0	79.5	145.7	1043	OK
1102	     0	76.1	143.3	1035	OK
1103	     0	75.6	142.5	1030	OK
1104	     0	75.3	139.1	1010	OK
1105	     0	77.5	145.7	1038	OK
1106	     0	77.1	144.1	1030	OK
1107	     0	79.1	148.1	1047	OK
1108	     0	76.4	142.4	1040	OK
1109	     0	78.6	149.3	1068	OK
1110	     0	77.4	145.0	1027	OK
1111	     0	76.5	143.1	1065	OK
1112	     0	77.5	145.1	1047	OK
1113	     0	76.1	143.6	1051	OK
1114	     0	75.2	140.0	1042	OK
1115	     0	77.9	147.2	1040	OK
1116	     0	76.6	142.0	1044	OK
1117	     0	78.0	146.2	1028	OK
1118	     0	77.3	145.0	1049	OK
1119	     0	76.2	143.2	1055	OK
1120	     0	77.1	144.6	1050	OK
1121	     0	77.2	143.7	1041	OK
1122	     0	76.9	144.5	1029	OK
1123	     0	75.0	137.9	1035	OK
1124	     0	77.5	143.6	1044	OK
1125	     0	76.1	140.4	1064	OK
1126	     0	77.7	147.2	1045	OK
1127	     0	76.3	142.7	1039	OK
1128	     0	77.3	141.4	1043	OK
1129	     0	77.6	145.2	1069	OK
1130	     0	77.9	143.3	1043	OK
1131	     0	77.0	141.5	1038	OK
1132	     0	75.9	144.8	1041	OK
1133	     0	76.7	141.3	1024	OK
1134	     0	77.5	141.5	1056	OK
1135	     0	77.7	143.3	1038	OK
1136	     0	77.4	143.6	1055	OK
1137	     0	79.2	147.5	1042	OK
1138	     0	76.5	141.2	1045	OK
1139	     0	77.2	143.2	1028	OK
1140	     0	77.9	143.4	1057	OK
1141	     0	77.6	143.4	1030	OK
1142	     0	78.7	145.0	1050	OK
1143	     0	75.3	141.2	1049	OK
1144	     0	76.2	141.0	1047	OK
1145	     0	79.1	148.9	1042	OK
1146	     0	77.1	144.3	1039	OK
1147	     0	76.3	142.7	1050	OK
1148	     0	77.9	143.6	1051	OK
1149	     0	78.9	145.4	1042	OK
1150	     0	78.6	145.8	1029	OK
1151	     0	77.0	145.3	1050	OK
1152	     0	72.4	133.5	 824	OK
1153	     0	73.3	137.2	 817	OK
1154	     0	71.6	133.4	 814	OK
1155	     0	71.4	133.6	 830	OK
1156	     0	73.8	133.2	 837	OK
1157	     0	72.4	134.7	 784	OK
1158	     0	71.2	131.2	 811	OK
1159	     0	71.5	133.7	 838	OK
1160	     0	74.2	135.8	 794	OK
1161	     0	72.3	133.1	 822	OK
1162	     0	72.3	135.4	 811	OK
1163	     0	72.6	134.1	 829	OK
1164	     0	73.4	134.2	 842	OK
1165	     0	72.5	135.5	 827	OK
1166	     0	75.7	136.2	 822	OK
1167	     0	73.5	136.4	 818	OK
1168	     0	71.0	133.0	 808	OK
1169	     0	70.6	133.1	 811	OK
1170	     0	71.6	133.9	 812	OK
1171	     0	72.5	133.7	 820	OK
1172	     0	70.1	129.8	 831	OK
1173	     0	70.4	131.7	 825	OK
1174	     0	70.3	132.9	 838	OK
1175	     0	69.9	128.6	 813	OK
1176	     0	69.4	128.9	 822	OK
1177	     0	71.7	132.5	 828	OK
1178	     0	72.9	134.5	 832	OK
1179	     0	70.3	129.4	 833	OK
1180	     0	72.1	133.0	 809	OK
1181	     0	71.2	131.2	 804	OK
1182	     0	73.0	135.2	 818	OK
1183	     0	72.8	134.0	 808	OK
1184	     0	74.0	139.4	 811	OK
1185	     0	72.0	131.6	 832	OK
1186	     0	69.9	130.4	 831	OK
1187	     0	73.6	136.3	 837	OK
1188	     0	72.2	132.4	 824	OK
1189	     0	73.0	135.0	 822	OK
1190	     0	71.3	129.3	 830	OK
1191	     0	72.6	135.5	 812	OK
1192	     0	71.6	133.7	 822	OK
1193	     0	73.7	136.4	 840	OK
1194	     0	72.1	132.9	 837	OK
1195	     0	72.6	135.8	 819	OK
1196	     0	70.0	128.8	 838	OK
1197	     0	69.0	131.1	 820	OK
1198	     0	69.8	129.4	 836	OK
1199	     0	68.9	129.2	 832	OK
1200	     0	73.1	135.4	 823	OK
1201	     0	73.3	135.0	 827	OK
1202	     0	73.8	135.4	 831	OK
1203	     0	70.8	132.6	 836	OK
1204	     0	73.2	135.5	 848	OK
1205	     0	70.5	130.9	 844	OK
1206	     0	72.6	134.6	 822	OK
1207	     0	72.5	135.6	 840	OK
1208	     0	71.8	132.2	 856	OK
1209	     0	71.3	132.9	 837	OK
1210	     0	73.0	138.0	 846	OK
1211	     0	72.3	134.0	 834	OK
1212	     0	72.8	136.4	 835	OK
1213	     0	73.3	137.3	 848	OK
1214	     0	74.2	139.4	 845	OK
1215	     0	73.9	137.1	 831	OK
1216	     0	68.8	129.6	 866	OK
1217	     0	70.5	132.9	 851	OK
1218	     0	71.5	132.1	 825	OK
1219	     0	69.8	128.2	 836	OK
1220	     0	70.9	133.3	 824	OK
1221	     0	70.8	130.2	 851	OK
1222	     0	72.4	134.5	 833	OK
1223	     0	71.6	135.7	 835	OK
1224	     0	70.5	130.6	 835	OK
1225	     0	70.8	133.0	 818	OK
1226	     0	68.4	130.4	 827	OK
1227	     0	69.0	129.3	 832	OK
1228	     0	72.4	133.9	 813	OK
1229	     0	68.0	127.8	 807	OK
1230	     0	70.7	134.3	 846	OK
1231	     0	70.8	131.5	 842	OK
1232	     0	69.6	129.0	 815	OK
1233	     0	70.7	132.5	 843	OK
1234	     0	67.6	128.2	 832	OK
1235	     0	68.3	126.9	 833	OK
1236	     0	71.2	132.3	 832	OK
1237	     0	69.9	131.8	 836	OK
1238	     0	68.7	129.4	 823	OK
1239	     0	71.3	131.1	 815	OK
1240	     0	68.6	129.3	 823	OK
1241	     0	67.5	126.8	 818	OK
1242	     0	68.3	128.6	 821	OK
1243	     0	70.0	133.0	 812	OK
1244	     0	67.3	124.7	 867	OK
1245	     0	69.0	130.1	 840	OK
1246	     0	67.1	127.6	 832	OK
1247	     0	70.2	131.8	 829	OK
1248	     0	71.5	132.6	 835	OK
1249	     0	71.1	134.0	 849	OK
1250	     0	68.9	127.5	 833	OK
1251	     0	69.8	130.3	 833	OK
1252	     0	72.3	134.7	 837	OK
1253	     0	70.5	132.2	 846	OK
1254	     0	70.3	132.7	 828	OK
1255	     0	68.4	128.4	 842	OK
1256	     0	70.3	132.8	 827	OK
1257	     0	69.2	128.8	 818	OK
1258	     0	71.2	131.3	 817	OK
1259	     0	69.8	128.7	 822	OK
1260	     0	68.2	127.3	 836	OK
1261	     0	71.4	133.7	 841	OK
1262	     0	68.6	129.6	 824	OK
1263	     0	69.0	129.6	 830	OK
1264	     0	70.2	129.9	 843	OK
1265	     0	70.8	130.6	 826	OK
1266	     0	70.9	133.2	 810	OK
1267	     0	69.9	128.7	 830	OK
1268	     0	69.3	128.0	 832	OK
1269	     0	69.0	127.2	 825	OK
1270	     0	70.5	134.2	 826	OK
1271	     0	69.0	129.8	 829	OK
1272	     0	69.9	130.0	 833	OK
1273	     0	71.8	133.8	 831	OK
1274	     0	70.2	129.5	 837	OK
1275	     0	70.2	130.5	 842	OK
1276	     0	71.6	133.7	 840	OK
1277	     0	69.0	127.9	 816	OK
1278	     0	71.1	129.4	 862	OK
1279	     0	73.4	133.2	 826	OK
1280	     0	80.2	147.5	 811	OK
1281	     0	78.4	142.2	 801	OK
1282	     0	78.9	144.3	 792	OK
1283	     0	78.1	143.7	 816	OK
1284	     0	75.0	139.6	 799	OK
1285	     0	77.2	142.0	 785	OK
1286	     0	77.2	141.8	 821	OK
1287	     0	76.7	142.1	 807	OK
1288	     0	76.7	142.5	 804	OK
1289	     0	75.9	139.8	 807	OK
1290	     0	77.0	142.1	 797	OK
1291	     0	76.1	139.8	 802	OK
1292	     0	77.2	142.4	 800	OK
1293	     0	76.3	140.2	 817	OK
1294	     0	78.6	141.3	 820	OK
1295	     0	75.2	137.5	 781	OK
1296	     0	75.4	139.3	 813	OK
1297	     0	76.7	139.8	 779	OK
1298	     0	76.4	139.4	 798	OK
1299	     0	78.4	142.9	 810	OK
1300	     0	74.3	137.4	 801	OK
1301	     0	76.9	142.4	 790	OK
1302	     0	78.1	143.0	 787	OK
1303	     0	77.2	141.2	 798	OK
1304	     0	75.3	138.5	 824	OK
1305	     0	76.1	140.0	 803	OK
1306	     0	76.6	138.0	 799	OK
1307	     0	77.7	143.4	 807	OK
1308	     0	79.0	142.9	 809	OK
1309	     0	75.8	140.0	 799	OK
1310	     0	77.1	142.9	 797	OK
1311	     0	75.5	138.7	 799	OK
1312	     0	76.9	144.6	 816	OK
1313	     0	75.7	137.7	 779	OK
1314	     0	75.2	140.1	 804	OK
1315	     0	74.7	137.2	 807	OK
1316	     0	77.7	142.5	 818	OK
1317	     0	75.0	139.1	 801	OK
1318	     0	77.3	141.2	 820	OK
1319	     0	77.6	142.0	 819	OK
1320	     0	78.3	143.7	 804	OK
1321	     0	78.4	142.3	 809	OK
1322	     0	78.2	142.0	 815	OK
1323	     0	77.1	141.4	 812	OK
1324	     0	74.9	137.6	 809	OK
1325	     0	74.4	137.9	 824	OK
1326	     0	78.7	145.0	 808	OK
1327	     0	74.7	136.4	 834	OK
1328	     0	72.9	136.6	 824	OK
1329	     0	76.4	139.2	 798	OK
1330	     0	77.2	140.6	 805	OK
1331	     0	75.1	141.0	 814	OK
1332	     0	77.5	144.2	 807	OK
1333	     0	75.0	141.3	 822	OK
1334	     0	76.6	142.2	 805	OK
1335	     0	75.5	139.1	 811	OK
1336	     0	80.1	147.0	 839	OK
1337	     0	74.3	141.2	 810	OK
1338	     0	76.2	141.6	 799	OK
1339	     0	76.9	140.6	 799	OK
1340	     0	77.2	141.4	 826	OK
1341	     0	78.5	144.8	 830	OK
1342	     0	78.1	146.1	 826	OK
1343	     0	78.9	143.6	 793	OK
1344	     0	75.2	138.3	 819	OK
1345	     0	77.5	141.1	 799	OK
1346	     0	77.4	142.2	 819	OK
1347	     0	78.4	143.4	 826	OK
1348	     0	76.1	140.8	 819	OK
1349	     0	75.6	138.5	 813	OK
1350	     0	74.9	138.3	 843	OK
1351	     0	75.9	139.2	 810	OK
1352	     0	75.6	138.8	 809	OK
1353	     0	76.8	141.4	 824	OK
1354	     0	75.7	140.5	 812	OK
1355	     0	75.3	139.6	 822	OK
1356	     0	75.3	139.2	 814	OK
1357	     0	75.3	140.5	 859	OK
1358	     0	76.5	140.1	 813	OK
1359	     0	74.6	138.1	 811	OK
1360	     0	74.2	137.7	 809	OK
1361	     0	74.6	139.7	 809	OK
1362	     0	76.3	142.7	 810	OK
1363	     0	76.1	140.9	 817	OK
1364	     0	77.6	143.1	 810	OK
1365	     0	74.3	137.1	 826	OK
1366	     0	75.8	139.8	 815	OK
1367	     0	74.2	136.4	 818	OK
1368	     0	75.0	138.7	 814	OK
1369	     0	75.4	142.3	 808	OK
1370	     0	73.9	137.1	 801	OK
1371	     0	75.9	141.9	 818	OK
1372	     0	74.5	136.2	 794	OK
1373	     0	75.4	140.7	 808	OK
1374	     0	75.4	139.8	 813	OK
1375	     0	74.7	138.9	 798	OK
1376	     0	76.4	139.2	 816	OK
1377	     0	74.9	136.9	 808	OK
1378	     0	74.9	135.7	 819	OK
1379	     0	72.8	135.9	 821	OK
1380	     0	75.3	137.9	 813	OK
1381	     0	74.9	136.5	 802	OK
1382	     0	73.3	136.2	 825	OK
1383	     0	72.5	131.2	 811	OK
1384	     0	73.0	133.6	 807	OK
1385	     0	73.4	137.4	 815	OK
1386	     0	75.2	138.5	 795	OK
1387	     0	74.5	137.2	 797	OK
1388	     0	74.1	136.2	 800	OK
1389	     0	74.9	136.3	 812	OK
1390	     0	74.7	136.5	 818	OK
1391	     0	73.4	135.3	 814	OK
1392	     0	74.8	138.7	 811	OK
1393	     0	75.2	141.8	 796	OK
1394	     0	74.8	136.1	 811	OK
1395	     0	74.0	138.8	 827	OK
1396	     0	73.5	135.1	 828	OK
1397	     0	76.2	141.4	 791	OK
1398	     0	76.2	139.5	 807	OK
1399	     0	77.2	141.1	 813	OK
1400	     0	77.0	144.2	 817	OK
1401	     0	76.7	143.9	 815	OK
1402	     0	75.3	141.4	 823	OK
1403	     0	75.1	140.4	 827	OK
1404	     0	75.9	138.3	 820	OK
1405	     0	76.9	140.7	 794	OK
1406	     0	76.3	140.9	 816	OK
1407	     0	76.2	141.5	 838	OK
1408	     0	75.6	142.0	 776	OK
1409	     0	73.5	138.3	 766	OK
1410	     0	74.4	140.9	 754	OK
1411	     0	75.9	143.3	 769	OK
1412	     0	73.3	138.0	 773	OK
1413	     0	76.4	139.7	 752	OK
1414	     0	72.7	135.8	 748	OK
1415	     0	74.3	138.8	 765	OK
1416	     0	76.3	141.5	 755	OK
1417	     0	73.4	135.7	 764	OK
1418	     0	74.9	139.5	 742	OK
1419	     0	74.5	140.1	 766	OK
1420	     0	73.6	138.1	 759	OK
1421	     0	74.7	137.2	 750	OK
1422	     0	72.7	136.9	 751	OK
1423	     0	73.0	136.4	 763	OK
1424	     0	70.4	132.0	 743	OK
1425	     0	74.3	137.1	 729	OK
1426	     0	76.6	143.9	 766	OK
1427	     0	72.1	135.6	 750	OK
1428	     0	73.0	135.8	 744	OK
1429	     0	73.0	136.4	 745	OK
1430	     0	73.5	137.3	 760	OK
1431	     0	73.0	136.6	 758	OK
1432	     0	75.8	139.1	 750	OK
1433	     0	75.1	138.5	 759	OK
1434	     0	74.0	138.0	 740	OK
1435	     0	76.1	140.7	 755	OK
1436	     0	75.0	140.2	 751	OK
1437	     0	73.5	136.0	 729	OK
1438	     0	73.9	139.0	 760	OK
1439	     0	72.2	133.9	 761	OK
1440	     0	74.4	140.0	 746	OK
1441	     0	74.7	139.6	 749	OK
1442	     0	71.9	136.7	 766	OK
1443	     0	71.5	134.0	 761	OK
1444	     0	73.4	135.3	 771	OK
1445	     0	74.1	137.8	 768	OK
1446	     0	74.0	137.3	 752	OK
1447	     0	74.1	138.7	 763	OK
1448	     0	72.6	134.7	 758	OK
1449	     0	71.8	135.5	 752	OK
1450	     0	73.0	135.7	 774	OK
1451	     0	74.8	138.2	 772	OK
1452	     0	73.6	135.5	 771	OK
1453	     0	75.4	141.2	 752	OK
1454	     0	72.0	135.5	 743	OK
1455	     0	74.7	138.4	 757	OK
1456	     0	72.9	133.2	 755	OK
1457	     0	71.9	134.5	 768	OK
1458	     0	74.1	137.8	 769	OK
1459	     0	72.7	135.8	 778	OK
1460	     0	73.2	135.1	 768	OK
1461	     0	75.4	138.5	 762	OK
1462	     0	74.6	139.0	 745	OK
1463	     0	74.0	138.4	 750	OK
1464	     0	73.0	138.3	 763	OK
1465	     0	75.1	139.3	 760	OK
1466	     0	73.3	135.1	 764	OK
1467	     0	73.3	135.4	 753	OK
1468	     0	73.6	136.8	 759	OK
1469	     0	74.8	140.1	 742	OK
1470	     0	76.0	142.7	 760	OK
1471	     0	75.5	142.3	 745	OK
1472	     0	77.2	144.8	 746	OK
1473	     0	78.9	145.7	 761	OK
1474	     0	75.9	143.6	 750	OK
1475	     0	77.5	143.9	 750	OK
1476	     0	74.6	138.8	 759	OK
1477	     0	73.6	138.0	 756	OK
1478	     0	75.2	139.7	 744	OK
1479	     0	73.8	135.7	 747	OK
1480	     0	74.9	140.1	 749	OK
1481	     0	73.3	134.7	 755	OK
1482	     0	75.3	139.3	 756	OK
1483	     0	75.3	137.9	 763	OK
1484	     0	76.3	140.0	 744	OK
1485	     0	73.5	135.7	 765	OK
1486	     0	71.8	134.3	 739	OK
1487	     0	73.6	135.8	 746	OK
1488	     0	75.0	139.5	 757	OK
1489	     0	76.8	140.7	 748	OK
1490	     0	73.3	136.0	 746	OK
1491	     0	73.4	136.5	 749	OK
1492	     0	75.0	138.6	 775	OK
1493	     0	76.1	142.1	 760	OK
1494	     0	73.2	134.3	 753	OK
1495	     0	74.3	136.5	 738	OK
1496	     0	72.3	135.1	 752	OK
1497	     0	74.1	136.0	 767	OK
1498	     0	74.8	137.7	 749	OK
1499	     0	74.2	138.7	 741	OK
1500	     0	74.2	137.9	 756	OK
1501	     0	76.1	141.0	 744	OK
1502	     0	75.2	140.0	 752	OK
1503	     0	74.9	140.0	 762	OK
1504	     0	75.7	140.9	 725	OK
1505	     0	74.9	140.0	 753	OK
1506	     0	77.3	142.8	 763	OK
1507	     0	73.4	138.1	 737	OK
1508	     0	74.3	137.2	 738	OK
1509	     0	75.5	138.5	 720	OK
1510	     0	75.5	140.2	 733	OK
1511	     0	76.9	141.3	 733	OK
1512	     0	75.7	138.3	 755	OK
1513	     0	77.0	141.0	 737	OK
1514	     0	73.4	135.4	 764	OK
1515	     0	75.4	138.9	 723	OK
1516	     0	73.5	136.1	 742	OK
1517	     0	74.9	138.9	 742	OK
1518	     0	74.9	138.5	 753	OK
1519	     0	74.1	137.0	 735	OK
1520	     0	76.6	140.9	 733	OK
1521	     0	75.0	138.3	 735	OK
1522	     0	76.5	141.6	 728	OK
1523	     0	76.7	141.1	 739	OK
1524	     0	75.2	138.7	 740	OK
1525	     0	74.2	137.7	 747	OK
1526	     0	75.1	137.6	 750	OK
1527	     0	76.3	139.6	 745	OK
1528	     0	74.9	136.9	 734	OK
1529	     0	76.7	142.5	 764	OK
1530	     0	75.0	139.2	 741	OK
1531	     0	73.5	137.6	 743	OK
1532	     0	76.9	141.2	 751	OK
1533	     0	76.8	140.7	 735	OK
1534	     0	73.7	138.4	 753	OK
1535	     0	74.6	138.3	 724	OK
1536	     0	75.7	140.9	 737	OK
1537	     0	76.4	143.8	 752	OK
1538	     0	76.9	142.1	 753	OK
1539	     0	76.7	141.0	 739	OK
1540	     0	78.7	146.8	 763	OK
1541	     0	76.9	142.3	 744	OK
1542	     0	77.5	142.9	 762	OK
1543	     0	76.6	142.1	 762	OK
1544	     0	76.4	141.8	 738	OK
1545	     0	78.0	144.4	 744	OK
1546	     0	76.8	143.8	 742	OK
1547	     0	78.1	144.9	 738	OK
1548	     0	74.7	141.4	 728	OK
1549	     0	75.5	142.9	 739	OK
1550	     0	79.5	146.9	 734	OK
1551	     0	75.5	139.9	 746	OK
1552	     0	77.7	142.9	 743	OK
1553	     0	76.5	143.9	 731	OK
1554	     0	78.3	143.8	 740	OK
1555	     0	79.3	147.6	 758	OK
1556	     0	73.3	136.3	 759	OK
1557	     0	78.1	147.4	 744	OK
1558	     0	78.5	147.3	 731	OK
1559	     0	74.9	140.6	 745	OK
1560	     0	77.1	144.5	 748	OK
1561	     0	77.4	145.2	 774	OK
1562	     0	75.1	141.6	 733	OK
1563	     0	77.4	144.0	 756	OK
1564	     0	75.5	143.2	 744	OK
1565	     0	76.4	143.3	 749	OK
1566	     0	77.2	143.0	 758	OK
1567	     0	78.6	144.0	 751	OK
1568	     0	77.8	143.7	 746	OK
1569	     0	75.6	140.2	 734	OK
1570	     0	76.4	143.5	 754	OK
1571	     0	76.5	143.4	 730	OK
1572	     0	76.4	143.1	 754	OK
1573	     0	75.3	140.6	 761	OK
1574	     0	76.1	140.7	 739	OK
1575	     0	77.1	143.1	 762	OK
1576	     0	76.0	143.5	 745	OK
1577	     0	76.2	143.6	 766	OK
1578	     0	76.9	145.1	 766	OK
1579	     0	76.3	143.5	 768	OK
1580	     0	78.8	144.1	 754	OK
1581	     0	76.4	140.6	 758	OK
1582	     0	79.1	147.0	 752	OK
1583	     0	74.9	139.4	 741	OK
1584	     0	75.7	138.9	 756	OK
1585	     0	75.1	139.0	 735	OK
1586	     0	75.0	142.1	 772	OK
1587	     0	76.0	142.5	 772	OK
1588	     0	75.1	140.3	 753	OK
1589	     0	77.2	144.8	 766	OK
1590	     0	75.6	139.9	 751	OK
1591	     0	75.7	142.3	 761	OK
1592	     0	78.0	143.5	 732	OK
1593	     0	74.9	141.1	 760	OK
1594	     0	76.9	144.0	 755	OK
1595	     0	74.5	138.6	 752	OK
1596	     0	76.9	141.8	 750	OK
1597	     0	76.1	143.1	 767	OK
1598	     0	76.4	141.7	 754	OK
1599	     0	76.7	143.0	 761	OK
1600	     0	76.9	144.8	 761	OK
1601	     0	75.4	141.4	 759	OK
1602	     0	77.0	144.8	 736	OK
1603	     0	76.0	142.3	 750	OK
1604	     0	75.1	141.0	 742	OK
1605	     0	75.9	140.2	 759	OK
1606	     0	74.9	139.0	 739	OK
1607	     0	76.1	142.1	 743	OK
1608	     0	73.1	138.0	 737	OK
1609	     0	76.0	145.2	 746	OK
1610	     0	73.7	139.3	 735	OK
1611	     0	75.2	139.1	 739	OK
1612	     0	75.2	140.7	 748	OK
1613	     0	75.6	142.2	 742	OK
1614	     0	75.4	142.2	 744	OK
1615	     0	76.4	146.0	 746	OK
1616	     0	75.0	138.5	 747	OK
1617	     0	75.6	141.2	 741	OK
1618	     0	74.0	140.8	 744	OK
1619	     0	75.5	139.5	 744	OK
1620	     0	75.6	141.6	 740	OK
1621	     0	76.1	141.6	 756	OK
1622	     0	74.8	141.6	 764	OK
1623	     0	75.1	141.4	 726	OK
1624	     0	75.5	139.6	 730	OK
1625	     0	77.1	146.1	 732	OK
1626	     0	76.9	144.3	 737	OK
1627	     0	75.9	141.5	 722	OK
1628	     0	74.9	139.4	 743	OK
1629	     0	77.9	143.3	 735	OK
1630	     0	75.1	142.7	 749	OK
1631	     0	76.0	142.3	 738	OK
1632	     0	75.9	141.7	 739	OK
1633	     0	77.3	143.1	 738	OK
1634	     0	75.6	141.1	 733	OK
1635	     0	75.1	138.4	 748	OK
1636	     0	76.0	141.7	 717	OK
1637	     0	74.3	140.2	 737	OK
1638	     0	75.6	144.3	 750	OK
1639	     0	76.4	144.0	 745	OK
1640	     0	75.9	142.2	 744	OK
1641	     0	74.7	140.4	 735	OK
1642	     0	77.3	145.4	 737	OK
1643	     0	75.9	142.4	 732	OK
1644	     0	76.9	145.4	 723	OK
1645	     0	74.9	139.6	 741	OK
1646	     0	76.8	146.6	 738	OK
1647	     0	77.8	145.4	 719	OK
1648	     0	74.5	139.6	 749	OK
1649	     0	76.5	142.5	 712	OK
1650	     0	74.9	143.2	 729	OK
1651	     0	75.7	141.9	 743	OK
1652	     0	76.4	140.8	 724	OK
1653	     0	73.8	137.6	 717	OK
1654	     0	75.7	144.0	 727	OK
1655	     0	74.9	139.5	 743	OK
1656	     0	76.1	142.8	 730	OK
1657	     0	75.6	140.8	 730	OK
1658	     0	75.6	141.4	 746	OK
1659	     0	74.8	140.9	 749	OK
1660	     0	77.6	144.2	 730	OK
1661	     0	74.9	143.0	 735	OK
1662	     0	75.2	141.9	 728	OK
1663	     0	75.8	144.4	 721	OK
1664	     0	78.2	141.6	 760	OK
1665	     0	77.8	144.5	 767	OK
1666	     0	77.4	144.1	 741	OK
1667	     0	79.0	146.9	 743	OK
1668	     0	77.2	141.2	 751	OK
1669	     0	77.2	141.6	 753	OK
1670	     0	79.6	146.2	 750	OK
1671	     0	78.3	144.4	 769	OK
1672	     0	79.2	146.7	 753	OK
1673	     0	77.5	142.2	 767	OK
1674	     0	78.5	141.9	 759	OK
1675	     0	78.9	147.4	 737	OK
1676	     0	77.5	141.9	 766	OK
1677	     0	80.1	148.9	 718	OK
1678	     0	79.3	146.4	 750	OK
1679	     0	77.9	143.7	 743	OK
1680	     0	76.2	139.7	 742	OK
1681	     0	79.1	145.7	 746	OK
1682	     0	77.9	143.5	 743	OK
1683	     0	77.9	144.3	 763	OK
1684	     0	77.4	142.9	 755	OK
1685	     0	78.7	144.0	 743	OK
1686	     0	76.7	142.0	 760	OK
1687	     0	78.1	143.2	 741	OK
1688	     0	76.2	140.8	 747	OK
1689	     0	78.6	147.0	 738	OK
1690	     0	79.2	143.7	 738	OK
1691	     0	80.8	147.5	 758	OK
1692	     0	77.9	143.4	 759	OK
1693	     0	77.6	141.7	 753	OK
1694	     0	79.2	146.1	 744	OK
1695	     0	78.3	147.5	 756	OK
1696	     0	78.0	143.6	 749	OK
1697	     0	76.5	143.2	 770	OK
1698	     0	79.3	146.4	 768	OK
1699	     0	76.4	141.6	 746	OK
1700	     0	80.6	147.8	 751	OK
1701	     0	77.6	145.4	 737	OK
1702	     0	78.3	144.2	 759	OK
1703	     0	79.0	144.9	 764	OK
1704	     0	77.8	143.6	 761	OK
1705	     0	77.9	145.4	 746	OK
1706	     0	78.3	145.7	 743	OK
1707	     0	77.6	140.5	 748	OK
1708	     0	77.8	142.7	 758	OK
1709	     0	77.8	145.6	 753	OK
1710	     0	78.1	143.4	 768	OK
1711	     0	76.4	142.1	 773	OK
1712	     0	76.4	141.1	 753	OK
1713	     0	78.3	143.6	 741	OK
1714	     0	77.3	142.2	 772	OK
1715	     0	76.3	143.2	 749	OK
1716	     0	77.5	142.1	 768	OK
1717	     0	76.4	142.6	 761	OK
1718	     0	79.3	145.7	 769	OK
1719	     0	76.4	143.2	 764	OK
1720	     0	76.1	139.1	 758	OK
1721	     0	78.2	143.7	 760	OK
1722	     0	78.6	147.3	 774	OK
1723	     0	77.5	146.0	 762	OK
1724	     0	77.8	141.7	 758	OK
1725	     0	78.5	146.7	 764	OK
1726	     0	78.7	144.1	 760	OK
1727	     0	79.3	146.1	 754	OK
1728	     0	74.1	139.1	 753	OK
1729	     0	75.4	140.2	 767	OK
1730	     0	76.8	143.4	 750	OK
1731	     0	76.5	143.1	 756	OK
1732	     0	75.7	142.5	 763	OK
1733	     0	74.8	139.9	 758	OK
1734	     0	76.0	142.0	 749	OK
1735	     0	74.2	138.4	 755	OK
1736	     0	77.1	144.5	 769	OK
1737	     0	74.4	140.8	 757	OK
1738	     0	74.2	140.6	 751	OK
1739	     0	74.8	137.9	 749	OK
1740	     0	75.4	142.3	 753	OK
1741	     0	75.6	140.9	 747	OK
1742	     0	74.7	141.3	 766	OK
1743	     0	76.9	142.4	 756	OK
1744	     0	75.0	142.2	 766	OK
1745	     0	74.5	138.7	 759	OK
1746	     0	76.9	143.1	 759	OK
1747	     0	77.2	143.1	 761	OK
1748	     0	75.6	141.0	 759	OK
1749	     0	74.4	137.2	 756	OK
1750	     0	73.6	137.5	 787	OK
1751	     0	75.4	142.4	 752	OK
1752	     0	75.2	139.9	 748	OK
1753	     0	75.8	142.5	 753	OK
1754	     0	74.6	141.0	 744	OK
1755	     0	75.8	143.6	 760	OK
1756	     0	74.2	139.4	 768	OK
1757	     0	75.3	140.9	 761	OK
1758	     0	76.6	143.4	 751	OK
1759	     0	77.2	146.2	 747	OK
1760	     0	73.4	139.2	 763	OK
1761	     0	75.1	142.3	 735	OK
1762	     0	75.7	139.8	 773	OK
1763	     0	76.1	142.7	 743	OK
1764	     0	74.8	142.3	 757	OK
1765	     0	75.7	142.6	 742	OK
1766	     0	74.5	139.9	 755	OK
1767	     0	74.4	139.5	 746	OK
1768	     0	73.8	136.9	 755	OK
1769	     0	73.5	137.9	 753	OK
1770	     0	76.3	142.9	 737	OK
1771	     0	78.0	144.2	 778	OK
1772	     0	76.8	143.3	 760	OK
1773	     0	74.6	138.6	 751	OK
1774	     0	74.0	142.6	 754	OK
1775	     0	73.2	138.9	 747	OK
1776	     0	76.8	141.2	 757	OK
1777	     0	75.1	142.3	 763	OK
1778	     0	75.3	142.3	 751	OK
1779	     0	74.0	138.8	 747	OK
1780	     0	73.3	137.7	 741	OK
1781	     0	74.7	139.4	 741	OK
1782	     0	74.9	142.6	 773	OK
1783	     0	74.1	139.2	 763	OK
1784	     0	72.6	136.7	 744	OK
1785	     0	72.5	135.2	 748	OK
1786	     0	74.8	141.0	 769	OK
1787	     0	73.0	137.6	 746	OK
1788	     0	73.6	138.2	 764	OK
1789	     0	73.5	139.2	 749	OK
1790	     0	74.3	140.3	 761	OK
1791	     0	74.9	144.2	 747	OK
1792	     0	76.8	142.3	 792	OK
1793	     0	76.0	141.2	 811	OK
1794	     0	75.5	141.6	 798	OK
1795	     0	74.1	140.2	 773	OK
1796	     0	75.8	139.8	 776	OK
1797	     0	75.4	140.4	 779	OK
1798	     0	74.7	141.9	 781	OK
1799	     0	78.0	144.0	 773	OK
1800	     0	76.3	143.7	 795	OK
1801	     0	75.2	138.6	 782	OK
1802	     0	74.9	141.4	 776	OK
1803	     0	75.8	143.2	 777	OK
1804	     0	76.6	144.0	 782	OK
1805	     0	75.6	139.7	 791	OK
1806	     0	74.2	139.7	 782	OK
1807	     0	73.8	136.8	 773	OK
1808	     0	75.2	139.1	 785	OK
1809	     0	74.8	138.9	 790	OK
1810	     0	74.8	138.7	 772	OK
1811	     0	77.0	145.0	 790	OK
1812	     0	76.4	143.1	 772	OK
1813	     0	74.8	138.8	 770	OK
1814	     0	75.0	140.4	 776	OK
1815	     0	76.4	142.3	 774	OK
1816	     0	75.5	139.4	 777	OK
1817	     0	74.8	142.0	 767	OK
1818	     0	74.0	139.8	 788	OK
1819	     0	76.4	143.8	 774	OK
1820	     0	74.0	138.5	 790	OK
1821	     0	76.7	142.9	 785	OK
1822	     0	74.1	137.7	 760	OK
1823	     0	75.8	141.7	 765	OK
1824	     0	74.1	137.6	 778	OK
1825	     0	76.6	140.9	 769	OK
1826	     0	75.4	143.2	 776	OK
1827	     0	74.5	139.6	 781	OK
1828	     0	73.5	136.1	 776	OK
1829	     0	76.8	144.9	 788	OK
1830	     0	73.8	137.4	 783	OK
1831	     0	75.5	138.9	 770	OK
1832	     0	75.4	140.5	 776	OK
1833	     0	75.7	142.7	 777	OK
1834	     0	74.6	139.6	 795	OK
1835	     0	74.4	137.3	 782	OK
1836	     0	76.4	142.9	 792	OK
1837	     0	76.9	144.0	 786	OK
1838	     0	75.8	140.0	 787	OK
1839	     0	73.9	137.9	 789	OK
1840	     0	75.8	139.8	 783	OK
1841	     0	73.8	138.5	 802	OK
1842	     0	74.2	138.2	 781	OK
1843	     0	71.4	133.8	 780	OK
1844	     0	74.0	138.1	 781	OK
1845	     0	75.6	140.1	 779	OK
1846	     0	78.8	145.0	 776	OK
1847	     0	78.0	144.6	 777	OK
1848	     0	75.0	139.7	 793	OK
1849	     0	74.6	139.4	 790	OK
1850	     0	76.7	142.9	 775	OK
1851	     0	76.2	143.0	 770	OK
1852	     0	75.2	141.3	 781	OK
1853	     0	75.5	141.3	 775	OK
1854	     0	76.9	141.6	 771	OK
1855	     0	73.8	139.1	 784	OK
1856	     0	73.1	136.9	 796	OK
1857	     0	73.9	136.1	 767	OK
1858	     0	74.1	140.5	 793	OK
1859	     0	74.8	140.1	 774	OK
1860	     0	76.0	142.4	 775	OK
1861	     0	77.6	142.4	 757	OK
1862	     0	74.0	138.7	 783	OK
1863	     0	72.9	137.3	 790	OK
1864	     0	75.7	141.0	 766	OK
1865	     0	76.9	141.3	 770	OK
1866	     0	74.5	140.4	 763	OK
1867	     0	74.5	139.9	 772	OK
1868	     0	74.7	140.9	 779	OK
1869	     0	73.8	139.0	 763	OK
1870	     0	75.2	142.3	 783	OK
1871	     0	74.2	137.3	 785	OK
1872	     0	73.1	138.6	 754	OK
1873	     0	75.0	138.3	 769	OK
1874	     0	73.6	139.7	 767	OK
1875	     0	75.2	139.6	 759	OK
1876	     0	74.6	137.9	 773	OK
1877	     0	75.2	138.2	 762	OK
1878	     0	76.6	144.5	 756	OK
1879	     0	78.0	144.7	 746	OK
1880	     0	73.9	137.4	 766	OK
1881	     0	74.3	140.1	 767	OK
1882	     0	72.9	138.4	 761	OK
1883	     0	73.2	136.6	 764	OK
1884	     0	74.1	139.5	 760	OK
1885	     0	75.9	141.9	 782	OK
1886	     0	75.4	139.9	 771	OK
1887	     0	76.2	143.2	 766	OK
1888	     0	75.4	140.8	 777	OK
1889	     0	76.0	139.1	 756	OK
1890	     0	73.8	138.0	 769	OK
1891	     0	76.6	142.3	 759	OK
1892	     0	75.8	141.5	 772	OK
1893	     0	75.0	141.6	 749	OK
1894	     0	74.7	139.4	 747	OK
1895	     0	76.6	139.9	 776	OK
1896	     0	74.7	140.1	 765	OK
1897	     0	77.6	144.7	 763	OK
1898	     0	76.1	140.3	 770	OK
1899	     0	75.4	139.1	 744	OK
1900	     0	75.8	140.3	 752	OK
1901	     0	74.3	138.8	 764	OK
1902	     0	75.5	139.4	 762	OK
1903	     0	76.1	141.0	 759	OK
1904	     0	73.7	136.1	 772	OK
1905	     0	74.6	138.9	 743	OK
1906	     0	72.9	135.7	 754	OK
1907	     0	74.5	140.3	 758	OK
1908	     0	74.7	140.4	 761	OK
1909	     0	73.4	138.3	 746	OK
1910	     0	74.5	138.7	 750	OK
1911	     0	73.6	137.8	 740	OK
1912	     0	73.6	137.6	 779	OK
1913	     0	75.5	139.0	 756	OK
1914	     0	74.8	140.2	 752	OK
1915	     0	75.2	139.0	 749	OK
1916	     0	74.8	140.1	 764	OK
1917	     0	74.5	139.4	 779	OK
1918	     0	75.9	142.6	 772	OK
1919	     0	73.8	139.0	 772	OK
1920	     0	78.6	146.8	 727	OK
1921	     0	80.1	146.5	 723	OK
1922	     0	78.7	146.3	 736	OK
1923	     0	78.1	144.0	 758	OK
1924	     0	76.0	143.7	 728	OK
1925	     0	77.8	145.2	 716	OK
1926	     0	75.3	141.6	 740	OK
1927	     0	78.0	148.0	 740	OK
1928	     0	76.7	143.0	 751	OK
1929	     0	77.8	145.2	 737	OK
1930	     0	77.5	144.1	 738	OK
1931	     0	78.5	145.4	 748	OK
1932	     0	76.8	146.1	 747	OK
1933	     0	77.4	144.1	 733	OK
1934	     0	75.1	138.4	 758	OK
1935	     0	75.9	144.7	 749	OK
1936	     0	76.9	143.5	 737	OK
1937	     0	76.7	143.9	 757	OK
1938	     0	77.2	144.0	 744	OK
1939	     0	73.6	138.5	 738	OK
1940	     0	77.5	142.9	 731	OK
1941	     0	77.9	145.6	 743	OK
1942	     0	77.6	147.9	 756	OK
1943	     0	78.0	146.4	 753	OK
1944	     0	74.9	140.0	 729	OK
1945	     0	77.3	145.4	 759	OK
1946	     0	78.7	148.7	 748	OK
1947	     0	77.4	143.7	 766	OK
1948	     0	77.2	144.8	 751	OK
1949	     0	74.1	140.9	 754	OK
1950	     0	76.9	144.0	 750	OK
1951	     0	76.0	141.6	 747	OK
1952	     0	77.7	145.8	 760	OK
1953	     0	77.4	144.3	 747	OK
1954	     0	76.0	143.1	 750	OK
1955	     0	76.5	143.3	 762	OK
1956	     0	78.2	146.6	 768	OK
1957	     0	76.9	142.6	 767	OK
1958	     0	77.4	145.8	 736	OK
1959	     0	76.9	142.7	 768	OK
1960	     0	77.4	142.8	 755	OK
1961	     0	75.7	141.6	 751	OK
1962	     0	78.5	146.3	 751	OK
1963	     0	76.6	143.9	 727	OK
1964	     0	77.7	147.5	 754	OK
1965	     0	74.8	139.6	 773	OK
1966	     0	76.5	141.5	 754	OK
1967	     0	76.6	144.3	 761	OK
1968	     0	76.4	142.2	 751	OK
1969	     0	77.4	143.2	 744	OK
1970	     0	77.7	144.5	 764	OK
1971	     0	76.3	142.3	 753	OK
1972	     0	78.3	144.3	 749	OK
1973	     0	75.7	140.0	 761	OK
1974	     0	78.2	145.7	 749	OK
1975	     0	75.9	141.0	 765	OK
1976	     0	75.5	142.3	 759	OK
1977	     0	78.2	145.7	 745	OK
1978	     0	77.1	145.7	 754	OK
1979	     0	75.9	141.1	 786	OK
1980	     0	77.9	145.1	 757	OK
1981	     0	78.2	146.5	 768	OK
1982	     0	76.7	143.4	 760	OK
1983	     0	79.5	147.6	 735	OK
1984	     0	76.1	144.2	 757	OK
1985	     0	76.0	142.9	 753	OK
1986	     0	77.2	147.3	 759	OK
1987	     0	77.5	145.3	 754	OK
1988	     0	77.0	144.3	 766	OK
1989	     0	76.1	142.9	 747	OK
1990	     0	74.2	141.1	 757	OK
1991	     0	74.6	142.2	 746	OK
1992	     0	76.9	143.1	 737	OK
1993	     0	78.0	144.9	 746	OK
1994	     0	75.3	141.8	 765	OK
1995	     0	76.2	143.3	 753	OK
1996	     0	76.9	143.8	 755	OK
1997	     0	76.9	144.0	 749	OK
1998	     0	75.4	142.4	 742	OK
1999	     0	74.0	139.4	 752	OK
2000	     0	75.8	144.1	 745	OK
2001	     0	77.5	143.9	 752	OK
2002	     0	74.3	142.5	 767	OK
2003	     0	75.3	143.7	 752	OK
2004	     0	75.0	141.2	 759	OK
2005	     0	76.2	141.7	 750	OK
2006	     0	76.1	143.6	 745	OK
2007	     0	74.8	142.3	 755	OK
2008	     0	77.2	145.8	 748	OK
2009	     0	77.8	145.6	 761	OK
2010	     0	74.7	142.5	 749	OK
2011	     0	76.3	141.6	 746	OK
2012	     0	75.7	143.1	 751	OK
2013	     0	75.5	142.8	 753	OK
2014	     0	75.4	143.0	 735	OK
2015	     0	77.2	144.4	 734	OK
2016	     0	76.9	144.2	 734	OK
2017	     0	79.1	146.5	 729	OK
2018	     0	76.5	145.2	 744	OK
2019	     0	76.6	143.0	 765	OK
2020	     0	75.5	140.6	 744	OK
2021	     0	76.3	143.9	 752	OK
2022	     0	74.7	141.2	 767	OK
2023	     0	77.8	146.7	 730	OK
2024	     0	75.2	141.0	 776	OK
2025	     0	77.9	146.7	 733	OK
2026	     0	75.1	142.8	 767	OK
2027	     0	73.4	139.2	 747	OK
2028	     0	76.4	145.3	 772	OK
2029	     0	77.2	146.0	 751	OK
2030	     0	76.7	144.0	 763	OK
2031	     0	73.9	140.9	 745	OK
2032	     0	76.6	145.6	 751	OK
2033	     0	76.3	142.4	 734	OK
2034	     0	75.8	143.7	 740	OK
2035	     0	75.5	141.2	 733	OK
2036	     0	77.6	144.2	 749	OK
2037	     0	77.7	146.7	 737	OK
2038	     0	77.9	144.7	 754	OK
2039	     0	74.5	139.9	 751	OK
2040	     0	74.0	138.8	 745	OK
2041	     0	77.6	144.3	 761	OK
2042	     0	77.8	143.5	 746	OK
2043	     0	77.8	146.3	 753	OK
2044	     0	75.7	140.8	 750	OK
2045	     0	78.6	145.8	 740	OK
2046	     0	76.6	143.0	 750	OK
2047	     0	76.8	142.5	 742	OK
2048	     0	76.3	145.0	 761	OK
2049	     0	75.4	142.2	 721	OK
2050	     0	72.7	137.6	 755	OK
2051	     0	75.2	144.0	 746	OK
2052	     0	73.8	138.6	 760	OK
2053	     0	76.3	145.2	 747	OK
2054	     0	74.7	141.6	 740	OK
2055	     0	75.3	140.8	 728	OK
2056	     0	74.0	140.9	 735	OK
2057	     0	75.5	143.0	 757	OK
2058	     0	73.5	139.4	 743	OK
2059	     0	74.3	138.6	 752	OK
2060	     0	73.2	138.5	 751	OK
2061	     0	74.0	139.8	 752	OK
2062	     0	76.5	143.0	 750	OK
2063	     0	74.7	139.3	 744	OK
2064	     0	72.7	139.0	 729	OK
2065	     0	73.5	139.5	 726	OK
2066	     0	74.7	141.6	 738	OK
2067	     0	73.3	137.9	 740	OK
2068	     0	72.5	138.2	 735	OK
2069	     0	75.0	141.7	 736	OK
2070	     0	74.2	141.0	 761	OK
2071	     0	74.7	140.5	 743	OK
2072	     0	75.0	140.0	 741	OK
2073	     0	74.2	139.9	 746	OK
2074	     0	75.2	143.7	 754	OK
2075	     0	74.8	140.2	 749	OK
2076	     0	72.3	138.7	 736	OK
2077	     0	73.9	139.1	 758	OK
2078	     0	75.3	142.3	 743	OK
2079	     0	73.0	139.1	 725	OK
2080	     0	75.5	142.2	 749	OK
2081	     0	74.8	142.1	 718	OK
2082	     0	73.3	141.6	 748	OK
2083	     0	74.2	138.9	 751	OK
2084	     0	73.1	138.0	 728	OK
2085	     0	73.3	137.5	 751	OK
2086	     0	72.2	136.1	 743	OK
2087	     0	74.8	139.8	 740	OK
2088	     0	72.6	138.7	 722	OK
2089	     0	76.0	143.3	 740	OK
2090	     0	73.7	139.0	 752	OK
2091	     0	74.5	142.0	 741	OK
2092	     0	75.1	141.5	 744	OK
2093	     0	75.2	142.6	 722	OK
2094	     0	74.5	141.4	 737	OK
2095	     0	72.6	138.1	 726	OK
2096	     0	73.6	138.3	 750	OK
2097	     0	75.1	142.2	 738	OK
2098	     0	73.7	139.5	 755	OK
2099	     0	73.4	139.2	 744	OK
2100	     0	74.1	140.1	 764	OK
2101	     0	74.6	142.2	 744	OK
2102	     0	75.4	141.7	 756	OK
2103	     0	74.9	140.6	 740	OK
2104	     0	76.0	143.5	 719	OK
2105	     0	76.5	144.9	 763	OK
2106	     0	77.5	145.2	 744	OK
2107	     0	75.0	140.5	 776	OK
2108	     0	75.7	144.3	 733	OK
2109	     0	74.8	140.7	 753	OK
2110	     0	73.7	141.0	 739	OK
2111	     0	76.5	147.2	 754	OK
2112	     0	78.0	148.3	 750	OK
2113	     0	74.5	140.1	 742	OK
2114	     0	76.8	145.4	 726	OK
2115	     0	76.5	143.6	 734	OK
2116	     0	75.8	146.0	 742	OK
2117	     0	76.4	144.4	 751	OK
2118	     0	76.6	145.9	 740	OK
2119	     0	76.5	143.3	 731	OK
2120	     0	76.1	143.1	 741	OK
2121	     0	75.8	143.2	 754	OK
2122	     0	73.3	139.4	 730	OK
2123	     0	76.7	143.8	 735	OK
2124	     0	77.3	146.2	 730	OK
2125	     0	75.8	141.9	 736	OK
2126	     0	74.1	140.4	 752	OK
2127	     0	76.6	146.3	 726	OK
2128	     0	76.9	143.9	 750	OK
2129	     0	74.6	139.1	 730	OK
2130	     0	73.8	141.6	 731	OK
2131	     0	76.1	145.8	 757	OK
2132	     0	74.6	142.6	 731	OK
2133	     0	77.2	145.6	 736	OK
2134	     0	75.3	143.1	 713	OK
2135	     0	75.4	141.5	 716	OK
2136	     0	75.1	142.3	 737	OK
2137	     0	75.9	141.8	 747	OK
2138	     0	74.7	139.9	 739	OK
2139	     0	74.3	138.9	 746	OK
2140	     0	76.1	141.9	 742	OK
2141	     0	78.0	146.6	 712	OK
2142	     0	74.4	142.9	 752	OK
2143	     0	75.4	140.3	 724	OK
2144	     0	75.3	143.4	 749	OK
2145	     0	76.0	142.2	 717	OK
2146	     0	75.4	142.5	 723	OK
2147	     0	75.5	143.3	 742	OK
2148	     0	75.7	141.7	 718	OK
2149	     0	76.1	144.1	 745	OK
2150	     0	74.8	142.7	 728	OK
2151	     0	76.8	146.5	 729	OK
2152	     0	72.6	136.4	 741	OK
2153	     0	74.4	141.7	 729	OK
2154	     0	76.7	144.5	 730	OK
2155	     0	74.5	139.3	 740	OK
2156	     0	74.7	139.7	 733	OK
2157	     0	75.1	141.4	 739	OK
2158	     0	75.8	142.6	 731	OK
2159	     0	74.3	140.5	 736	OK
2160	     0	76.3	143.2	 743	OK
2161	     0	76.5	142.2	 735	OK
2162	     0	75.5	144.0	 732	OK
2163	     0	77.1	145.0	 726	OK
2164	     0	76.3	142.8	 739	OK
2165	     0	77.6	146.3	 740	OK
2166	     0	76.6	144.4	 716	OK
2167	     0	78.0	146.7	 745	OK
2168	     0	77.4	146.1	 742	OK
2169	     0	76.6	145.5	 719	OK
2170	     0	74.5	140.8	 729	OK
2171	     0	76.7	145.9	 724	OK
2172	     0	77.2	145.6	 740	OK
2173	     0	78.1	148.5	 725	OK
2174	     0	77.4	144.4	 765	OK
2175	     0	78.6	146.3	 732	OK
2176	     0	82.7	154.7	 747	OK
2177	     0	80.0	151.3	 769	OK
2178	     0	81.3	153.7	 759	OK
2179	     0	79.8	149.4	 764	OK
2180	     0	77.1	145.5	 756	OK
2181	     0	81.7	154.1	 763	OK
2182	     0	79.6	149.4	 780	OK
2183	     0	79.6	150.0	 746	OK
2184	     0	77.6	145.0	 779	OK
2185	     0	77.2	147.2	 765	OK
2186	     0	76.1	144.2	 774	OK
2187	     0	77.2	144.3	 750	OK
2188	     0	78.3	148.0	 760	OK
2189	     0	79.9	149.5	 752	OK
2190	     0	79.0	148.4	 734	OK
2191	     0	78.8	146.4	 755	OK
2192	     0	79.2	147.9	 758	OK
2193	     0	79.2	151.5	 741	OK
2194	     0	78.9	148.4	 750	OK
2195	     0	75.7	143.6	 777	OK
2196	     0	78.4	148.5	 771	OK
2197	     0	78.1	144.9	 762	OK
2198	     0	76.9	144.8	 739	OK
2199	     0	79.9	148.1	 785	OK
2200	     0	78.4	146.9	 760	OK
2201	     0	78.1	148.1	 776	OK
2202	     0	78.7	148.3	 763	OK
2203	     0	78.6	149.1	 784	OK
2204	     0	77.8	148.0	 780	OK
2205	     0	80.2	150.6	 738	OK
2206	     0	79.3	147.6	 772	OK
2207	     0	78.8	147.1	 780	OK
2208	     0	80.5	150.7	 761	OK
2209	     0	80.1	151.5	 768	OK
2210	     0	78.1	147.7	 782	OK
2211	     0	76.2	145.8	 756	OK
2212	     0	80.3	150.9	 780	OK
2213	     0	78.8	145.7	 777	OK
2214	     0	78.7	149.8	 762	OK
2215	     0	78.6	149.3	 764	OK
2216	     0	77.9	145.5	 758	OK
2217	     0	77.7	143.7	 751	OK
2218	     0	77.0	144.3	 780	OK
2219	     0	78.6	149.7	 774	OK
2220	     0	78.7	147.0	 782	OK
2221	     0	79.6	148.5	 768	OK
2222	     0	77.6	148.4	 766	OK
2223	     0	77.3	145.3	 777	OK
2224	     0	79.0	149.8	 765	OK
2225	     0	79.3	148.1	 773	OK
2226	     0	78.7	150.5	 762	OK
2227	     0	78.7	149.0	 770	OK
2228	     0	78.8	147.7	 777	OK
2229	     0	75.0	142.3	 773	OK
2230	     0	79.5	148.5	 774	OK
2231	     0	77.9	147.1	 775	OK
2232	     0	77.4	147.4	 767	OK
2233	     0	77.8	148.1	 781	OK
2234	     0	76.8	145.0	 779	OK
2235	     0	78.1	146.6	 788	OK
2236	     0	77.6	147.3	 784	OK
2237	     0	78.4	146.7	 779	OK
2238	     0	78.5	149.8	 782	OK
2239	     0	80.1	152.0	 782	OK
2240	     0	79.2	149.1	 755	OK
2241	     0	77.0	147.3	 790	OK
2242	     0	77.3	145.4	 773	OK
2243	     0	79.7	150.2	 759	OK
2244	     0	77.4	145.7	 802	OK
2245	     0	77.7	145.5	 773	OK
2246	     0	78.1	147.4	 752	OK
2247	     0	79.3	148.6	 778	OK
2248	     0	77.6	148.5	 800	OK
2249	     0	77.3	147.0	 766	OK
2250	     0	77.8	147.0	 786	OK
2251	     0	77.4	144.6	 779	OK
2252	     0	76.6	144.0	 780	OK
2253	     0	76.9	146.5	 787	OK
2254	     0	75.9	145.7	 778	OK
2255	     0	77.4	144.8	 772	OK
2256	     0	79.0	149.9	 787	OK
2257	     0	78.1	149.5	 776	OK
2258	     0	78.4	148.3	 776	OK
2259	     0	80.5	151.6	 774	OK
2260	     0	78.3	147.2	 775	OK
2261	     0	78.2	148.8	 793	OK
2262	     0	77.1	148.0	 793	OK
2263	     0	75.8	144.7	 756	OK
2264	     0	75.7	142.6	 779	OK
2265	     0	77.2	145.6	 766	OK
2266	     0	78.0	145.2	 767	OK
2267	     0	78.6	148.6	 775	OK
2268	     0	76.5	144.0	 777	OK
2269	     0	79.2	147.9	 762	OK
2270	     0	77.4	148.8	 757	OK
2271	     0	78.4	147.6	 750	OK
2272	     0	78.0	146.1	 778	OK
2273	     0	75.7	142.1	 768	OK
2274	     0	78.5	149.6	 771	OK
2275	     0	76.6	144.4	 782	OK
2276	     0	77.6	146.0	 779	OK
2277	     0	77.7	145.1	 773	OK
2278	     0	77.2	144.1	 762	OK
2279	     0	78.1	147.0	 765	OK
2280	     0	80.0	148.8	 771	OK
2281	     0	77.6	147.9	 771	OK
2282	     0	74.4	142.0	 782	OK
2283	     0	76.4	145.8	 783	OK
2284	     0	76.1	145.7	 768	OK
2285	     0	77.5	146.5	 780	OK
2286	     0	76.4	145.8	 782	OK
2287	     0	77.8	150.2	 762	OK
2288	     0	78.4	150.2	 785	OK
2289	     0	78.7	145.2	 783	OK
2290	     0	78.4	148.4	 761	OK
2291	     0	78.1	146.3	 763	OK
2292	     0	77.3	147.8	 770	OK
2293	     0	76.6	143.4	 783	OK
2294	     0	77.8	147.1	 780	OK
2295	     0	78.1	147.2	 776	OK
2296	     0	79.7	152.6	 767	OK
2297	     0	78.1	147.4	 772	OK
2298	     0	78.5	148.7	 772	OK
2299	     0	79.2	149.2	 768	OK
2300	     0	79.6	148.2	 769	OK
2301	     0	80.0	150.4	 782	OK
2302	     0	77.9	146.8	 785	OK
2303	     0	76.8	147.3	 788	OK
