#chan	code	gain	vt50	innse	comment
   0	     0	73.7	132.1	1221	OK
   1	     0	71.5	131.2	1231	OK
   2	     0	69.3	123.3	1211	OK
   3	     0	71.0	128.1	1212	OK
   4	     0	70.9	129.7	1192	OK
   5	     0	70.8	128.8	1209	OK
   6	     0	69.4	126.1	1204	OK
   7	     0	69.2	122.6	1219	OK
   8	     0	69.1	125.9	1205	OK
   9	     0	71.4	128.7	1198	OK
  10	     0	68.7	124.7	1208	OK
  11	     0	70.3	125.3	1189	OK
  12	     0	70.4	127.9	1226	OK
  13	     0	72.6	128.0	1206	OK
  14	     0	70.1	126.9	1196	OK
  15	     0	70.1	126.0	1207	OK
  16	     0	68.3	123.5	1212	OK
  17	     0	70.3	128.2	1189	OK
  18	     0	72.2	130.3	1189	OK
  19	     0	70.0	125.5	1213	OK
  20	     0	69.6	125.2	1200	OK
  21	     0	70.3	126.6	1185	OK
  22	     0	70.8	128.3	1201	OK
  23	     0	72.7	130.4	1200	OK
  24	     0	71.6	130.2	1221	OK
  25	     0	71.2	130.1	1222	OK
  26	     0	71.3	131.4	1189	OK
  27	     0	70.6	126.5	1190	OK
  28	     0	69.1	125.3	1180	OK
  29	     0	73.4	130.7	1212	OK
  30	     0	71.0	128.8	1206	OK
  31	     0	70.2	126.7	1203	OK
  32	     0	71.5	129.0	1229	OK
  33	     0	71.2	130.8	1224	OK
  34	     0	71.9	129.2	1197	OK
  35	     0	69.1	126.3	1212	OK
  36	     0	70.3	127.4	1223	OK
  37	     0	71.2	127.4	1231	OK
  38	     0	70.0	125.3	1218	OK
  39	     0	71.5	127.8	1229	OK
  40	     0	70.0	128.1	1202	OK
  41	     0	71.1	128.0	1199	OK
  42	     0	71.6	130.3	1197	OK
  43	     0	71.9	127.7	1222	OK
  44	     0	68.1	122.0	1203	OK
  45	     0	70.9	127.2	1199	OK
  46	     0	70.0	126.1	1193	OK
  47	     0	73.0	130.9	1199	OK
  48	     0	72.0	127.7	1211	OK
  49	     0	70.9	127.8	1215	OK
  50	     0	70.6	126.4	1224	OK
  51	     0	71.7	129.6	1226	OK
  52	     0	68.7	124.0	1216	OK
  53	     0	71.6	128.9	1192	OK
  54	     0	70.4	127.5	1210	OK
  55	     0	68.8	122.7	1196	OK
  56	     0	71.8	128.7	1196	OK
  57	     0	71.6	130.1	1201	OK
  58	     0	73.3	131.9	1206	OK
  59	     0	71.5	128.9	1212	OK
  60	     0	72.9	132.0	1202	OK
  61	     0	73.0	133.4	1201	OK
  62	     0	73.5	132.9	1212	OK
  63	     0	74.6	132.4	1213	OK
  64	     0	72.3	134.5	1198	OK
  65	     0	72.1	130.1	1185	OK
  66	     0	70.7	130.3	1221	OK
  67	     0	68.9	124.7	1201	OK
  68	     0	70.9	126.2	1183	OK
  69	     0	71.9	129.3	1216	OK
  70	     0	70.6	128.7	1210	OK
  71	     0	69.3	124.6	1204	OK
  72	     0	70.9	128.5	1209	OK
  73	     0	70.1	125.2	1185	OK
  74	     0	69.8	127.1	1190	OK
  75	     0	69.8	126.2	1218	OK
  76	     0	71.7	128.2	1197	OK
  77	     0	67.7	124.1	1224	OK
  78	     0	70.8	128.9	1225	OK
  79	     0	71.9	130.0	1198	OK
  80	     0	69.6	126.0	1195	OK
  81	     0	72.0	127.3	1210	OK
  82	     0	72.0	131.4	1198	OK
  83	     0	71.7	129.1	1219	OK
  84	     0	69.1	123.4	1204	OK
  85	     0	70.0	127.1	1212	OK
  86	     0	70.1	126.5	1217	OK
  87	     0	70.4	126.6	1198	OK
  88	     0	71.4	127.5	1217	OK
  89	     0	70.6	129.0	1226	OK
  90	     0	72.6	130.9	1220	OK
  91	     0	72.1	128.2	1200	OK
  92	     0	70.9	128.9	1186	OK
  93	     0	73.5	134.6	1205	OK
  94	     0	70.4	129.0	1198	OK
  95	     0	69.7	129.9	1193	OK
  96	     0	69.3	127.5	1197	OK
  97	     0	68.3	125.0	1205	OK
  98	     0	69.6	128.9	1217	OK
  99	     0	70.4	127.8	1192	OK
 100	     0	68.6	123.7	1193	OK
 101	     0	69.5	126.3	1202	OK
 102	     0	71.6	132.1	1200	OK
 103	     0	71.0	126.9	1207	OK
 104	     0	70.3	128.8	1214	OK
 105	     0	72.4	132.2	1207	OK
 106	     0	70.6	128.6	1200	OK
 107	     0	70.7	129.7	1192	OK
 108	     0	70.6	126.7	1203	OK
 109	     0	71.4	129.2	1208	OK
 110	     0	68.9	126.5	1214	OK
 111	     0	72.1	129.6	1200	OK
 112	     0	73.1	134.1	1187	OK
 113	     0	72.2	130.7	1189	OK
 114	     0	70.9	128.6	1207	OK
 115	     0	73.1	130.6	1217	OK
 116	     0	71.8	131.4	1201	OK
 117	     0	72.1	129.6	1201	OK
 118	     0	72.5	129.5	1207	OK
 119	     0	69.7	126.0	1186	OK
 120	     0	72.6	133.1	1197	OK
 121	     0	72.6	132.8	1168	OK
 122	     0	73.6	132.4	1190	OK
 123	     0	72.7	132.1	1197	OK
 124	     0	72.8	131.9	1211	OK
 125	     0	71.3	127.1	1207	OK
 126	     0	71.4	128.0	1203	OK
 127	     0	75.2	126.9	1240	OK
 128	     0	68.7	121.8	1197	OK
 129	     0	69.9	126.2	1204	OK
 130	     0	68.5	123.5	1172	OK
 131	     0	68.8	124.7	1184	OK
 132	     0	68.8	125.4	1186	OK
 133	     0	69.7	126.4	1165	OK
 134	     0	68.5	124.2	1180	OK
 135	     0	67.3	123.8	1197	OK
 136	     0	68.0	123.8	1187	OK
 137	     0	67.4	120.5	1178	OK
 138	     0	68.6	124.2	1192	OK
 139	     0	68.9	124.9	1176	OK
 140	     0	66.3	120.2	1162	OK
 141	     0	68.4	125.0	1170	OK
 142	     0	69.2	125.7	1185	OK
 143	     0	67.8	122.4	1176	OK
 144	     0	69.5	125.7	1174	OK
 145	     0	68.2	122.6	1169	OK
 146	     0	67.8	122.9	1194	OK
 147	     0	68.5	123.6	1187	OK
 148	     0	68.9	124.3	1178	OK
 149	     0	68.1	122.8	1138	OK
 150	     0	68.1	123.2	1198	OK
 151	     0	69.3	126.7	1179	OK
 152	     0	69.0	127.0	1197	OK
 153	     0	66.5	121.7	1170	OK
 154	     0	68.6	123.6	1179	OK
 155	     0	69.1	126.7	1159	OK
 156	     0	65.8	120.6	1185	OK
 157	     0	68.0	122.7	1183	OK
 158	     0	67.8	125.0	1175	OK
 159	     0	68.7	124.0	1187	OK
 160	     0	69.0	124.5	1201	OK
 161	     0	66.6	121.8	1190	OK
 162	     0	68.5	126.7	1194	OK
 163	     0	66.5	122.9	1187	OK
 164	     0	66.8	123.4	1189	OK
 165	     0	67.6	122.3	1185	OK
 166	     0	68.2	124.7	1217	OK
 167	     0	69.2	125.2	1180	OK
 168	     0	67.5	124.1	1179	OK
 169	     0	68.8	126.2	1190	OK
 170	     0	68.5	126.1	1191	OK
 171	     0	69.0	127.2	1238	OK
 172	     0	68.3	125.1	1173	OK
 173	     0	68.4	125.5	1169	OK
 174	     0	66.4	122.8	1194	OK
 175	     0	68.1	124.6	1186	OK
 176	     0	68.2	124.8	1190	OK
 177	     0	69.9	126.8	1190	OK
 178	     0	68.2	124.3	1199	OK
 179	     0	67.5	124.2	1178	OK
 180	     0	69.5	127.0	1197	OK
 181	     0	67.6	123.1	1180	OK
 182	     0	66.8	124.2	1181	OK
 183	     0	69.2	126.6	1206	OK
 184	     0	68.7	125.5	1204	OK
 185	     0	68.7	126.9	1187	OK
 186	     0	68.1	126.3	1180	OK
 187	     0	69.4	125.4	1187	OK
 188	     0	67.9	124.2	1175	OK
 189	     0	70.0	128.5	1214	OK
 190	     0	67.4	124.1	1198	OK
 191	     0	68.8	125.0	1180	OK
 192	     0	68.7	127.5	1202	OK
 193	     0	69.0	126.9	1192	OK
 194	     0	69.1	124.1	1213	OK
 195	     0	67.7	123.3	1189	OK
 196	     0	66.0	123.7	1169	OK
 197	     0	66.7	122.9	1196	OK
 198	     0	67.1	123.1	1201	OK
 199	     0	67.4	122.9	1182	OK
 200	     0	66.4	120.8	1213	OK
 201	     0	67.2	123.9	1179	OK
 202	     0	66.3	120.5	1159	OK
 203	     0	66.9	122.4	1185	OK
 204	     0	66.1	121.9	1223	OK
 205	     0	67.5	124.0	1186	OK
 206	     0	64.9	122.1	1168	OK
 207	     0	66.6	122.1	1201	OK
 208	     0	66.0	123.9	1167	OK
 209	     0	66.4	122.1	1176	OK
 210	     0	67.2	123.9	1183	OK
 211	     0	65.8	123.0	1173	OK
 212	     0	66.6	122.3	1187	OK
 213	     0	64.1	118.9	1192	OK
 214	     0	63.8	118.0	1169	OK
 215	     0	65.0	120.2	1202	OK
 216	     0	66.6	121.8	1185	OK
 217	     0	66.6	124.0	1175	OK
 218	     0	66.9	123.7	1173	OK
 219	     0	68.2	125.7	1193	OK
 220	     0	66.8	122.1	1178	OK
 221	     0	65.7	120.4	1174	OK
 222	     0	65.9	122.9	1168	OK
 223	     0	66.6	123.3	1185	OK
 224	     0	65.0	121.3	1171	OK
 225	     0	65.6	121.7	1188	OK
 226	     0	66.8	122.9	1191	OK
 227	     0	65.7	120.3	1160	OK
 228	     0	62.0	115.2	1186	OK
 229	     0	65.6	120.7	1180	OK
 230	     0	67.4	126.0	1183	OK
 231	     0	65.7	122.5	1189	OK
 232	     0	65.2	120.8	1188	OK
 233	     0	63.9	117.0	1147	OK
 234	     0	65.0	119.6	1199	OK
 235	     0	64.7	119.5	1159	OK
 236	     0	66.7	123.0	1180	OK
 237	     0	64.2	117.4	1175	OK
 238	     0	65.8	122.6	1176	OK
 239	     0	64.5	118.8	1173	OK
 240	     0	66.6	122.4	1178	OK
 241	     0	66.7	124.0	1169	OK
 242	     0	66.7	123.7	1188	OK
 243	     0	64.9	119.1	1167	OK
 244	     0	67.2	124.7	1185	OK
 245	     0	64.6	117.1	1160	OK
 246	     0	68.3	126.9	1202	OK
 247	     0	64.1	118.9	1183	OK
 248	     0	64.3	120.4	1174	OK
 249	     0	64.3	119.3	1198	OK
 250	     0	67.8	123.7	1214	OK
 251	     0	67.2	124.4	1193	OK
 252	     0	66.1	123.6	1196	OK
 253	     0	65.8	123.2	1186	OK
 254	     0	67.3	124.0	1204	OK
 255	     0	68.0	124.5	1202	OK
 256	  4000	68.9	125.3	1343	high noise
 257	  4000	66.3	119.0	1372	high noise
 258	     0	64.6	117.5	1305	OK
 259	  4000	67.7	123.7	1331	high noise
 260	     0	66.5	121.2	1303	OK
 261	     0	65.8	120.3	1298	OK
 262	     0	64.5	116.8	1287	OK
 263	     0	66.6	119.7	1271	OK
 264	     0	64.4	117.2	1274	OK
 265	     0	66.4	121.1	1255	OK
 266	     0	66.6	120.0	1274	OK
 267	     0	66.0	117.9	1266	OK
 268	     0	65.1	120.5	1235	OK
 269	     0	65.2	116.5	1257	OK
 270	     0	64.5	117.8	1229	OK
 271	     0	65.9	118.1	1229	OK
 272	     0	65.2	118.0	1233	OK
 273	     0	66.5	119.6	1244	OK
 274	     0	65.9	121.1	1246	OK
 275	     0	67.8	122.8	1236	OK
 276	     0	66.4	121.8	1225	OK
 277	     0	65.9	119.3	1234	OK
 278	     0	64.7	118.2	1223	OK
 279	     0	68.2	121.8	1221	OK
 280	     0	65.5	121.2	1226	OK
 281	     0	65.9	119.6	1245	OK
 282	     0	66.2	119.8	1222	OK
 283	     0	67.4	124.2	1223	OK
 284	     0	66.9	123.4	1211	OK
 285	     0	66.0	118.4	1209	OK
 286	     0	64.6	120.0	1221	OK
 287	     0	66.6	119.2	1241	OK
 288	     0	65.6	119.1	1246	OK
 289	     0	65.8	118.1	1230	OK
 290	     0	67.1	121.7	1246	OK
 291	     0	68.0	125.3	1221	OK
 292	     0	65.6	121.9	1246	OK
 293	     0	67.6	123.4	1224	OK
 294	     0	65.7	119.9	1246	OK
 295	     0	64.9	120.9	1225	OK
 296	     0	67.7	122.7	1212	OK
 297	     0	64.6	118.1	1230	OK
 298	     0	66.0	118.7	1236	OK
 299	     0	67.4	120.9	1226	OK
 300	     0	67.2	124.1	1241	OK
 301	     0	67.5	121.9	1257	OK
 302	     0	66.2	118.9	1218	OK
 303	     0	66.2	119.1	1270	OK
 304	     0	64.9	120.5	1247	OK
 305	     0	67.5	122.9	1236	OK
 306	     0	66.2	120.4	1241	OK
 307	     0	67.7	121.4	1223	OK
 308	     0	63.2	115.2	1208	OK
 309	     0	64.9	117.9	1231	OK
 310	     0	65.7	121.3	1215	OK
 311	     0	67.5	120.7	1213	OK
 312	     0	66.2	122.4	1213	OK
 313	     0	67.4	124.7	1232	OK
 314	     0	67.4	122.5	1213	OK
 315	     0	68.3	122.7	1239	OK
 316	     0	69.2	127.4	1232	OK
 317	     0	68.7	126.3	1226	OK
 318	     0	68.1	125.2	1192	OK
 319	     0	69.1	125.5	1208	OK
 320	     0	68.2	123.5	1204	OK
 321	     0	66.4	121.0	1189	OK
 322	     0	63.8	116.8	1197	OK
 323	     0	66.6	122.2	1206	OK
 324	     0	64.6	117.1	1221	OK
 325	     0	65.0	119.1	1198	OK
 326	     0	63.5	116.7	1212	OK
 327	     0	67.6	121.7	1212	OK
 328	     0	66.4	120.0	1211	OK
 329	     0	65.7	119.5	1219	OK
 330	     0	66.1	121.7	1184	OK
 331	     0	63.5	117.3	1217	OK
 332	     0	65.1	118.5	1211	OK
 333	     0	66.6	121.9	1205	OK
 334	     0	65.3	119.2	1235	OK
 335	     0	64.2	119.1	1228	OK
 336	     0	64.6	119.5	1221	OK
 337	     0	64.9	119.0	1200	OK
 338	     0	65.4	120.0	1221	OK
 339	     0	65.8	119.5	1211	OK
 340	     0	65.1	117.2	1201	OK
 341	     0	66.4	120.2	1222	OK
 342	     0	64.3	117.5	1204	OK
 343	     0	65.5	119.5	1221	OK
 344	     0	64.2	117.2	1208	OK
 345	     0	66.3	121.1	1202	OK
 346	     0	65.9	119.4	1213	OK
 347	     0	66.0	119.9	1202	OK
 348	     0	67.8	121.5	1201	OK
 349	     0	66.5	120.2	1207	OK
 350	     0	63.7	115.2	1195	OK
 351	     0	67.1	120.6	1207	OK
 352	     0	66.2	124.0	1200	OK
 353	     0	66.4	121.7	1206	OK
 354	     0	64.1	116.4	1199	OK
 355	     0	65.9	120.9	1187	OK
 356	     0	67.4	118.4	1208	OK
 357	     0	67.4	122.5	1195	OK
 358	     0	65.1	121.4	1200	OK
 359	     0	64.2	117.7	1171	OK
 360	     0	67.8	124.1	1197	OK
 361	     0	64.5	118.1	1206	OK
 362	     0	66.0	119.3	1190	OK
 363	     0	69.1	124.0	1208	OK
 364	     0	66.7	118.5	1185	OK
 365	     0	65.8	118.7	1190	OK
 366	     0	66.7	122.3	1195	OK
 367	     0	66.5	119.8	1211	OK
 368	     0	65.7	119.0	1188	OK
 369	     0	64.3	117.1	1213	OK
 370	     0	67.1	125.1	1206	OK
 371	     0	66.3	120.3	1195	OK
 372	     0	65.2	117.8	1189	OK
 373	     0	67.2	121.4	1196	OK
 374	     0	66.0	119.9	1183	OK
 375	     0	67.3	120.6	1205	OK
 376	     0	63.8	117.1	1192	OK
 377	     0	63.1	117.0	1188	OK
 378	     0	64.1	116.6	1215	OK
 379	     0	64.8	119.3	1193	OK
 380	     0	67.2	122.8	1179	OK
 381	     0	66.3	120.0	1201	OK
 382	     0	69.1	124.1	1220	OK
 383	     0	65.6	119.3	1213	OK
 384	     0	69.9	128.5	1401	OK
 385	     0	68.9	125.7	1428	OK
 386	     0	68.8	127.2	1409	OK
 387	     0	68.6	125.7	1439	OK
 388	     0	67.1	121.7	1463	OK
 389	     0	68.4	121.8	1499	OK
 390	     0	66.9	122.6	1523	OK
 391	     0	69.3	125.3	1512	OK
 392	     0	68.6	125.0	1512	OK
 393	     0	67.5	122.2	1519	OK
 394	     0	69.5	126.1	1532	OK
 395	     0	66.7	122.4	1537	OK
 396	     0	68.1	124.3	1546	OK
 397	     0	67.3	123.9	1592	OK
 398	     0	66.7	121.5	1636	OK
 399	     0	67.5	123.9	1637	OK
 400	     0	65.4	117.9	1651	OK
 401	     0	67.7	123.4	1638	OK
 402	     0	68.4	124.1	1640	OK
 403	     0	68.1	121.9	1642	OK
 404	     0	65.3	118.8	1580	OK
 405	     0	66.2	120.0	1574	OK
 406	     0	67.7	121.8	1556	OK
 407	     0	67.2	124.7	1546	OK
 408	     0	64.7	119.8	1564	OK
 409	     0	65.8	117.9	1529	OK
 410	     0	67.6	124.3	1565	OK
 411	     0	65.6	119.7	1545	OK
 412	     0	68.8	125.6	1538	OK
 413	     0	69.8	127.1	1512	OK
 414	     0	66.2	120.4	1450	OK
 415	     0	68.1	122.6	1384	OK
 416	     0	67.3	123.1	1334	OK
 417	     0	66.8	122.7	1316	OK
 418	     0	66.7	121.6	1291	OK
 419	     0	68.6	126.2	1298	OK
 420	     0	66.9	124.0	1295	OK
 421	     0	68.4	123.5	1258	OK
 422	     0	64.9	121.5	1268	OK
 423	     0	67.5	123.5	1263	OK
 424	     0	67.6	122.0	1256	OK
 425	     0	69.0	123.8	1267	OK
 426	     0	67.7	124.3	1259	OK
 427	     0	67.3	123.6	1249	OK
 428	     0	67.4	122.9	1250	OK
 429	     0	67.2	120.4	1264	OK
 430	     0	67.1	121.6	1258	OK
 431	     0	67.9	124.2	1259	OK
 432	     0	66.4	122.3	1255	OK
 433	     0	68.7	126.3	1271	OK
 434	     0	68.6	125.2	1290	OK
 435	     0	68.6	124.9	1262	OK
 436	     0	67.5	124.7	1298	OK
 437	     0	66.7	122.5	1306	OK
 438	     0	68.1	122.6	1268	OK
 439	     0	68.7	124.6	1280	OK
 440	     0	68.8	124.7	1283	OK
 441	     0	67.9	125.9	1292	OK
 442	     0	69.0	124.9	1298	OK
 443	     0	67.1	125.1	1286	OK
 444	     0	70.1	124.9	1292	OK
 445	     0	71.5	129.2	1314	OK
 446	     0	70.0	127.8	1303	OK
 447	     0	69.6	125.6	1309	OK
 448	     0	71.2	129.4	1306	OK
 449	     0	68.1	124.4	1324	OK
 450	     0	67.0	121.9	1321	OK
 451	     0	66.1	121.0	1330	OK
 452	     0	68.1	123.8	1334	OK
 453	     0	66.7	122.9	1322	OK
 454	     0	64.6	120.3	1344	OK
 455	     0	65.5	121.3	1337	OK
 456	     0	68.2	124.6	1357	OK
 457	     0	65.7	120.3	1319	OK
 458	     0	64.8	118.2	1355	OK
 459	     0	64.9	118.1	1342	OK
 460	     0	65.5	121.5	1373	OK
 461	     0	67.0	123.7	1349	OK
 462	     0	64.5	118.5	1375	OK
 463	     0	65.9	122.3	1395	OK
 464	     0	66.6	121.7	1370	OK
 465	     0	63.7	118.1	1391	OK
 466	     0	65.8	123.9	1421	OK
 467	     0	65.3	119.0	1409	OK
 468	     0	64.8	118.7	1400	OK
 469	     0	65.4	122.5	1413	OK
 470	     0	65.3	119.0	1414	OK
 471	     0	66.2	120.6	1395	OK
 472	     0	65.4	122.2	1389	OK
 473	     0	68.3	122.1	1406	OK
 474	     0	65.0	118.5	1412	OK
 475	     0	65.4	118.3	1414	OK
 476	     0	66.1	123.1	1412	OK
 477	     0	66.2	122.4	1380	OK
 478	     0	66.4	120.1	1387	OK
 479	     0	65.0	118.1	1436	OK
 480	     0	67.3	123.5	1442	OK
 481	     0	64.3	121.2	1514	OK
 482	     0	63.8	117.5	1553	OK
 483	     0	63.8	118.3	1571	OK
 484	     0	65.8	123.7	1648	OK
 485	     0	65.2	121.3	1633	OK
 486	     0	65.6	122.3	1659	OK
 487	     0	64.7	123.4	1634	OK
 488	     0	66.3	119.5	1653	OK
 489	     0	66.1	124.6	1652	OK
 490	     0	64.5	121.6	1615	OK
 491	     0	65.7	120.4	1632	OK
 492	     0	64.4	119.6	1625	OK
 493	     0	65.3	121.0	1620	OK
 494	     0	65.7	121.8	1599	OK
 495	     0	64.6	120.2	1611	OK
 496	     0	65.7	121.1	1601	OK
 497	     0	64.1	122.0	1565	OK
 498	     0	67.3	124.0	1591	OK
 499	     0	66.8	121.3	1552	OK
 500	     0	65.1	121.0	1543	OK
 501	     0	65.5	119.2	1501	OK
 502	     0	62.9	114.4	1464	OK
 503	     0	65.2	122.2	1455	OK
 504	     0	65.8	120.6	1434	OK
 505	     0	66.1	123.1	1424	OK
 506	     0	62.8	115.1	1413	OK
 507	     0	66.9	121.7	1384	OK
 508	     0	64.7	118.5	1361	OK
 509	     0	64.1	118.0	1350	OK
 510	     0	65.5	120.8	1340	OK
 511	     0	66.9	121.7	1314	OK
 512	     0	73.2	133.3	1183	OK
 513	     0	75.2	136.6	1195	OK
 514	     0	74.9	137.2	1188	OK
 515	     0	72.6	134.3	1180	OK
 516	     0	71.6	131.4	1192	OK
 517	     0	72.2	130.4	1177	OK
 518	     0	73.2	133.8	1183	OK
 519	     0	71.1	127.5	1201	OK
 520	     0	72.5	129.7	1195	OK
 521	     0	72.4	130.7	1171	OK
 522	     0	71.9	132.2	1214	OK
 523	     0	73.2	133.1	1156	OK
 524	     0	71.6	130.0	1193	OK
 525	     0	72.0	133.0	1175	OK
 526	     0	71.6	131.4	1170	OK
 527	     0	71.4	128.9	1189	OK
 528	     0	71.5	131.3	1180	OK
 529	     0	74.6	138.5	1175	OK
 530	     0	71.8	131.1	1177	OK
 531	     0	72.6	131.4	1166	OK
 532	     0	71.0	128.0	1169	OK
 533	     0	74.0	134.1	1151	OK
 534	     0	73.6	133.3	1166	OK
 535	     0	72.8	134.2	1156	OK
 536	     0	73.2	134.8	1168	OK
 537	     0	75.1	135.8	1172	OK
 538	     0	71.5	130.7	1158	OK
 539	     0	71.5	130.3	1156	OK
 540	     0	71.3	129.6	1187	OK
 541	     0	71.8	131.6	1168	OK
 542	     0	72.7	131.3	1178	OK
 543	     0	73.0	134.7	1135	OK
 544	     0	70.9	129.7	1189	OK
 545	     0	70.9	129.7	1155	OK
 546	     0	70.4	127.6	1140	OK
 547	     0	73.1	132.1	1174	OK
 548	     0	70.8	129.8	1161	OK
 549	     0	72.6	132.6	1176	OK
 550	     0	72.5	131.6	1167	OK
 551	     0	71.1	129.9	1174	OK
 552	     0	71.8	131.3	1164	OK
 553	     0	71.1	130.9	1170	OK
 554	     0	71.7	130.0	1158	OK
 555	     0	72.6	130.6	1154	OK
 556	     0	73.8	134.0	1154	OK
 557	     0	71.5	129.2	1168	OK
 558	     0	72.0	129.9	1151	OK
 559	     0	70.6	129.2	1138	OK
 560	     0	70.9	132.0	1165	OK
 561	     0	72.0	133.1	1154	OK
 562	     0	72.9	134.3	1153	OK
 563	     0	73.2	134.6	1156	OK
 564	     0	70.3	128.6	1148	OK
 565	     0	72.0	133.0	1132	OK
 566	     0	72.0	131.6	1137	OK
 567	     0	72.9	131.6	1161	OK
 568	     0	73.1	132.0	1149	OK
 569	     0	71.7	132.4	1177	OK
 570	     0	74.3	138.1	1177	OK
 571	     0	74.0	135.1	1166	OK
 572	     0	72.6	130.5	1161	OK
 573	     0	75.3	135.3	1160	OK
 574	     0	75.2	135.8	1174	OK
 575	     0	76.0	137.4	1158	OK
 576	     0	75.0	135.4	1140	OK
 577	     0	75.4	138.7	1149	OK
 578	     0	73.7	134.6	1169	OK
 579	     0	74.1	135.7	1151	OK
 580	     0	72.5	134.8	1165	OK
 581	     0	73.3	131.8	1157	OK
 582	     0	71.2	130.0	1171	OK
 583	     0	74.0	134.4	1166	OK
 584	     0	72.0	130.9	1150	OK
 585	     0	70.5	129.3	1162	OK
 586	     0	72.3	133.2	1190	OK
 587	     0	71.0	130.1	1190	OK
 588	     0	69.5	127.9	1199	OK
 589	     0	70.9	129.7	1197	OK
 590	     0	73.8	134.2	1221	OK
 591	     0	68.8	124.9	1224	OK
 592	     0	73.2	131.3	1241	OK
 593	     0	70.9	129.1	1210	OK
 594	     0	69.9	129.9	1227	OK
 595	     0	70.5	129.6	1250	OK
 596	     0	72.4	129.9	1243	OK
 597	     0	70.6	128.3	1235	OK
 598	     0	72.6	128.5	1235	OK
 599	     0	71.0	127.4	1244	OK
 600	     0	72.6	128.7	1255	OK
 601	     0	70.6	129.1	1239	OK
 602	     0	72.1	131.2	1201	OK
 603	     0	70.1	128.6	1173	OK
 604	     0	72.1	130.8	1154	OK
 605	     0	71.4	130.2	1156	OK
 606	     0	72.5	132.9	1136	OK
 607	     0	72.2	130.4	1165	OK
 608	     0	73.2	134.3	1163	OK
 609	     0	70.8	127.1	1171	OK
 610	     0	74.5	136.5	1196	OK
 611	     0	72.4	131.0	1180	OK
 612	     0	70.6	129.0	1199	OK
 613	     0	71.6	129.7	1203	OK
 614	     0	72.0	134.1	1171	OK
 615	     0	71.4	129.8	1198	OK
 616	     0	72.2	131.6	1207	OK
 617	     0	72.2	129.9	1207	OK
 618	     0	71.7	128.6	1196	OK
 619	     0	70.7	129.2	1191	OK
 620	     0	71.8	129.9	1204	OK
 621	     0	73.2	132.9	1218	OK
 622	     0	74.1	134.9	1211	OK
 623	     0	71.0	128.8	1189	OK
 624	     0	72.1	129.7	1197	OK
 625	     0	71.2	131.4	1172	OK
 626	     0	72.2	131.1	1222	OK
 627	     0	71.3	129.1	1217	OK
 628	     0	69.8	127.3	1184	OK
 629	     0	73.3	131.0	1199	OK
 630	     0	73.1	131.7	1227	OK
 631	     0	71.3	127.5	1224	OK
 632	     0	71.6	129.8	1259	OK
 633	     0	72.4	133.5	1257	OK
 634	     0	71.6	129.5	1266	OK
 635	  4000	73.8	133.2	1305	high noise
 636	  4000	72.0	130.3	1296	high noise
 637	  4000	74.4	134.6	1320	high noise
 638	  4000	74.2	132.5	1297	high noise
 639	  4000	72.7	133.2	1311	high noise
 640	     0	70.7	129.6	1191	OK
 641	     0	70.8	130.6	1197	OK
 642	     0	71.0	130.5	1181	OK
 643	     0	71.5	131.9	1194	OK
 644	     0	71.8	133.0	1196	OK
 645	     0	72.8	133.6	1200	OK
 646	     0	70.6	129.4	1198	OK
 647	     0	70.8	131.2	1203	OK
 648	     0	67.1	123.9	1162	OK
 649	     0	70.7	127.8	1188	OK
 650	     0	70.6	128.5	1204	OK
 651	     0	70.8	128.6	1186	OK
 652	     0	70.5	130.8	1180	OK
 653	     0	70.9	128.6	1180	OK
 654	     0	70.4	127.9	1172	OK
 655	     0	71.4	129.0	1167	OK
 656	     0	69.0	125.4	1192	OK
 657	     0	68.7	126.1	1193	OK
 658	     0	70.3	127.3	1180	OK
 659	     0	69.9	127.1	1199	OK
 660	     0	71.2	129.2	1180	OK
 661	     0	71.3	128.3	1172	OK
 662	     0	67.8	124.2	1209	OK
 663	     0	67.5	123.9	1185	OK
 664	     0	67.5	124.7	1195	OK
 665	     0	69.3	128.6	1170	OK
 666	     0	70.3	130.8	1171	OK
 667	     0	69.3	126.8	1185	OK
 668	     0	71.4	129.0	1158	OK
 669	     0	69.7	126.8	1185	OK
 670	     0	69.3	127.2	1161	OK
 671	     0	69.9	128.2	1186	OK
 672	     0	66.6	122.6	1187	OK
 673	     0	69.8	128.0	1192	OK
 674	     0	69.2	126.6	1186	OK
 675	     0	71.3	130.1	1192	OK
 676	     0	69.9	128.5	1186	OK
 677	     0	69.3	128.0	1193	OK
 678	     0	68.8	128.3	1189	OK
 679	     0	72.2	131.8	1177	OK
 680	     0	70.8	128.1	1210	OK
 681	     0	70.5	129.3	1194	OK
 682	     0	71.0	129.5	1180	OK
 683	     0	70.1	127.9	1176	OK
 684	     0	70.4	130.4	1171	OK
 685	     0	70.6	128.9	1199	OK
 686	     0	68.8	127.5	1190	OK
 687	     0	68.4	126.3	1165	OK
 688	     0	68.3	125.9	1180	OK
 689	     0	67.4	124.8	1176	OK
 690	     0	69.4	124.9	1196	OK
 691	     0	69.7	126.9	1208	OK
 692	     0	68.7	128.2	1190	OK
 693	     0	70.3	127.8	1206	OK
 694	     0	68.7	128.0	1188	OK
 695	     0	69.2	128.9	1217	OK
 696	     0	69.9	128.2	1189	OK
 697	     0	69.8	127.9	1179	OK
 698	     0	69.4	127.9	1197	OK
 699	     0	69.6	128.0	1196	OK
 700	     0	70.6	128.9	1184	OK
 701	     0	71.6	130.2	1190	OK
 702	     0	72.3	131.8	1194	OK
 703	     0	69.4	128.8	1188	OK
 704	     0	69.7	129.2	1168	OK
 705	     0	70.2	128.8	1180	OK
 706	     0	70.8	130.5	1184	OK
 707	     0	70.6	131.6	1196	OK
 708	     0	69.6	129.4	1192	OK
 709	     0	69.1	125.8	1161	OK
 710	     0	70.0	128.7	1174	OK
 711	     0	70.7	130.2	1210	OK
 712	     0	67.6	123.1	1196	OK
 713	     0	69.7	128.7	1194	OK
 714	     0	70.0	128.2	1187	OK
 715	     0	69.7	127.8	1192	OK
 716	     0	71.8	132.0	1186	OK
 717	     0	69.9	127.5	1195	OK
 718	     0	69.6	128.5	1193	OK
 719	     0	67.7	126.3	1171	OK
 720	     0	70.7	128.5	1175	OK
 721	     0	68.7	126.2	1163	OK
 722	     0	68.9	127.1	1170	OK
 723	     0	68.1	124.4	1163	OK
 724	     0	67.4	125.4	1200	OK
 725	     0	68.9	126.7	1195	OK
 726	     0	68.2	124.6	1183	OK
 727	     0	68.7	126.8	1156	OK
 728	     0	67.8	125.3	1207	OK
 729	     0	67.7	124.5	1176	OK
 730	     0	67.1	124.4	1172	OK
 731	     0	69.1	125.6	1190	OK
 732	     0	69.6	128.8	1180	OK
 733	     0	71.6	132.4	1188	OK
 734	     0	67.6	123.6	1187	OK
 735	     0	68.5	125.8	1178	OK
 736	     0	70.4	130.7	1195	OK
 737	     0	70.2	128.3	1168	OK
 738	     0	69.2	127.4	1198	OK
 739	     0	70.4	127.8	1166	OK
 740	     0	66.7	124.6	1188	OK
 741	     0	71.5	130.9	1168	OK
 742	     0	67.7	123.3	1191	OK
 743	     0	69.9	128.0	1190	OK
 744	     0	68.3	124.9	1202	OK
 745	     0	70.4	127.7	1196	OK
 746	     0	69.0	127.4	1168	OK
 747	     0	70.7	129.6	1184	OK
 748	     0	70.6	129.0	1208	OK
 749	     0	69.9	126.3	1228	OK
 750	     0	71.0	129.2	1194	OK
 751	     0	69.8	126.5	1178	OK
 752	     0	69.9	128.0	1191	OK
 753	     0	68.4	127.0	1193	OK
 754	     0	68.5	125.9	1184	OK
 755	     0	69.0	127.4	1187	OK
 756	     0	68.1	123.8	1221	OK
 757	     0	68.2	124.1	1198	OK
 758	     0	67.4	124.4	1203	OK
 759	     0	68.4	128.2	1212	OK
 760	     0	67.3	122.8	1204	OK
 761	     0	69.2	126.3	1226	OK
 762	     0	71.1	132.0	1223	OK
 763	     0	70.7	130.1	1261	OK
 764	     0	70.7	131.1	1251	OK
 765	     0	68.7	126.5	1258	OK
 766	     0	70.2	130.1	1258	OK
 767	     0	68.4	126.0	1242	OK
 768	     0	75.5	137.7	1211	OK
 769	     0	75.4	136.0	1204	OK
 770	     0	73.3	130.2	1177	OK
 771	     0	74.8	137.6	1200	OK
 772	     0	74.1	134.8	1185	OK
 773	     0	74.7	136.6	1186	OK
 774	     0	73.5	132.5	1191	OK
 775	     0	72.7	134.8	1203	OK
 776	     0	72.8	132.6	1185	OK
 777	     0	73.9	136.8	1196	OK
 778	     0	73.0	130.5	1188	OK
 779	     0	71.5	131.1	1194	OK
 780	     0	74.4	134.6	1199	OK
 781	     0	74.7	137.7	1185	OK
 782	     0	72.0	129.9	1196	OK
 783	     0	72.1	132.4	1198	OK
 784	     0	73.8	133.5	1230	OK
 785	     0	75.3	134.7	1201	OK
 786	     0	75.1	134.5	1179	OK
 787	     0	74.3	134.7	1188	OK
 788	     0	74.1	135.2	1186	OK
 789	     0	72.3	131.0	1193	OK
 790	     0	74.2	133.2	1184	OK
 791	     0	72.1	129.0	1218	OK
 792	     0	75.4	136.6	1208	OK
 793	     0	75.4	134.6	1179	OK
 794	     0	73.1	133.1	1205	OK
 795	     0	71.6	130.0	1214	OK
 796	     0	71.0	128.8	1189	OK
 797	     0	73.2	135.3	1224	OK
 798	     0	74.9	136.0	1194	OK
 799	     0	75.3	134.2	1203	OK
 800	     0	69.7	130.4	1206	OK
 801	     0	75.5	135.4	1203	OK
 802	     0	73.0	132.5	1212	OK
 803	     0	72.7	131.7	1231	OK
 804	     0	74.2	134.4	1229	OK
 805	     0	73.2	134.4	1213	OK
 806	     0	73.6	131.8	1213	OK
 807	     0	70.6	130.0	1219	OK
 808	     0	73.1	134.3	1228	OK
 809	     0	72.5	130.3	1204	OK
 810	     0	71.0	128.2	1205	OK
 811	     0	72.4	132.5	1230	OK
 812	     0	74.4	133.3	1197	OK
 813	     0	74.7	133.5	1213	OK
 814	     0	73.3	131.2	1204	OK
 815	     0	72.2	130.1	1217	OK
 816	     0	70.9	129.3	1213	OK
 817	     0	71.6	129.4	1194	OK
 818	     0	74.3	134.9	1197	OK
 819	     0	73.4	131.0	1209	OK
 820	     0	72.7	129.6	1205	OK
 821	     0	72.0	130.6	1212	OK
 822	     0	71.6	129.4	1207	OK
 823	     0	72.7	130.9	1205	OK
 824	     0	73.3	132.7	1201	OK
 825	     0	73.3	131.6	1205	OK
 826	     0	75.6	136.4	1216	OK
 827	     0	75.1	137.8	1211	OK
 828	     0	75.6	137.9	1196	OK
 829	     0	78.6	140.8	1206	OK
 830	     0	79.4	140.7	1215	OK
 831	     0	75.7	137.6	1209	OK
 832	     0	73.6	134.0	1208	OK
 833	     0	75.5	134.9	1180	OK
 834	     0	76.1	136.9	1196	OK
 835	     0	76.5	138.3	1202	OK
 836	     0	75.2	135.4	1203	OK
 837	     0	71.8	128.8	1208	OK
 838	     0	75.0	135.3	1172	OK
 839	     0	71.9	132.1	1185	OK
 840	     0	73.9	136.2	1188	OK
 841	     0	75.9	138.2	1198	OK
 842	     0	71.6	131.5	1203	OK
 843	     0	74.3	135.6	1211	OK
 844	     0	73.7	131.2	1192	OK
 845	     0	72.1	131.3	1184	OK
 846	     0	74.1	131.5	1187	OK
 847	     0	74.3	135.3	1178	OK
 848	     0	73.7	132.1	1196	OK
 849	     0	73.9	132.8	1199	OK
 850	     0	72.8	130.1	1195	OK
 851	     0	74.4	133.8	1179	OK
 852	     0	74.0	134.5	1207	OK
 853	     0	73.0	134.4	1185	OK
 854	     0	73.8	132.3	1198	OK
 855	     0	73.7	133.0	1196	OK
 856	     0	74.1	136.3	1175	OK
 857	     0	74.1	133.1	1203	OK
 858	     0	72.4	129.7	1206	OK
 859	     0	72.8	132.6	1189	OK
 860	     0	74.1	134.8	1183	OK
 861	     0	73.6	133.7	1188	OK
 862	     0	74.5	134.2	1193	OK
 863	     0	74.0	135.8	1196	OK
 864	     0	73.7	131.7	1201	OK
 865	     0	74.2	132.3	1189	OK
 866	     0	74.7	136.3	1205	OK
 867	     0	74.5	137.1	1212	OK
 868	     0	74.9	134.2	1171	OK
 869	     0	73.5	134.8	1192	OK
 870	     0	73.7	134.6	1180	OK
 871	     0	73.5	135.0	1181	OK
 872	     0	72.7	130.8	1173	OK
 873	     0	76.8	139.7	1191	OK
 874	     0	75.9	136.6	1176	OK
 875	     0	72.2	130.8	1172	OK
 876	     0	71.7	130.7	1164	OK
 877	     0	74.1	134.0	1191	OK
 878	     0	74.8	137.3	1185	OK
 879	     0	73.1	131.6	1160	OK
 880	     0	74.1	133.5	1191	OK
 881	     0	72.2	130.5	1177	OK
 882	     0	73.4	133.4	1159	OK
 883	     0	73.8	134.1	1150	OK
 884	     0	74.1	136.3	1179	OK
 885	     0	73.5	134.6	1168	OK
 886	     0	73.7	132.4	1168	OK
 887	     0	75.5	136.3	1186	OK
 888	     0	74.8	134.0	1177	OK
 889	     0	74.2	135.3	1198	OK
 890	     0	75.5	137.9	1177	OK
 891	     0	72.9	133.9	1207	OK
 892	     0	73.5	133.9	1159	OK
 893	     0	75.8	137.1	1178	OK
 894	     0	75.6	139.6	1196	OK
 895	     0	74.8	134.7	1176	OK
 896	     0	74.6	136.4	1203	OK
 897	     0	76.2	139.5	1174	OK
 898	     0	73.5	132.1	1194	OK
 899	     0	72.2	131.1	1187	OK
 900	     0	71.7	131.0	1182	OK
 901	     0	72.3	129.7	1177	OK
 902	     0	69.9	128.0	1181	OK
 903	     0	73.6	136.0	1157	OK
 904	     0	69.9	128.4	1187	OK
 905	     0	70.2	127.5	1179	OK
 906	     0	71.1	127.7	1168	OK
 907	     0	69.6	128.3	1204	OK
 908	     0	70.0	127.6	1192	OK
 909	     0	70.1	127.1	1174	OK
 910	     0	71.6	131.3	1204	OK
 911	     0	69.5	128.8	1191	OK
 912	     0	72.6	131.2	1180	OK
 913	     0	71.2	129.0	1200	OK
 914	     0	69.2	124.9	1178	OK
 915	     0	69.7	126.8	1189	OK
 916	     0	67.7	124.5	1172	OK
 917	     0	69.4	128.2	1193	OK
 918	     0	69.8	127.8	1197	OK
 919	     0	70.4	128.2	1181	OK
 920	     0	72.5	130.4	1184	OK
 921	     0	68.9	126.3	1192	OK
 922	     0	69.7	127.6	1171	OK
 923	     0	74.1	134.0	1183	OK
 924	     0	72.2	131.2	1179	OK
 925	     0	71.7	127.7	1198	OK
 926	     0	71.9	130.9	1182	OK
 927	     0	69.3	126.5	1180	OK
 928	     0	70.9	126.6	1180	OK
 929	     0	72.0	131.3	1184	OK
 930	     0	70.5	130.4	1173	OK
 931	     0	71.9	131.2	1199	OK
 932	     0	71.6	131.7	1175	OK
 933	     0	73.9	131.1	1196	OK
 934	     0	70.3	127.8	1179	OK
 935	     0	69.8	127.1	1172	OK
 936	     0	70.8	129.0	1193	OK
 937	     0	71.6	129.9	1165	OK
 938	     0	70.9	129.7	1174	OK
 939	     0	70.7	130.1	1157	OK
 940	     0	70.8	129.1	1154	OK
 941	     0	70.5	127.5	1168	OK
 942	     0	69.7	127.3	1188	OK
 943	     0	70.4	128.1	1187	OK
 944	     0	71.8	131.4	1180	OK
 945	     0	69.2	124.9	1215	OK
 946	  4000	73.6	134.7	1247	high noise
 947	     0	70.8	128.8	1185	OK
 948	     0	70.1	127.8	1185	OK
 949	     0	71.9	128.7	1169	OK
 950	     0	69.7	128.3	1170	OK
 951	     0	69.3	127.0	1146	OK
 952	     0	71.1	130.7	1188	OK
 953	     0	72.0	131.3	1162	OK
 954	     0	71.1	129.5	1161	OK
 955	     0	71.0	129.5	1200	OK
 956	     0	72.3	129.5	1190	OK
 957	     0	71.6	131.1	1178	OK
 958	     0	72.9	132.8	1200	OK
 959	     0	72.6	130.2	1182	OK
 960	     0	74.6	133.5	1169	OK
 961	     0	73.7	133.5	1171	OK
 962	     0	73.0	133.7	1174	OK
 963	     0	71.9	132.4	1185	OK
 964	     0	70.8	128.4	1169	OK
 965	     0	73.0	132.9	1165	OK
 966	     0	70.8	128.8	1161	OK
 967	     0	69.1	127.4	1141	OK
 968	     0	67.2	123.7	1149	OK
 969	     0	69.4	127.1	1171	OK
 970	     0	70.2	126.0	1172	OK
 971	     0	70.0	127.8	1168	OK
 972	     0	69.0	126.1	1143	OK
 973	     0	69.7	125.4	1167	OK
 974	     0	69.2	128.4	1159	OK
 975	     0	70.4	128.6	1150	OK
 976	     0	69.6	127.8	1179	OK
 977	     0	70.0	126.8	1146	OK
 978	     0	68.7	126.9	1176	OK
 979	     0	68.9	127.8	1157	OK
 980	     0	70.2	128.5	1154	OK
 981	     0	70.2	127.5	1162	OK
 982	     0	69.2	127.4	1130	OK
 983	     0	70.7	128.6	1161	OK
 984	     0	68.6	125.1	1144	OK
 985	     0	70.1	127.3	1151	OK
 986	     0	69.4	127.4	1172	OK
 987	     0	70.4	128.0	1162	OK
 988	     0	70.4	124.6	1166	OK
 989	     0	70.7	127.1	1145	OK
 990	     0	68.8	125.8	1164	OK
 991	     0	70.0	128.5	1174	OK
 992	     0	68.6	125.4	1163	OK
 993	     0	69.8	125.0	1168	OK
 994	     0	67.0	122.9	1174	OK
 995	     0	69.6	125.1	1153	OK
 996	     0	70.6	128.6	1151	OK
 997	     0	70.3	126.5	1193	OK
 998	     0	68.5	127.1	1128	OK
 999	     0	70.3	125.7	1158	OK
1000	     0	70.1	130.0	1149	OK
1001	     0	70.0	129.0	1164	OK
1002	     0	71.1	127.9	1186	OK
1003	     0	69.6	125.7	1164	OK
1004	     0	69.8	128.8	1168	OK
1005	     0	68.8	127.9	1169	OK
1006	     0	67.3	123.7	1144	OK
1007	     0	71.3	130.2	1159	OK
1008	     0	69.8	125.5	1174	OK
1009	     0	69.9	127.4	1189	OK
1010	     0	69.4	127.1	1173	OK
1011	     0	69.7	127.6	1149	OK
1012	     0	70.4	129.9	1177	OK
1013	     0	71.6	129.3	1160	OK
1014	     0	70.5	127.5	1195	OK
1015	     0	70.9	128.9	1165	OK
1016	     0	69.1	125.5	1162	OK
1017	     0	70.6	130.0	1162	OK
1018	     0	71.7	132.2	1176	OK
1019	     0	72.2	128.9	1177	OK
1020	     0	71.2	132.3	1178	OK
1021	     0	71.2	130.5	1164	OK
1022	     0	73.4	133.1	1146	OK
1023	     0	71.2	128.7	1167	OK
1024	   200	78.3	138.7	1179	high gain
1025	     0	74.7	134.9	1199	OK
1026	     0	73.8	133.8	1176	OK
1027	     0	72.8	133.3	1185	OK
1028	     0	72.4	132.2	1183	OK
1029	     0	73.1	135.0	1188	OK
1030	     0	71.5	132.8	1199	OK
1031	     0	70.8	130.5	1149	OK
1032	     0	69.4	127.7	1185	OK
1033	     0	71.9	133.9	1205	OK
1034	     0	69.2	125.9	1195	OK
1035	     0	70.5	128.8	1188	OK
1036	     0	69.7	127.4	1181	OK
1037	     0	70.0	129.8	1172	OK
1038	     0	71.7	130.5	1189	OK
1039	     0	70.6	131.2	1188	OK
1040	     0	71.7	130.5	1214	OK
1041	     0	70.3	130.3	1190	OK
1042	     0	68.2	124.6	1198	OK
1043	     0	70.6	129.1	1182	OK
1044	     0	70.2	126.4	1225	OK
1045	     0	71.0	130.0	1218	OK
1046	     0	71.3	129.9	1207	OK
1047	     0	69.3	127.4	1193	OK
1048	     0	68.4	126.7	1190	OK
1049	     0	69.3	126.3	1205	OK
1050	     0	69.6	126.0	1222	OK
1051	     0	70.9	129.7	1221	OK
1052	     0	69.1	124.8	1196	OK
1053	     0	70.0	129.7	1225	OK
1054	     0	70.1	128.9	1224	OK
1055	     0	70.9	129.4	1228	OK
1056	     0	71.0	129.5	1213	OK
1057	     0	71.2	130.2	1196	OK
1058	     0	70.0	129.0	1214	OK
1059	     0	71.8	130.2	1217	OK
1060	     0	69.3	129.2	1222	OK
1061	     0	69.2	125.6	1218	OK
1062	     0	69.6	129.1	1235	OK
1063	     0	71.5	131.9	1203	OK
1064	     0	71.3	130.5	1232	OK
1065	     0	71.1	125.8	1255	OK
1066	     0	71.5	132.6	1219	OK
1067	     0	70.9	129.1	1251	OK
1068	     0	69.6	126.9	1201	OK
1069	     0	70.5	128.3	1232	OK
1070	     0	71.5	129.7	1204	OK
1071	     0	71.3	126.6	1248	OK
1072	     0	71.2	128.4	1225	OK
1073	     0	72.6	133.5	1212	OK
1074	     0	71.6	128.5	1221	OK
1075	     0	67.6	124.0	1204	OK
1076	     0	70.8	127.9	1215	OK
1077	     0	69.2	125.5	1211	OK
1078	     0	69.9	126.8	1186	OK
1079	     0	72.9	131.9	1195	OK
1080	     0	72.0	132.6	1219	OK
1081	     0	73.1	132.4	1208	OK
1082	     0	71.9	129.0	1218	OK
1083	     0	73.8	134.2	1205	OK
1084	     0	73.2	133.4	1202	OK
1085	     0	71.8	132.4	1210	OK
1086	     0	71.1	131.1	1212	OK
1087	     0	72.7	130.9	1200	OK
1088	     0	75.9	139.0	1203	OK
1089	     0	73.2	133.8	1220	OK
1090	     0	70.8	131.6	1193	OK
1091	     0	72.9	132.9	1200	OK
1092	     0	71.8	130.8	1198	OK
1093	     0	72.6	133.2	1197	OK
1094	     0	72.8	133.5	1209	OK
1095	     0	71.2	128.4	1197	OK
1096	     0	71.2	128.7	1218	OK
1097	     0	71.5	130.4	1198	OK
1098	     0	70.3	130.8	1202	OK
1099	     0	71.1	129.9	1206	OK
1100	     0	71.8	129.2	1225	OK
1101	     0	71.2	131.1	1207	OK
1102	     0	70.5	129.0	1206	OK
1103	     0	70.3	129.3	1207	OK
1104	     0	71.4	130.5	1217	OK
1105	     0	71.9	131.3	1195	OK
1106	     0	70.8	131.3	1202	OK
1107	     0	70.1	128.6	1185	OK
1108	     0	71.8	129.4	1211	OK
1109	     0	72.7	134.5	1192	OK
1110	     0	73.6	133.4	1195	OK
1111	     0	72.8	131.2	1183	OK
1112	     0	69.6	126.4	1226	OK
1113	     0	71.5	130.5	1216	OK
1114	     0	72.9	133.0	1190	OK
1115	     0	70.8	130.1	1243	OK
1116	     0	69.3	127.7	1188	OK
1117	     0	72.1	132.3	1212	OK
1118	     0	72.4	131.7	1210	OK
1119	     0	72.8	132.9	1212	OK
1120	     0	71.8	131.3	1227	OK
1121	     0	70.6	127.5	1199	OK
1122	     0	72.2	129.0	1207	OK
1123	     0	71.8	130.2	1227	OK
1124	     0	71.7	131.2	1207	OK
1125	     0	71.8	130.8	1205	OK
1126	     0	72.3	131.7	1183	OK
1127	     0	67.7	124.0	1190	OK
1128	     0	71.4	133.1	1208	OK
1129	     0	72.4	132.3	1209	OK
1130	     0	74.7	138.2	1204	OK
1131	     0	74.9	135.0	1201	OK
1132	     0	71.3	130.7	1212	OK
1133	     0	73.4	130.8	1205	OK
1134	     0	73.3	133.3	1211	OK
1135	     0	71.2	130.7	1199	OK
1136	     0	72.1	131.2	1197	OK
1137	     0	73.9	132.8	1223	OK
1138	     0	68.6	127.0	1189	OK
1139	     0	71.5	131.4	1199	OK
1140	     0	71.8	131.6	1206	OK
1141	     0	73.9	131.3	1218	OK
1142	     0	73.5	135.0	1211	OK
1143	     0	72.3	130.5	1200	OK
1144	     0	73.3	132.8	1203	OK
1145	     0	70.7	128.8	1193	OK
1146	     0	70.8	127.7	1202	OK
1147	     0	73.4	135.7	1218	OK
1148	     0	73.7	134.4	1198	OK
1149	     0	73.6	135.7	1213	OK
1150	     0	73.1	131.0	1193	OK
1151	     0	73.1	134.2	1205	OK
1152	     0	72.9	136.6	 866	OK
1153	     0	74.8	137.4	 866	OK
1154	     0	73.0	135.6	 872	OK
1155	     0	72.4	135.3	 851	OK
1156	     0	74.4	139.0	 869	OK
1157	     0	73.2	133.7	 869	OK
1158	     0	73.3	135.4	 870	OK
1159	     0	72.6	132.4	 859	OK
1160	     0	74.3	138.9	 859	OK
1161	     0	74.9	138.3	 855	OK
1162	     0	74.3	137.3	 882	OK
1163	     0	71.5	133.0	 858	OK
1164	     0	72.9	134.6	 856	OK
1165	     0	72.3	133.5	 867	OK
1166	     0	72.5	133.6	 853	OK
1167	     0	71.4	131.4	 853	OK
1168	     0	70.8	131.7	 869	OK
1169	     0	74.7	139.6	 852	OK
1170	     0	73.8	136.7	 859	OK
1171	     0	72.5	134.9	 860	OK
1172	     0	74.2	136.5	 866	OK
1173	     0	71.2	133.7	 862	OK
1174	     0	71.2	133.0	 867	OK
1175	     0	71.9	133.4	 855	OK
1176	     0	71.2	132.8	 851	OK
1177	     0	74.5	137.9	 860	OK
1178	     0	72.8	136.3	 856	OK
1179	     0	72.4	133.1	 869	OK
1180	     0	74.0	134.8	 879	OK
1181	     0	72.8	136.9	 857	OK
1182	     0	75.2	138.8	 858	OK
1183	     0	72.0	133.3	 858	OK
1184	     0	74.4	138.4	 856	OK
1185	     0	73.9	136.3	 845	OK
1186	     0	73.3	136.8	 863	OK
1187	     0	72.8	137.3	 857	OK
1188	     0	74.3	138.2	 838	OK
1189	     0	73.6	135.6	 857	OK
1190	     0	71.7	133.7	 851	OK
1191	     0	74.5	137.4	 859	OK
1192	     0	72.3	133.9	 872	OK
1193	     0	73.0	134.1	 874	OK
1194	     0	72.4	133.5	 861	OK
1195	     0	74.1	136.6	 843	OK
1196	     0	72.7	134.9	 870	OK
1197	     0	71.5	134.5	 868	OK
1198	     0	73.8	137.5	 849	OK
1199	     0	73.0	135.5	 867	OK
1200	     0	72.2	135.2	 873	OK
1201	     0	72.5	131.7	 872	OK
1202	     0	71.9	132.5	 866	OK
1203	     0	75.3	139.5	 860	OK
1204	     0	72.8	134.2	 880	OK
1205	     0	73.5	135.7	 894	OK
1206	     0	73.0	135.4	 878	OK
1207	     0	75.1	137.8	 883	OK
1208	     0	72.6	136.0	 845	OK
1209	     0	75.6	139.5	 871	OK
1210	     0	74.6	138.8	 866	OK
1211	     0	74.1	135.5	 866	OK
1212	     0	74.9	137.5	 878	OK
1213	     0	75.0	137.7	 887	OK
1214	     0	75.5	137.4	 856	OK
1215	     0	76.5	140.8	 854	OK
1216	     0	72.8	134.7	 863	OK
1217	     0	73.0	135.3	 861	OK
1218	     0	71.6	132.0	 859	OK
1219	     0	72.8	135.8	 870	OK
1220	     0	72.3	134.6	 866	OK
1221	     0	69.1	127.5	 870	OK
1222	     0	72.0	135.4	 877	OK
1223	     0	72.3	133.6	 848	OK
1224	     0	72.5	135.2	 867	OK
1225	     0	71.4	132.5	 879	OK
1226	     0	73.1	135.5	 860	OK
1227	     0	74.1	138.5	 860	OK
1228	     0	74.6	136.3	 868	OK
1229	     0	73.4	135.7	 871	OK
1230	     0	71.4	134.4	 856	OK
1231	     0	72.6	135.0	 852	OK
1232	     0	69.7	130.1	 843	OK
1233	     0	71.3	132.7	 860	OK
1234	     0	74.0	136.9	 877	OK
1235	     0	75.5	137.7	 876	OK
1236	     0	73.3	136.0	 840	OK
1237	     0	73.4	133.4	 862	OK
1238	     0	71.5	130.5	 855	OK
1239	     0	72.2	135.7	 856	OK
1240	     0	74.1	138.6	 869	OK
1241	     0	72.5	133.0	 860	OK
1242	     0	72.6	134.8	 854	OK
1243	     0	74.1	137.7	 864	OK
1244	     0	73.7	137.7	 867	OK
1245	     0	71.5	133.2	 852	OK
1246	     0	72.5	133.9	 850	OK
1247	     0	73.7	135.4	 860	OK
1248	     0	73.5	134.4	 868	OK
1249	     0	73.5	137.9	 871	OK
1250	     0	76.3	140.0	 858	OK
1251	     0	72.1	134.9	 871	OK
1252	     0	74.2	139.0	 856	OK
1253	     0	73.9	134.9	 851	OK
1254	     0	73.9	136.0	 852	OK
1255	     0	71.9	134.1	 874	OK
1256	     0	74.1	137.9	 857	OK
1257	     0	71.7	136.4	 861	OK
1258	     0	74.4	139.0	 860	OK
1259	     0	75.4	138.9	 868	OK
1260	     0	73.8	135.7	 853	OK
1261	     0	73.7	136.0	 845	OK
1262	     0	73.6	136.8	 864	OK
1263	     0	75.2	138.6	 847	OK
1264	     0	75.1	138.3	 864	OK
1265	     0	72.5	135.2	 846	OK
1266	     0	73.6	136.8	 857	OK
1267	     0	75.7	141.4	 865	OK
1268	     0	73.3	136.3	 860	OK
1269	     0	77.3	144.2	 852	OK
1270	     0	75.0	139.0	 846	OK
1271	     0	73.8	137.9	 860	OK
1272	     0	72.7	133.6	 862	OK
1273	     0	74.9	139.7	 872	OK
1274	     0	75.9	140.7	 869	OK
1275	     0	74.7	138.9	 866	OK
1276	     0	73.0	137.9	 858	OK
1277	     0	76.8	143.2	 861	OK
1278	     0	78.7	143.4	 891	OK
1279	     0	76.4	136.6	 889	OK
1280	     0	71.3	133.6	 857	OK
1281	     0	70.3	131.0	 847	OK
1282	     0	71.0	130.1	 855	OK
1283	     0	70.3	129.8	 855	OK
1284	     0	68.9	127.9	 856	OK
1285	     0	70.5	131.4	 839	OK
1286	     0	70.3	130.4	 854	OK
1287	     0	71.2	131.9	 829	OK
1288	     0	68.7	129.6	 853	OK
1289	     0	70.9	132.6	 831	OK
1290	     0	72.0	132.6	 829	OK
1291	     0	69.6	129.4	 859	OK
1292	     0	72.0	134.7	 843	OK
1293	     0	72.8	135.1	 846	OK
1294	     0	70.9	132.6	 846	OK
1295	     0	70.3	130.0	 846	OK
1296	     0	70.3	130.0	 865	OK
1297	     0	69.9	128.7	 841	OK
1298	     0	70.8	132.7	 842	OK
1299	     0	70.6	129.2	 839	OK
1300	     0	69.7	129.5	 851	OK
1301	     0	71.1	133.0	 857	OK
1302	     0	68.7	129.8	 854	OK
1303	     0	71.2	131.8	 849	OK
1304	     0	68.6	127.2	 840	OK
1305	     0	70.1	130.0	 855	OK
1306	     0	67.9	127.0	 850	OK
1307	     0	69.3	127.4	 862	OK
1308	     0	69.5	131.9	 859	OK
1309	     0	70.3	130.6	 850	OK
1310	     0	71.1	132.6	 836	OK
1311	     0	70.3	130.0	 834	OK
1312	     0	69.5	129.4	 849	OK
1313	     0	69.2	128.9	 857	OK
1314	     0	70.8	134.3	 841	OK
1315	     0	71.3	133.0	 853	OK
1316	     0	69.8	129.6	 880	OK
1317	     0	69.7	129.5	 846	OK
1318	     0	69.1	130.2	 841	OK
1319	     0	70.0	131.5	 861	OK
1320	     0	67.6	125.7	 852	OK
1321	     0	70.7	131.9	 853	OK
1322	     0	70.4	130.7	 838	OK
1323	     0	71.2	133.3	 856	OK
1324	     0	67.9	128.5	 851	OK
1325	     0	70.7	131.0	 859	OK
1326	     0	69.0	127.4	 857	OK
1327	     0	70.7	132.2	 863	OK
1328	     0	68.8	130.3	 851	OK
1329	     0	73.1	134.8	 870	OK
1330	     0	68.1	125.0	 828	OK
1331	     0	68.8	129.0	 842	OK
1332	     0	69.7	130.9	 849	OK
1333	     0	69.3	128.3	 868	OK
1334	     0	70.6	131.1	 855	OK
1335	     0	70.5	129.8	 868	OK
1336	     0	69.5	129.7	 866	OK
1337	     0	71.8	132.4	 865	OK
1338	     0	69.7	131.0	 851	OK
1339	     0	69.6	131.9	 847	OK
1340	     0	71.4	131.8	 871	OK
1341	     0	71.8	135.6	 866	OK
1342	     0	73.3	137.7	 852	OK
1343	     0	73.0	135.6	 850	OK
1344	     0	68.8	130.5	 872	OK
1345	     0	69.2	129.6	 843	OK
1346	     0	69.2	128.3	 872	OK
1347	     0	68.4	129.6	 857	OK
1348	     0	68.6	129.6	 850	OK
1349	     0	68.4	130.0	 848	OK
1350	     0	69.6	130.1	 859	OK
1351	     0	66.7	124.9	 842	OK
1352	     0	68.2	127.9	 840	OK
1353	     0	68.1	129.4	 846	OK
1354	     0	67.1	126.7	 840	OK
1355	     0	68.0	126.1	 813	OK
1356	     0	68.6	129.4	 836	OK
1357	     0	67.5	128.9	 843	OK
1358	     0	68.5	128.6	 855	OK
1359	     0	68.2	129.4	 847	OK
1360	     0	68.7	130.8	 859	OK
1361	     0	67.8	130.0	 860	OK
1362	     0	67.6	127.1	 852	OK
1363	     0	70.2	131.4	 826	OK
1364	     0	66.3	125.8	 847	OK
1365	     0	67.7	126.2	 863	OK
1366	     0	67.6	126.9	 841	OK
1367	     0	69.6	128.8	 853	OK
1368	     0	66.5	123.8	 852	OK
1369	     0	68.5	129.1	 857	OK
1370	     0	68.9	130.5	 848	OK
1371	     0	70.5	131.7	 863	OK
1372	     0	68.5	130.4	 846	OK
1373	     0	66.6	126.1	 872	OK
1374	     0	68.6	131.3	 861	OK
1375	     0	66.6	128.0	 845	OK
1376	     0	66.1	126.1	 836	OK
1377	     0	67.4	128.2	 850	OK
1378	     0	66.2	127.6	 846	OK
1379	     0	69.0	130.8	 850	OK
1380	     0	65.9	125.6	 839	OK
1381	     0	66.7	124.0	 816	OK
1382	     0	67.3	126.0	 847	OK
1383	     0	67.4	128.3	 849	OK
1384	     0	67.3	126.5	 844	OK
1385	     0	66.5	126.7	 844	OK
1386	     0	70.1	131.8	 861	OK
1387	     0	68.3	127.5	 842	OK
1388	     0	65.0	125.4	 851	OK
1389	     0	67.1	127.7	 841	OK
1390	     0	69.5	129.4	 855	OK
1391	     0	68.3	125.9	 866	OK
1392	     0	67.6	129.7	 854	OK
1393	     0	68.5	130.6	 841	OK
1394	     0	67.8	130.3	 838	OK
1395	     0	70.7	132.2	 857	OK
1396	     0	67.4	128.2	 867	OK
1397	     0	68.3	128.7	 863	OK
1398	     0	68.2	126.7	 847	OK
1399	     0	68.3	128.5	 851	OK
1400	     0	68.8	129.9	 844	OK
1401	     0	68.1	129.7	 857	OK
1402	     0	66.2	125.7	 857	OK
1403	     0	70.3	132.7	 871	OK
1404	     0	68.1	128.1	 843	OK
1405	     0	68.0	129.5	 840	OK
1406	     0	69.6	131.5	 857	OK
1407	     0	70.8	132.7	 872	OK
1408	     0	69.6	129.4	 887	OK
1409	     0	69.3	127.9	 884	OK
1410	     0	68.9	128.0	 880	OK
1411	     0	66.6	125.1	 865	OK
1412	     0	67.6	124.9	 882	OK
1413	     0	68.7	126.1	 891	OK
1414	     0	68.9	125.9	 901	OK
1415	     0	68.1	125.1	 880	OK
1416	     0	67.1	126.7	 867	OK
1417	     0	68.9	126.1	 891	OK
1418	     0	66.7	124.7	 893	OK
1419	     0	68.4	125.9	 900	OK
1420	     0	67.4	127.0	 879	OK
1421	     0	66.6	125.3	 889	OK
1422	     0	68.2	125.6	 872	OK
1423	     0	67.2	125.7	 866	OK
1424	     0	69.3	129.7	 874	OK
1425	     0	69.5	128.4	 882	OK
1426	     0	68.6	128.1	 874	OK
1427	     0	68.2	125.2	 888	OK
1428	     0	66.5	125.1	 896	OK
1429	     0	68.1	127.5	 885	OK
1430	     0	69.1	128.8	 881	OK
1431	     0	67.5	127.2	 882	OK
1432	     0	68.9	127.4	 890	OK
1433	     0	69.0	127.4	 882	OK
1434	     0	67.8	125.3	 882	OK
1435	     0	68.0	127.6	 869	OK
1436	     0	67.0	125.5	 887	OK
1437	     0	66.7	123.9	 875	OK
1438	     0	68.9	128.2	 916	OK
1439	     0	67.8	126.4	 874	OK
1440	     0	67.1	124.2	 881	OK
1441	     0	67.6	127.6	 876	OK
1442	     0	69.1	129.7	 887	OK
1443	     0	67.0	124.7	 881	OK
1444	     0	67.6	125.2	 882	OK
1445	     0	69.0	127.4	 883	OK
1446	     0	67.2	126.0	 874	OK
1447	     0	68.0	128.1	 906	OK
1448	     0	68.3	126.2	 883	OK
1449	     0	71.1	131.5	 887	OK
1450	     0	68.0	126.4	 900	OK
1451	     0	67.8	127.9	 881	OK
1452	     0	68.8	125.8	 893	OK
1453	     0	66.8	125.8	 909	OK
1454	     0	66.9	124.3	 871	OK
1455	     0	69.6	131.8	 868	OK
1456	     0	69.0	128.4	 870	OK
1457	     0	67.8	124.3	 902	OK
1458	     0	69.6	127.7	 890	OK
1459	     0	67.4	125.8	 888	OK
1460	     0	67.7	125.9	 895	OK
1461	     0	69.9	130.2	 886	OK
1462	     0	70.2	131.3	 864	OK
1463	     0	68.4	129.1	 875	OK
1464	     0	69.9	129.6	 879	OK
1465	     0	69.5	130.8	 882	OK
1466	     0	69.4	131.1	 881	OK
1467	     0	69.5	129.2	 862	OK
1468	     0	69.8	130.6	 886	OK
1469	     0	71.4	129.6	 880	OK
1470	     0	70.9	131.2	 861	OK
1471	   200	73.8	138.5	 879	high gain
1472	     0	68.1	127.1	 871	OK
1473	     0	68.9	129.3	 880	OK
1474	     0	65.7	122.2	 872	OK
1475	     0	67.9	126.9	 869	OK
1476	     0	66.6	125.6	 877	OK
1477	     0	68.6	127.9	 857	OK
1478	     0	65.2	120.9	 880	OK
1479	     0	68.8	127.9	 869	OK
1480	     0	68.6	127.8	 863	OK
1481	     0	68.1	127.6	 849	OK
1482	     0	66.2	123.8	 889	OK
1483	     0	67.5	126.3	 849	OK
1484	     0	67.5	125.2	 884	OK
1485	     0	68.9	128.6	 870	OK
1486	     0	66.8	124.0	 873	OK
1487	     0	67.8	125.8	 863	OK
1488	     0	68.7	126.9	 872	OK
1489	     0	68.5	128.3	 857	OK
1490	     0	68.3	126.2	 881	OK
1491	     0	69.9	129.6	 902	OK
1492	     0	67.3	127.4	 860	OK
1493	     0	69.3	127.3	 886	OK
1494	     0	67.4	125.2	 872	OK
1495	     0	67.2	123.8	 889	OK
1496	     0	68.3	126.8	 876	OK
1497	     0	67.3	124.8	 877	OK
1498	     0	67.1	124.8	 852	OK
1499	     0	66.9	126.2	 859	OK
1500	     0	66.2	123.1	 868	OK
1501	     0	68.3	127.7	 863	OK
1502	     0	68.8	127.9	 874	OK
1503	     0	68.0	126.9	 888	OK
1504	     0	65.9	124.0	 845	OK
1505	     0	69.0	128.9	 855	OK
1506	     0	69.2	126.7	 892	OK
1507	     0	67.9	127.2	 877	OK
1508	     0	68.7	127.9	 857	OK
1509	     0	64.4	120.3	 856	OK
1510	     0	67.3	126.5	 856	OK
1511	     0	67.4	126.0	 856	OK
1512	     0	68.5	127.9	 860	OK
1513	     0	70.6	131.3	 861	OK
1514	     0	67.7	124.9	 860	OK
1515	     0	68.1	126.8	 888	OK
1516	     0	67.4	125.0	 861	OK
1517	     0	66.8	125.4	 874	OK
1518	     0	68.2	125.3	 874	OK
1519	     0	68.2	128.3	 870	OK
1520	     0	67.0	125.2	 859	OK
1521	     0	67.6	124.4	 857	OK
1522	     0	68.2	125.2	 861	OK
1523	     0	67.7	127.7	 883	OK
1524	     0	67.9	126.1	 871	OK
1525	     0	66.4	122.8	 870	OK
1526	     0	67.2	125.4	 855	OK
1527	     0	67.1	125.7	 859	OK
1528	     0	68.7	127.0	 842	OK
1529	     0	67.9	125.9	 886	OK
1530	     0	67.4	124.5	 851	OK
1531	     0	68.6	126.2	 853	OK
1532	     0	67.6	125.1	 867	OK
1533	     0	70.5	130.2	 878	OK
1534	     0	68.4	126.7	 866	OK
1535	     0	70.7	129.0	 867	OK
1536	     0	72.2	134.6	 873	OK
1537	     0	75.4	139.1	 871	OK
1538	     0	69.7	129.9	 871	OK
1539	     0	70.7	131.5	 846	OK
1540	     0	69.9	130.1	 854	OK
1541	     0	71.6	131.1	 866	OK
1542	     0	69.5	129.0	 846	OK
1543	     0	70.9	132.7	 855	OK
1544	     0	71.9	132.9	 848	OK
1545	     0	70.8	132.2	 855	OK
1546	     0	69.3	131.2	 853	OK
1547	     0	70.7	132.1	 855	OK
1548	     0	68.9	129.7	 860	OK
1549	     0	69.7	128.8	 845	OK
1550	     0	70.4	132.5	 842	OK
1551	     0	70.0	131.3	 842	OK
1552	     0	69.2	130.5	 861	OK
1553	     0	68.6	128.3	 858	OK
1554	     0	69.6	127.1	 871	OK
1555	     0	69.9	131.8	 854	OK
1556	     0	69.5	128.8	 854	OK
1557	     0	70.0	131.8	 863	OK
1558	     0	69.8	129.0	 880	OK
1559	     0	70.5	130.6	 861	OK
1560	     0	68.7	127.5	 864	OK
1561	     0	70.4	130.0	 879	OK
1562	     0	69.4	127.9	 855	OK
1563	     0	68.8	126.3	 861	OK
1564	     0	68.9	127.9	 867	OK
1565	     0	70.6	130.0	 876	OK
1566	     0	71.4	133.3	 864	OK
1567	     0	67.6	127.1	 873	OK
1568	     0	68.2	128.0	 867	OK
1569	     0	69.7	131.2	 854	OK
1570	     0	71.6	131.8	 849	OK
1571	     0	67.6	127.0	 848	OK
1572	     0	69.8	129.0	 863	OK
1573	     0	69.9	129.8	 865	OK
1574	     0	70.3	129.1	 860	OK
1575	     0	72.0	132.0	 863	OK
1576	     0	67.2	126.0	 853	OK
1577	     0	70.4	128.4	 873	OK
1578	     0	67.6	127.1	 847	OK
1579	     0	67.5	126.1	 884	OK
1580	     0	69.8	130.7	 870	OK
1581	     0	68.5	128.5	 844	OK
1582	     0	67.8	127.8	 856	OK
1583	     0	68.6	127.1	 850	OK
1584	     0	67.6	128.7	 874	OK
1585	     0	70.7	129.1	 862	OK
1586	     0	69.4	128.4	 861	OK
1587	     0	69.8	131.5	 861	OK
1588	     0	70.9	132.1	 859	OK
1589	     0	72.4	134.5	 860	OK
1590	     0	71.2	132.3	 869	OK
1591	     0	68.3	128.2	 869	OK
1592	     0	70.7	130.8	 868	OK
1593	     0	70.2	131.0	 863	OK
1594	     0	71.8	132.9	 874	OK
1595	     0	71.1	133.8	 860	OK
1596	     0	70.0	131.5	 861	OK
1597	     0	70.2	132.2	 861	OK
1598	     0	70.0	128.9	 872	OK
1599	     0	73.1	134.1	 861	OK
1600	     0	69.0	128.5	 879	OK
1601	     0	69.5	129.4	 865	OK
1602	     0	68.5	128.7	 875	OK
1603	     0	69.7	129.0	 859	OK
1604	     0	69.1	129.8	 862	OK
1605	     0	68.3	126.7	 866	OK
1606	     0	68.7	126.6	 887	OK
1607	     0	67.1	124.2	 847	OK
1608	     0	69.5	131.4	 851	OK
1609	     0	68.1	127.3	 867	OK
1610	     0	65.9	124.7	 875	OK
1611	     0	69.1	130.0	 863	OK
1612	     0	67.7	128.4	 870	OK
1613	     0	67.7	126.2	 870	OK
1614	     0	67.7	126.5	 862	OK
1615	     0	68.1	126.0	 847	OK
1616	     0	68.1	127.8	 875	OK
1617	     0	68.7	126.9	 881	OK
1618	     0	66.9	124.5	 877	OK
1619	     0	67.9	127.3	 875	OK
1620	     0	66.4	124.4	 887	OK
1621	     0	67.6	126.4	 844	OK
1622	     0	67.1	127.5	 881	OK
1623	     0	67.9	126.3	 866	OK
1624	     0	67.0	124.8	 851	OK
1625	     0	65.9	122.4	 876	OK
1626	     0	66.5	124.1	 857	OK
1627	     0	68.0	126.1	 852	OK
1628	     0	67.5	125.7	 880	OK
1629	     0	67.3	124.2	 872	OK
1630	     0	66.5	125.4	 855	OK
1631	     0	69.8	128.1	 868	OK
1632	     0	67.3	125.0	 865	OK
1633	     0	67.2	126.5	 871	OK
1634	     0	66.2	125.7	 856	OK
1635	     0	68.2	127.7	 854	OK
1636	     0	65.3	122.4	 849	OK
1637	     0	67.5	125.7	 851	OK
1638	     0	67.8	124.5	 879	OK
1639	     0	68.3	126.3	 851	OK
1640	     0	68.1	124.7	 865	OK
1641	     0	65.2	122.4	 874	OK
1642	     0	65.4	123.5	 857	OK
1643	     0	68.0	126.8	 868	OK
1644	     0	67.3	126.1	 846	OK
1645	     0	67.2	126.8	 880	OK
1646	     0	66.8	123.8	 877	OK
1647	     0	68.5	126.9	 864	OK
1648	     0	66.0	125.4	 835	OK
1649	     0	68.1	127.6	 851	OK
1650	     0	65.5	122.0	 874	OK
1651	     0	69.2	128.4	 869	OK
1652	     0	66.3	125.1	 868	OK
1653	     0	67.4	123.7	 865	OK
1654	     0	67.4	125.0	 889	OK
1655	     0	68.1	127.5	 845	OK
1656	     0	68.3	126.2	 870	OK
1657	     0	68.0	125.7	 877	OK
1658	     0	66.9	125.2	 859	OK
1659	     0	69.3	128.0	 884	OK
1660	     0	68.4	125.2	 857	OK
1661	     0	68.0	126.4	 864	OK
1662	     0	68.4	126.0	 869	OK
1663	     0	67.4	125.6	 863	OK
1664	     0	74.0	136.3	 822	OK
1665	     0	74.3	138.6	 816	OK
1666	     0	75.3	139.3	 802	OK
1667	     0	77.0	142.1	 810	OK
1668	     0	74.3	136.5	 804	OK
1669	     0	74.1	138.0	 796	OK
1670	     0	75.1	140.9	 822	OK
1671	     0	74.2	135.6	 785	OK
1672	     0	76.1	140.5	 795	OK
1673	     0	72.4	137.5	 820	OK
1674	     0	73.4	136.3	 781	OK
1675	     0	72.7	134.9	 818	OK
1676	     0	73.4	138.4	 794	OK
1677	     0	72.5	135.9	 804	OK
1678	     0	74.4	137.1	 810	OK
1679	     0	72.9	137.6	 787	OK
1680	     0	74.3	137.2	 807	OK
1681	     0	73.6	137.8	 796	OK
1682	     0	74.0	136.6	 808	OK
1683	     0	73.8	137.1	 785	OK
1684	     0	73.3	136.1	 796	OK
1685	     0	75.1	137.4	 804	OK
1686	     0	73.1	136.2	 813	OK
1687	     0	72.7	135.4	 807	OK
1688	     0	73.8	138.7	 805	OK
1689	     0	73.0	135.1	 804	OK
1690	     0	74.2	138.1	 799	OK
1691	     0	73.3	134.5	 808	OK
1692	     0	72.6	134.3	 802	OK
1693	     0	71.4	132.1	 795	OK
1694	     0	71.1	133.4	 814	OK
1695	     0	73.4	136.9	 803	OK
1696	     0	73.5	135.6	 808	OK
1697	     0	72.4	136.3	 821	OK
1698	     0	72.1	133.0	 813	OK
1699	     0	73.7	135.7	 823	OK
1700	     0	73.8	137.5	 803	OK
1701	     0	71.7	135.7	 798	OK
1702	     0	73.9	136.5	 808	OK
1703	     0	74.5	138.0	 816	OK
1704	     0	73.0	134.5	 806	OK
1705	     0	73.2	135.4	 830	OK
1706	     0	73.1	135.2	 803	OK
1707	     0	74.7	137.7	 812	OK
1708	     0	74.5	136.1	 792	OK
1709	     0	71.8	133.1	 818	OK
1710	     0	73.6	136.3	 815	OK
1711	     0	71.5	133.4	 803	OK
1712	     0	73.6	138.6	 803	OK
1713	     0	73.1	133.8	 824	OK
1714	     0	73.5	136.1	 811	OK
1715	     0	73.5	136.2	 828	OK
1716	     0	74.4	137.8	 812	OK
1717	     0	73.4	135.8	 824	OK
1718	     0	73.1	134.5	 807	OK
1719	     0	78.0	142.7	 825	OK
1720	     0	73.4	138.6	 803	OK
1721	     0	75.4	139.6	 810	OK
1722	     0	74.1	136.6	 821	OK
1723	     0	74.5	140.6	 807	OK
1724	     0	74.8	138.5	 831	OK
1725	     0	77.1	139.9	 832	OK
1726	     0	76.9	144.1	 830	OK
1727	     0	76.8	143.1	 821	OK
1728	     0	75.9	140.1	 807	OK
1729	     0	73.4	136.8	 833	OK
1730	     0	73.5	137.2	 810	OK
1731	     0	74.2	138.4	 810	OK
1732	     0	73.3	137.2	 818	OK
1733	     0	74.6	139.4	 810	OK
1734	     0	71.1	132.9	 822	OK
1735	     0	72.9	137.3	 809	OK
1736	     0	72.0	134.8	 797	OK
1737	     0	75.3	140.4	 806	OK
1738	     0	72.0	135.5	 804	OK
1739	     0	72.5	134.0	 804	OK
1740	     0	71.3	134.2	 806	OK
1741	     0	73.8	136.3	 813	OK
1742	     0	75.3	138.7	 798	OK
1743	     0	74.7	140.2	 813	OK
1744	     0	72.9	135.8	 793	OK
1745	     0	72.8	134.4	 816	OK
1746	     0	73.6	136.6	 807	OK
1747	     0	74.8	139.4	 792	OK
1748	     0	75.4	139.9	 795	OK
1749	     0	75.3	138.6	 817	OK
1750	     0	71.9	134.8	 793	OK
1751	     0	71.8	133.3	 793	OK
1752	     0	73.1	136.1	 781	OK
1753	     0	73.4	136.4	 816	OK
1754	     0	71.1	132.6	 813	OK
1755	     0	73.6	136.2	 798	OK
1756	     0	73.7	138.8	 785	OK
1757	     0	73.2	137.0	 808	OK
1758	     0	73.7	134.8	 803	OK
1759	     0	72.1	135.4	 797	OK
1760	     0	74.1	139.3	 801	OK
1761	     0	72.2	134.3	 813	OK
1762	     0	73.8	136.6	 812	OK
1763	     0	71.8	132.4	 807	OK
1764	     0	71.7	133.3	 796	OK
1765	     0	75.4	138.4	 800	OK
1766	     0	74.7	138.3	 789	OK
1767	     0	74.0	135.5	 800	OK
1768	     0	74.4	139.4	 799	OK
1769	     0	73.9	137.1	 799	OK
1770	     0	74.9	138.4	 797	OK
1771	     0	72.5	134.4	 799	OK
1772	     0	72.3	134.1	 796	OK
1773	     0	73.4	137.4	 802	OK
1774	     0	74.9	137.9	 818	OK
1775	     0	73.9	136.3	 798	OK
1776	     0	73.5	137.9	 818	OK
1777	     0	75.6	142.1	 793	OK
1778	     0	72.3	134.5	 797	OK
1779	     0	76.4	141.8	 788	OK
1780	     0	75.2	137.1	 820	OK
1781	     0	75.0	138.5	 803	OK
1782	     0	73.9	136.9	 794	OK
1783	     0	73.9	136.9	 801	OK
1784	     0	73.5	136.6	 795	OK
1785	     0	74.8	138.9	 807	OK
1786	     0	74.9	138.7	 824	OK
1787	     0	75.4	139.9	 810	OK
1788	     0	77.0	145.0	 795	OK
1789	     0	74.5	138.9	 782	OK
1790	     0	75.9	140.4	 802	OK
1791	     0	75.4	139.9	 824	OK
1792	     0	73.4	137.4	 841	OK
1793	     0	73.3	134.9	 849	OK
1794	     0	71.2	130.7	 852	OK
1795	     0	71.9	134.3	 842	OK
1796	     0	74.8	140.5	 856	OK
1797	     0	73.4	136.3	 821	OK
1798	     0	71.5	133.7	 839	OK
1799	     0	71.6	134.7	 831	OK
1800	     0	72.3	133.7	 819	OK
1801	     0	71.0	133.9	 839	OK
1802	     0	71.0	133.7	 860	OK
1803	     0	71.4	132.4	 846	OK
1804	     0	70.9	133.3	 843	OK
1805	     0	71.2	134.1	 832	OK
1806	     0	71.3	132.8	 865	OK
1807	     0	72.1	134.2	 820	OK
1808	     0	71.1	133.2	 856	OK
1809	     0	72.2	134.5	 855	OK
1810	     0	72.8	136.8	 843	OK
1811	     0	72.7	135.7	 850	OK
1812	     0	70.6	133.1	 841	OK
1813	     0	69.7	132.2	 837	OK
1814	     0	72.9	136.5	 832	OK
1815	     0	71.4	134.6	 868	OK
1816	     0	72.1	134.9	 855	OK
1817	     0	70.9	133.8	 851	OK
1818	     0	71.3	133.6	 840	OK
1819	     0	72.5	134.4	 841	OK
1820	     0	72.2	133.4	 829	OK
1821	     0	70.1	132.2	 842	OK
1822	     0	71.6	133.4	 844	OK
1823	     0	69.1	131.3	 819	OK
1824	     0	71.2	133.6	 839	OK
1825	     0	70.1	133.1	 833	OK
1826	     0	70.7	130.3	 844	OK
1827	     0	72.2	134.7	 838	OK
1828	     0	70.1	130.7	 843	OK
1829	     0	70.5	133.0	 847	OK
1830	     0	71.3	134.3	 841	OK
1831	     0	70.6	133.7	 856	OK
1832	     0	71.7	133.3	 851	OK
1833	     0	72.5	135.6	 851	OK
1834	     0	71.0	134.2	 857	OK
1835	     0	70.6	132.3	 831	OK
1836	     0	73.0	135.6	 859	OK
1837	     0	70.2	130.9	 867	OK
1838	     0	70.3	130.6	 845	OK
1839	     0	71.9	134.8	 866	OK
1840	     0	72.5	136.6	 850	OK
1841	     0	71.3	132.8	 857	OK
1842	     0	70.9	130.7	 839	OK
1843	     0	72.3	134.3	 856	OK
1844	     0	70.9	133.5	 848	OK
1845	     0	72.3	136.1	 863	OK
1846	     0	71.2	131.2	 863	OK
1847	     0	71.4	133.5	 871	OK
1848	     0	72.3	134.0	 853	OK
1849	     0	69.3	130.6	 853	OK
1850	     0	74.2	136.5	 854	OK
1851	     0	72.4	135.3	 852	OK
1852	     0	72.3	133.9	 861	OK
1853	     0	72.3	135.0	 864	OK
1854	     0	72.9	135.4	 865	OK
1855	     0	74.9	139.3	 855	OK
1856	     0	70.3	132.1	 844	OK
1857	     0	72.8	135.9	 866	OK
1858	     0	73.1	137.2	 835	OK
1859	     0	72.4	134.7	 869	OK
1860	     0	70.8	134.3	 866	OK
1861	     0	70.6	132.8	 853	OK
1862	     0	71.8	133.5	 856	OK
1863	     0	70.6	130.2	 860	OK
1864	     0	70.0	131.4	 857	OK
1865	     0	70.9	132.6	 828	OK
1866	     0	75.3	140.9	 854	OK
1867	     0	73.7	137.4	 858	OK
1868	     0	70.5	131.5	 858	OK
1869	     0	71.8	134.4	 851	OK
1870	     0	69.6	130.7	 865	OK
1871	     0	70.2	131.4	 855	OK
1872	     0	67.6	128.4	 847	OK
1873	     0	70.2	130.8	 836	OK
1874	     0	70.5	132.9	 839	OK
1875	     0	71.4	134.8	 853	OK
1876	     0	68.6	127.8	 830	OK
1877	     0	70.3	131.6	 852	OK
1878	     0	70.9	130.3	 852	OK
1879	     0	70.3	132.8	 875	OK
1880	     0	70.8	131.6	 825	OK
1881	     0	70.9	129.8	 861	OK
1882	     0	70.7	133.3	 850	OK
1883	     0	69.4	130.1	 840	OK
1884	     0	69.7	129.9	 847	OK
1885	     0	70.9	133.6	 863	OK
1886	     0	72.4	134.2	 837	OK
1887	     0	71.6	133.3	 854	OK
1888	     0	70.2	130.0	 849	OK
1889	     0	69.0	129.6	 862	OK
1890	     0	70.6	130.9	 853	OK
1891	     0	68.9	128.9	 828	OK
1892	     0	69.8	131.0	 865	OK
1893	     0	70.4	132.8	 857	OK
1894	     0	69.0	128.5	 855	OK
1895	     0	71.7	132.4	 872	OK
1896	     0	70.4	131.5	 834	OK
1897	     0	72.9	134.1	 858	OK
1898	     0	70.5	132.6	 832	OK
1899	     0	72.3	133.7	 844	OK
1900	     0	71.6	131.3	 853	OK
1901	     0	71.9	134.9	 860	OK
1902	     0	69.9	132.1	 846	OK
1903	     0	70.7	132.8	 868	OK
1904	     0	71.2	133.3	 848	OK
1905	     0	71.8	134.3	 864	OK
1906	     0	70.7	131.8	 861	OK
1907	     0	71.5	133.1	 851	OK
1908	     0	70.8	132.8	 863	OK
1909	     0	70.7	133.5	 863	OK
1910	     0	72.4	134.5	 866	OK
1911	     0	70.7	132.4	 842	OK
1912	     0	73.2	138.2	 846	OK
1913	     0	73.3	136.8	 862	OK
1914	     0	70.2	131.6	 847	OK
1915	     0	73.0	137.3	 862	OK
1916	     0	71.0	131.6	 874	OK
1917	     0	70.4	132.0	 855	OK
1918	     0	70.8	132.8	 878	OK
1919	     0	70.9	133.8	 849	OK
1920	     0	76.2	141.1	 850	OK
1921	     0	76.3	141.7	 859	OK
1922	     0	77.7	145.7	 854	OK
1923	     0	75.4	138.3	 849	OK
1924	     0	75.4	139.4	 840	OK
1925	     0	75.3	138.2	 837	OK
1926	     0	76.9	143.6	 858	OK
1927	     0	76.7	138.9	 848	OK
1928	     0	75.1	139.2	 856	OK
1929	     0	76.0	141.3	 852	OK
1930	     0	71.8	133.8	 848	OK
1931	     0	77.5	142.6	 872	OK
1932	     0	76.4	141.1	 881	OK
1933	     0	76.0	141.6	 851	OK
1934	     0	75.5	141.5	 847	OK
1935	     0	75.3	141.0	 851	OK
1936	     0	74.3	139.1	 855	OK
1937	     0	75.6	139.6	 865	OK
1938	     0	74.7	139.2	 845	OK
1939	     0	76.2	139.5	 868	OK
1940	     0	76.7	142.0	 857	OK
1941	     0	75.6	142.0	 860	OK
1942	     0	75.8	141.4	 852	OK
1943	     0	76.0	139.4	 848	OK
1944	     0	76.7	144.2	 858	OK
1945	     0	75.5	138.3	 843	OK
1946	     0	76.1	142.7	 856	OK
1947	     0	74.2	137.5	 856	OK
1948	     0	73.8	137.1	 839	OK
1949	     0	75.7	137.1	 847	OK
1950	     0	75.6	140.3	 852	OK
1951	     0	77.6	144.9	 844	OK
1952	     0	75.0	142.2	 853	OK
1953	     0	75.1	140.8	 839	OK
1954	     0	74.3	136.8	 854	OK
1955	     0	74.8	140.3	 858	OK
1956	     0	75.8	140.8	 837	OK
1957	     0	75.9	139.8	 857	OK
1958	     0	73.3	134.0	 850	OK
1959	     0	76.5	144.9	 854	OK
1960	     0	74.5	138.4	 852	OK
1961	     0	74.4	138.0	 856	OK
1962	     0	73.5	139.0	 872	OK
1963	     0	76.0	139.8	 867	OK
1964	     0	76.0	139.2	 858	OK
1965	     0	73.8	135.9	 868	OK
1966	     0	75.0	137.5	 839	OK
1967	     0	74.9	138.1	 859	OK
1968	     0	74.7	139.8	 884	OK
1969	     0	75.1	139.1	 855	OK
1970	     0	73.8	137.7	 878	OK
1971	     0	74.3	138.1	 853	OK
1972	     0	72.9	135.2	 843	OK
1973	     0	74.0	138.9	 859	OK
1974	     0	74.4	138.1	 856	OK
1975	     0	76.3	141.5	 846	OK
1976	     0	75.0	140.6	 848	OK
1977	     0	75.8	140.0	 863	OK
1978	     0	76.9	143.5	 860	OK
1979	     0	76.8	141.9	 856	OK
1980	     0	77.8	143.7	 853	OK
1981	     0	77.5	143.0	 857	OK
1982	     0	77.3	142.5	 873	OK
1983	     0	80.0	146.6	 842	OK
1984	     0	74.9	139.1	 869	OK
1985	     0	78.7	145.6	 853	OK
1986	     0	76.4	141.2	 838	OK
1987	     0	74.7	138.8	 846	OK
1988	     0	76.2	140.9	 865	OK
1989	     0	76.7	143.5	 847	OK
1990	     0	74.9	137.5	 849	OK
1991	     0	74.2	139.7	 857	OK
1992	     0	73.8	138.7	 850	OK
1993	     0	76.0	143.4	 850	OK
1994	     0	76.0	138.1	 855	OK
1995	     0	74.7	139.2	 853	OK
1996	     0	73.3	136.8	 851	OK
1997	     0	74.6	137.0	 857	OK
1998	     0	76.7	142.3	 848	OK
1999	     0	73.3	135.8	 861	OK
2000	     0	75.9	142.0	 839	OK
2001	     0	76.5	141.2	 843	OK
2002	     0	76.5	139.5	 851	OK
2003	     0	76.2	141.2	 842	OK
2004	     0	76.9	142.0	 859	OK
2005	     0	77.5	142.9	 820	OK
2006	     0	76.1	142.3	 848	OK
2007	     0	73.2	134.0	 869	OK
2008	     0	75.0	139.9	 837	OK
2009	     0	76.0	140.5	 843	OK
2010	     0	74.9	138.8	 853	OK
2011	     0	74.6	138.3	 841	OK
2012	     0	75.1	139.7	 848	OK
2013	     0	76.1	139.7	 849	OK
2014	     0	72.2	135.5	 860	OK
2015	     0	77.0	142.0	 833	OK
2016	     0	74.0	138.5	 850	OK
2017	     0	76.4	140.4	 846	OK
2018	     0	72.9	135.6	 832	OK
2019	     0	76.1	142.3	 837	OK
2020	     0	76.1	142.1	 851	OK
2021	     0	76.3	139.5	 849	OK
2022	     0	75.9	141.4	 863	OK
2023	     0	75.2	140.7	 818	OK
2024	     0	77.2	141.1	 824	OK
2025	     0	75.9	138.0	 869	OK
2026	     0	77.0	142.3	 844	OK
2027	     0	74.6	137.4	 836	OK
2028	     0	76.6	142.7	 851	OK
2029	     0	77.0	143.0	 825	OK
2030	     0	75.0	139.7	 838	OK
2031	     0	74.7	139.2	 827	OK
2032	     0	74.2	136.9	 837	OK
2033	     0	76.1	140.5	 852	OK
2034	     0	76.4	140.8	 868	OK
2035	     0	76.2	141.8	 838	OK
2036	     0	74.7	139.7	 835	OK
2037	     0	76.8	140.2	 831	OK
2038	     0	78.0	144.2	 823	OK
2039	     0	76.4	139.9	 855	OK
2040	     0	76.4	143.1	 830	OK
2041	     0	76.9	143.8	 841	OK
2042	     0	77.1	142.1	 843	OK
2043	     0	78.7	145.0	 844	OK
2044	     0	76.7	139.8	 869	OK
2045	     0	76.2	142.4	 854	OK
2046	     0	77.5	144.0	 837	OK
2047	     0	79.9	146.0	 878	OK
2048	     0	74.9	139.9	 843	OK
2049	     0	75.9	139.7	 829	OK
2050	     0	73.1	137.7	 831	OK
2051	     0	74.8	139.0	 831	OK
2052	     0	73.8	137.4	 845	OK
2053	     0	75.5	137.9	 840	OK
2054	     0	72.4	134.7	 863	OK
2055	     0	74.1	136.7	 833	OK
2056	     0	71.3	131.6	 821	OK
2057	     0	74.3	139.1	 847	OK
2058	     0	71.5	133.0	 823	OK
2059	     0	70.2	131.6	 840	OK
2060	     0	71.6	133.8	 829	OK
2061	     0	72.3	134.4	 842	OK
2062	     0	71.9	132.5	 819	OK
2063	     0	72.5	133.9	 838	OK
2064	     0	71.8	133.0	 857	OK
2065	     0	73.9	136.2	 826	OK
2066	     0	73.6	135.8	 825	OK
2067	     0	71.8	133.0	 826	OK
2068	     0	72.4	135.5	 833	OK
2069	     0	72.6	133.4	 842	OK
2070	     0	72.3	135.8	 825	OK
2071	     0	70.4	130.2	 845	OK
2072	     0	73.1	136.0	 820	OK
2073	     0	73.3	135.7	 837	OK
2074	     0	74.0	135.4	 834	OK
2075	     0	70.9	132.6	 850	OK
2076	     0	72.6	134.6	 835	OK
2077	     0	72.7	133.9	 835	OK
2078	     0	72.5	134.6	 832	OK
2079	     0	73.5	137.1	 844	OK
2080	     0	74.1	138.8	 829	OK
2081	     0	72.6	135.6	 851	OK
2082	     0	74.0	135.6	 832	OK
2083	     0	74.0	136.7	 849	OK
2084	     0	73.3	135.7	 853	OK
2085	     0	72.7	134.6	 829	OK
2086	     0	72.1	134.3	 842	OK
2087	     0	72.4	133.7	 832	OK
2088	     0	71.7	134.3	 857	OK
2089	     0	72.7	133.5	 832	OK
2090	     0	71.0	131.0	 823	OK
2091	     0	71.4	131.6	 840	OK
2092	     0	73.7	135.7	 833	OK
2093	     0	72.0	134.4	 847	OK
2094	     0	72.4	133.3	 858	OK
2095	     0	72.0	135.7	 851	OK
2096	     0	72.6	135.2	 846	OK
2097	     0	71.7	134.1	 847	OK
2098	     0	73.8	137.5	 841	OK
2099	     0	76.1	141.0	 843	OK
2100	     0	73.4	136.4	 854	OK
2101	     0	74.3	138.6	 837	OK
2102	     0	74.3	138.1	 863	OK
2103	     0	73.6	137.3	 844	OK
2104	     0	73.2	137.8	 838	OK
2105	     0	75.3	140.0	 870	OK
2106	     0	73.9	137.2	 844	OK
2107	     0	73.9	137.7	 845	OK
2108	     0	74.6	140.3	 832	OK
2109	     0	72.2	135.4	 845	OK
2110	     0	75.4	140.9	 838	OK
2111	     0	75.4	139.3	 836	OK
2112	     0	74.3	137.6	 842	OK
2113	     0	73.9	139.5	 826	OK
2114	     0	72.2	133.6	 851	OK
2115	     0	73.4	137.1	 858	OK
2116	     0	74.1	134.7	 842	OK
2117	     0	71.2	132.7	 850	OK
2118	     0	71.5	134.7	 846	OK
2119	     0	72.2	133.5	 858	OK
2120	     0	70.1	132.3	 839	OK
2121	     0	70.8	132.0	 853	OK
2122	     0	71.3	132.5	 854	OK
2123	     0	71.2	130.4	 840	OK
2124	     0	71.2	132.4	 841	OK
2125	     0	71.4	130.8	 857	OK
2126	     0	70.5	131.3	 832	OK
2127	     0	69.6	128.7	 838	OK
2128	     0	69.4	131.2	 819	OK
2129	     0	72.5	135.6	 852	OK
2130	     0	69.9	130.2	 835	OK
2131	     0	71.2	131.4	 847	OK
2132	     0	71.7	132.7	 843	OK
2133	     0	71.4	133.9	 835	OK
2134	     0	73.0	136.3	 834	OK
2135	     0	70.2	132.3	 835	OK
2136	     0	70.4	130.9	 843	OK
2137	     0	72.7	133.4	 849	OK
2138	     0	70.7	130.6	 831	OK
2139	     0	72.2	134.0	 821	OK
2140	     0	71.5	133.7	 858	OK
2141	     0	71.8	133.7	 842	OK
2142	     0	69.3	129.8	 826	OK
2143	     0	71.8	133.9	 840	OK
2144	     0	70.8	132.7	 841	OK
2145	     0	73.2	134.8	 847	OK
2146	     0	72.9	135.2	 845	OK
2147	     0	74.6	137.2	 841	OK
2148	     0	72.7	134.6	 823	OK
2149	     0	69.2	129.2	 833	OK
2150	     0	72.2	132.9	 846	OK
2151	     0	70.4	129.8	 835	OK
2152	     0	71.7	135.1	 831	OK
2153	     0	74.0	137.4	 830	OK
2154	     0	72.5	136.6	 869	OK
2155	     0	72.4	133.6	 837	OK
2156	     0	70.2	130.6	 856	OK
2157	     0	70.6	132.9	 839	OK
2158	     0	70.1	132.0	 836	OK
2159	     0	70.6	132.0	 866	OK
2160	     0	71.3	131.1	 834	OK
2161	     0	72.1	133.7	 817	OK
2162	     0	70.7	131.7	 851	OK
2163	     0	73.1	134.8	 838	OK
2164	     0	71.6	133.0	 850	OK
2165	     0	72.0	131.9	 847	OK
2166	     0	72.1	134.1	 836	OK
2167	     0	70.7	132.7	 847	OK
2168	     0	71.6	131.0	 816	OK
2169	     0	72.1	132.7	 831	OK
2170	     0	71.1	131.2	 849	OK
2171	     0	72.4	136.3	 871	OK
2172	     0	74.9	136.0	 858	OK
2173	     0	73.6	137.7	 847	OK
2174	     0	72.2	136.1	 841	OK
2175	     0	75.6	141.3	 844	OK
2176	     0	79.3	146.4	 875	OK
2177	     0	75.3	139.6	 893	OK
2178	     0	75.3	138.1	 864	OK
2179	     0	72.8	137.8	 866	OK
2180	     0	73.4	137.2	 870	OK
2181	     0	74.4	138.1	 861	OK
2182	     0	72.0	136.2	 880	OK
2183	     0	73.4	137.2	 861	OK
2184	     0	72.4	135.8	 870	OK
2185	     0	72.9	134.7	 865	OK
2186	     0	72.4	134.8	 862	OK
2187	     0	71.6	133.9	 863	OK
2188	     0	71.6	133.0	 854	OK
2189	     0	70.2	131.5	 883	OK
2190	     0	70.4	132.1	 850	OK
2191	     0	71.0	131.7	 853	OK
2192	     0	68.9	128.8	 852	OK
2193	     0	71.4	133.8	 879	OK
2194	     0	70.9	130.7	 864	OK
2195	     0	73.5	137.9	 872	OK
2196	     0	74.4	137.9	 849	OK
2197	     0	73.3	136.9	 863	OK
2198	     0	71.4	131.7	 848	OK
2199	     0	74.1	138.5	 843	OK
2200	     0	72.1	134.9	 876	OK
2201	     0	71.3	134.5	 860	OK
2202	     0	72.6	133.9	 851	OK
2203	     0	74.1	138.2	 864	OK
2204	     0	72.4	133.3	 837	OK
2205	     0	71.9	132.7	 872	OK
2206	     0	71.8	134.1	 866	OK
2207	     0	71.6	132.8	 872	OK
2208	     0	71.1	132.9	 882	OK
2209	     0	73.5	136.3	 860	OK
2210	     0	70.9	131.9	 872	OK
2211	     0	71.0	133.9	 874	OK
2212	     0	73.6	135.1	 862	OK
2213	     0	72.2	133.8	 860	OK
2214	     0	72.0	134.5	 876	OK
2215	     0	72.2	135.8	 855	OK
2216	     0	72.3	132.9	 876	OK
2217	     0	74.0	136.9	 871	OK
2218	     0	73.5	137.2	 864	OK
2219	     0	73.9	136.9	 865	OK
2220	     0	73.7	137.6	 844	OK
2221	     0	73.1	136.4	 861	OK
2222	     0	73.2	135.5	 859	OK
2223	     0	72.6	135.9	 866	OK
2224	     0	73.0	134.8	 866	OK
2225	     0	74.8	137.3	 877	OK
2226	     0	72.0	133.2	 881	OK
2227	     0	72.4	133.9	 871	OK
2228	     0	73.9	135.5	 874	OK
2229	     0	71.1	133.3	 874	OK
2230	     0	71.6	135.6	 853	OK
2231	     0	73.7	136.4	 859	OK
2232	     0	74.5	137.7	 865	OK
2233	     0	71.9	134.6	 858	OK
2234	     0	74.0	138.8	 863	OK
2235	     0	77.2	144.3	 858	OK
2236	     0	75.4	139.9	 872	OK
2237	     0	76.0	140.8	 874	OK
2238	     0	74.2	138.4	 896	OK
2239	     0	75.8	140.1	 853	OK
2240	     0	72.9	135.1	 860	OK
2241	     0	73.5	136.3	 864	OK
2242	     0	74.7	141.8	 878	OK
2243	     0	74.1	140.8	 842	OK
2244	     0	73.3	135.3	 879	OK
2245	     0	75.3	138.5	 867	OK
2246	     0	72.3	134.9	 856	OK
2247	     0	73.9	137.7	 869	OK
2248	     0	74.1	137.3	 867	OK
2249	     0	72.8	137.0	 858	OK
2250	     0	72.6	135.8	 864	OK
2251	     0	74.3	136.0	 857	OK
2252	     0	71.6	134.0	 874	OK
2253	     0	72.2	135.3	 878	OK
2254	     0	72.5	136.2	 872	OK
2255	     0	72.5	136.0	 856	OK
2256	     0	73.0	135.6	 858	OK
2257	     0	72.4	134.5	 863	OK
2258	     0	72.8	136.1	 873	OK
2259	     0	74.7	138.8	 869	OK
2260	     0	73.9	136.2	 844	OK
2261	     0	74.3	138.5	 866	OK
2262	     0	75.7	140.1	 845	OK
2263	     0	74.9	138.1	 861	OK
2264	     0	75.9	140.0	 865	OK
2265	     0	73.1	137.0	 866	OK
2266	     0	73.0	136.0	 857	OK
2267	     0	72.6	136.7	 859	OK
2268	     0	74.9	139.7	 833	OK
2269	     0	72.6	139.0	 857	OK
2270	     0	72.6	135.0	 855	OK
2271	     0	73.2	136.4	 851	OK
2272	     0	72.4	134.9	 853	OK
2273	     0	73.2	135.9	 835	OK
2274	     0	74.6	138.6	 851	OK
2275	     0	75.2	139.0	 848	OK
2276	     0	73.3	136.2	 874	OK
2277	     0	73.7	138.4	 864	OK
2278	     0	72.9	136.9	 856	OK
2279	     0	70.4	131.6	 867	OK
2280	     0	74.4	138.4	 846	OK
2281	     0	76.4	141.0	 844	OK
2282	     0	73.1	137.5	 853	OK
2283	     0	73.8	135.0	 848	OK
2284	     0	74.3	137.5	 856	OK
2285	     0	74.5	137.5	 856	OK
2286	     0	75.3	141.1	 845	OK
2287	     0	72.4	134.6	 849	OK
2288	     0	75.6	138.1	 856	OK
2289	     0	70.7	132.0	 852	OK
2290	     0	70.8	132.8	 842	OK
2291	     0	73.8	137.7	 865	OK
2292	     0	73.0	136.8	 852	OK
2293	     0	73.3	136.5	 857	OK
2294	     0	72.7	135.2	 859	OK
2295	     0	70.8	131.9	 836	OK
2296	     0	72.8	137.4	 835	OK
2297	     0	75.8	140.9	 861	OK
2298	     0	74.8	137.3	 864	OK
2299	     0	75.8	142.8	 859	OK
2300	     0	75.5	140.7	 866	OK
2301	     0	74.5	138.7	 875	OK
2302	     0	75.2	138.3	 843	OK
2303	     0	76.2	138.5	 850	OK
