#chan	code	gain	vt50	innse	comment
   0	     0	69.9	128.9	 695	OK
   1	     0	67.9	149.7	 723	OK
   2	     0	72.7	150.3	 681	OK
   3	     0	70.2	149.8	 695	OK
   4	     0	71.1	160.2	 690	OK
   5	     0	68.5	146.4	 698	OK
   6	     0	70.5	148.5	 691	OK
   7	     0	71.7	142.8	 699	OK
   8	     0	69.6	148.8	 709	OK
   9	     0	68.3	144.4	 710	OK
  10	     0	70.5	148.6	 698	OK
  11	     0	71.9	151.9	 685	OK
  12	     0	70.8	148.9	 697	OK
  13	     0	69.4	166.5	 687	OK
  14	     0	69.8	149.5	 680	OK
  15	     0	70.2	143.7	 708	OK
  16	     0	71.3	144.6	 684	OK
  17	     0	71.5	145.6	 685	OK
  18	     0	72.7	162.1	 672	OK
  19	     0	68.4	141.1	 709	OK
  20	     0	69.9	139.1	 696	OK
  21	     0	71.2	157.6	 673	OK
  22	     0	69.5	152.9	 700	OK
  23	     0	69.3	161.0	 676	OK
  24	     0	69.9	149.7	 701	OK
  25	     0	71.5	152.4	 700	OK
  26	     0	69.2	148.4	 686	OK
  27	     0	71.0	147.2	 697	OK
  28	     0	70.5	162.8	 679	OK
  29	     0	70.5	131.2	 678	OK
  30	     0	70.8	134.8	 703	OK
  31	     0	69.2	152.8	 689	OK
  32	     0	71.1	164.4	 672	OK
  33	     0	72.3	166.1	 689	OK
  34	     0	71.0	145.6	 707	OK
  35	     0	69.1	161.4	 666	OK
  36	     0	70.3	164.5	 690	OK
  37	     0	72.6	142.1	 694	OK
  38	     0	70.8	164.9	 688	OK
  39	     0	69.7	163.4	 685	OK
  40	     0	68.8	142.9	 708	OK
  41	     0	70.0	145.0	 704	OK
  42	     0	70.9	152.7	 700	OK
  43	     0	70.2	156.8	 675	OK
  44	     0	70.5	151.3	 697	OK
  45	     0	72.6	158.2	 688	OK
  46	     0	72.2	146.8	 696	OK
  47	     0	70.8	149.6	 684	OK
  48	     0	72.7	137.1	 702	OK
  49	     0	71.1	171.0	 686	OK
  50	     0	71.5	153.1	 667	OK
  51	     0	70.0	169.7	 675	OK
  52	     0	71.9	155.7	 697	OK
  53	     0	71.9	146.3	 691	OK
  54	     0	71.1	143.3	 689	OK
  55	     0	69.4	180.4	 686	OK
  56	     0	68.5	151.9	 702	OK
  57	     0	68.6	132.7	 705	OK
  58	     0	72.6	134.7	 688	OK
  59	     0	69.6	159.0	 671	OK
  60	     0	73.8	157.9	 675	OK
  61	     0	74.2	137.2	 708	OK
  62	     0	71.6	139.3	 708	OK
  63	     0	73.2	151.3	 674	OK
  64	     0	74.4	157.4	 665	OK
  65	     0	73.7	131.2	 686	OK
  66	     0	73.5	149.6	 693	OK
  67	     0	72.2	143.5	 691	OK
  68	     0	73.1	140.2	 691	OK
  69	     0	70.9	137.1	 697	OK
  70	     0	72.7	149.8	 691	OK
  71	     0	70.7	140.7	 698	OK
  72	     0	72.1	146.0	 701	OK
  73	     0	70.9	133.2	 689	OK
  74	     0	71.3	150.6	 671	OK
  75	     0	72.0	135.4	 679	OK
  76	     0	70.3	147.3	 708	OK
  77	     0	72.2	154.4	 692	OK
  78	     0	75.4	160.7	 673	OK
  79	     0	72.1	136.0	 665	OK
  80	     0	70.4	144.7	 694	OK
  81	     0	73.0	145.2	 678	OK
  82	     0	70.2	136.7	 704	OK
  83	     0	70.8	154.1	 684	OK
  84	     0	75.4	159.1	 689	OK
  85	     0	69.8	140.1	 703	OK
  86	     0	71.2	136.0	 697	OK
  87	     0	71.0	146.3	 695	OK
  88	     0	73.0	146.5	 693	OK
  89	     0	70.8	160.1	 665	OK
  90	     0	71.6	134.0	 681	OK
  91	     0	70.9	158.6	 654	OK
  92	     0	71.6	158.6	 677	OK
  93	     0	71.4	145.9	 694	OK
  94	     0	70.1	154.4	 676	OK
  95	     0	71.6	145.8	 698	OK
  96	     0	72.9	153.9	 675	OK
  97	     0	71.5	170.2	 662	OK
  98	     0	71.1	148.8	 675	OK
  99	     0	71.9	147.7	 668	OK
 100	     0	71.7	140.5	 690	OK
 101	     0	73.1	152.5	 675	OK
 102	     0	72.4	169.6	 659	OK
 103	     0	69.7	150.3	 683	OK
 104	     0	72.7	159.9	 654	OK
 105	     0	72.7	161.2	 642	OK
 106	     0	71.2	155.7	 687	OK
 107	     0	72.7	135.7	 671	OK
 108	     0	72.8	159.3	 666	OK
 109	     0	71.3	147.5	 695	OK
 110	     0	70.1	153.5	 683	OK
 111	     0	73.2	158.4	 651	OK
 112	     0	71.9	142.8	 679	OK
 113	     0	69.7	150.0	 699	OK
 114	     0	71.3	149.6	 656	OK
 115	     0	72.6	145.3	 681	OK
 116	     0	72.6	149.0	 680	OK
 117	     0	70.3	131.9	 673	OK
 118	     0	71.8	148.6	 669	OK
 119	     0	73.6	150.3	 656	OK
 120	     0	70.6	147.1	 680	OK
 121	     0	71.3	154.1	 660	OK
 122	     0	71.1	146.2	 679	OK
 123	     0	72.7	163.2	 665	OK
 124	     0	73.6	154.9	 674	OK
 125	     0	72.3	152.4	 664	OK
 126	     0	74.5	164.3	 666	OK
 127	     0	73.6	142.0	 697	OK
 128	     0	74.8	156.0	 667	OK
 129	     0	72.7	154.3	 673	OK
 130	     0	73.6	145.7	 667	OK
 131	     0	76.6	155.4	 661	OK
 132	     0	75.4	134.9	 678	OK
 133	     0	74.4	155.8	 668	OK
 134	     0	75.3	136.1	 676	OK
 135	     0	71.1	155.8	 658	OK
 136	     0	74.5	147.1	 673	OK
 137	     0	74.2	139.7	 693	OK
 138	     0	73.3	149.1	 667	OK
 139	     0	73.7	135.6	 657	OK
 140	     0	73.7	124.6	 654	OK
 141	     0	72.9	152.2	 671	OK
 142	     0	75.5	135.5	 664	OK
 143	     0	74.6	167.6	 662	OK
 144	     0	75.0	155.3	 672	OK
 145	     0	73.2	160.6	 643	OK
 146	     0	75.0	154.8	 671	OK
 147	     0	71.9	141.4	 686	OK
 148	     0	74.6	155.8	 668	OK
 149	     0	74.7	153.7	 672	OK
 150	     0	76.1	154.6	 652	OK
 151	     0	72.5	154.2	 654	OK
 152	     0	71.5	146.5	 675	OK
 153	     0	74.6	140.7	 681	OK
 154	     0	75.1	159.6	 661	OK
 155	     0	73.5	146.4	 670	OK
 156	     0	74.2	145.2	 669	OK
 157	     0	73.9	179.5	 652	OK
 158	     0	74.0	152.6	 671	OK
 159	     0	74.4	135.8	 665	OK
 160	     0	74.5	175.2	 643	OK
 161	     0	75.5	136.0	 666	OK
 162	     0	73.8	146.1	 671	OK
 163	     0	74.0	133.1	 664	OK
 164	     0	73.1	153.4	 665	OK
 165	     0	74.3	139.6	 659	OK
 166	     0	75.5	138.2	 667	OK
 167	     0	73.5	164.6	 643	OK
 168	     0	73.8	158.1	 658	OK
 169	     0	75.7	166.6	 634	OK
 170	     0	76.4	165.2	 654	OK
 171	     0	70.4	155.0	 658	OK
 172	     0	74.6	179.6	 648	OK
 173	     0	74.3	160.4	 657	OK
 174	     0	75.5	146.8	 668	OK
 175	     0	73.4	155.4	 664	OK
 176	     0	76.3	162.5	 649	OK
 177	     0	74.1	144.4	 651	OK
 178	     0	73.0	152.2	 654	OK
 179	     0	75.0	162.6	 632	OK
 180	     0	74.5	147.4	 666	OK
 181	     0	75.8	151.3	 643	OK
 182	     0	74.4	166.9	 638	OK
 183	     0	75.2	157.9	 632	OK
 184	     0	76.0	163.6	 640	OK
 185	     0	76.2	136.3	 649	OK
 186	     0	76.1	165.4	 630	OK
 187	     0	74.3	154.4	 657	OK
 188	     0	73.8	152.0	 657	OK
 189	     0	78.2	152.2	 662	OK
 190	     0	75.4	165.5	 631	OK
 191	     0	76.4	147.4	 653	OK
 192	     0	76.6	164.6	 646	OK
 193	     0	74.7	143.1	 652	OK
 194	     0	77.3	133.4	 641	OK
 195	     0	75.7	150.6	 657	OK
 196	     0	75.4	133.1	 652	OK
 197	     0	74.9	175.6	 649	OK
 198	     0	73.8	158.7	 643	OK
 199	     0	75.9	148.8	 660	OK
 200	     0	73.6	155.7	 658	OK
 201	     0	74.3	140.6	 661	OK
 202	     0	72.0	142.9	 661	OK
 203	     0	73.1	145.4	 663	OK
 204	     0	75.3	159.7	 647	OK
 205	     0	75.6	150.4	 658	OK
 206	     0	73.2	154.8	 642	OK
 207	     0	74.2	147.1	 653	OK
 208	     0	71.9	132.4	 661	OK
 209	     0	75.7	145.5	 665	OK
 210	     0	77.8	149.8	 669	OK
 211	     0	74.1	162.6	 639	OK
 212	     0	72.4	141.6	 657	OK
 213	     0	73.5	142.6	 665	OK
 214	     0	76.8	140.7	 658	OK
 215	     0	73.3	149.8	 666	OK
 216	     0	74.7	167.2	 638	OK
 217	     0	75.9	144.7	 659	OK
 218	     0	76.1	148.5	 651	OK
 219	     0	72.6	158.3	 637	OK
 220	     0	75.7	157.6	 629	OK
 221	     0	70.9	134.0	 655	OK
 222	     0	75.0	155.2	 652	OK
 223	     0	74.2	161.9	 635	OK
 224	     0	73.5	154.5	 640	OK
 225	     0	74.4	154.8	 638	OK
 226	     0	72.9	142.0	 663	OK
 227	     0	72.9	151.8	 646	OK
 228	     0	73.1	136.5	 660	OK
 229	     0	75.8	155.8	 642	OK
 230	     0	73.7	141.5	 662	OK
 231	     0	74.3	153.1	 659	OK
 232	     0	74.5	162.5	 635	OK
 233	     0	74.2	141.8	 650	OK
 234	     0	75.0	142.6	 652	OK
 235	     0	74.9	146.7	 682	OK
 236	     0	73.5	137.9	 659	OK
 237	     0	76.3	145.0	 638	OK
 238	     0	74.3	144.3	 644	OK
 239	     0	72.5	150.4	 662	OK
 240	     0	75.7	143.3	 646	OK
 241	     0	76.4	150.4	 659	OK
 242	     0	71.3	157.2	 644	OK
 243	     0	74.0	154.3	 661	OK
 244	     0	78.2	152.6	 673	OK
 245	     0	76.0	156.8	 655	OK
 246	     0	74.1	152.0	 655	OK
 247	     0	75.1	154.9	 670	OK
 248	     0	76.6	159.7	 654	OK
 249	     0	73.1	144.5	 674	OK
 250	     0	72.2	141.5	 655	OK
 251	     0	74.4	161.5	 663	OK
 252	     0	71.3	154.6	 659	OK
 253	     0	72.8	158.9	 651	OK
 254	     0	76.0	155.7	 643	OK
 255	     0	74.1	155.0	 656	OK
 256	     0	75.5	146.8	 695	OK
 257	     0	77.0	156.5	 638	OK
 258	     0	76.1	150.6	 673	OK
 259	     0	76.9	157.3	 651	OK
 260	     0	76.3	130.7	 656	OK
 261	     0	76.5	153.4	 658	OK
 262	     0	76.2	142.3	 662	OK
 263	     0	75.4	165.6	 639	OK
 264	     0	74.2	172.8	 649	OK
 265	     0	75.7	169.5	 634	OK
 266	     0	76.0	156.4	 652	OK
 267	     0	75.6	153.2	 639	OK
 268	     0	71.2	158.6	 655	OK
 269	     0	74.5	163.4	 647	OK
 270	     0	74.9	159.7	 644	OK
 271	     0	74.7	148.2	 655	OK
 272	     0	74.8	162.5	 635	OK
 273	     0	76.2	144.2	 656	OK
 274	     0	76.6	160.7	 656	OK
 275	     0	73.2	138.5	 675	OK
 276	     0	74.1	153.4	 673	OK
 277	     0	75.8	147.9	 656	OK
 278	     0	75.4	149.1	 645	OK
 279	     0	73.0	135.4	 659	OK
 280	     0	74.9	133.8	 667	OK
 281	     0	75.0	144.8	 668	OK
 282	     0	75.6	129.4	 639	OK
 283	     0	76.6	150.4	 655	OK
 284	     0	75.3	169.1	 649	OK
 285	     0	76.9	156.3	 646	OK
 286	     0	76.2	159.1	 654	OK
 287	     0	75.2	173.3	 633	OK
 288	     0	75.2	145.6	 669	OK
 289	     0	74.8	158.5	 639	OK
 290	     0	76.1	153.3	 640	OK
 291	     0	75.8	164.7	 639	OK
 292	     0	75.7	133.3	 661	OK
 293	     0	73.6	151.5	 655	OK
 294	     0	77.2	153.9	 642	OK
 295	     0	75.3	160.4	 656	OK
 296	     0	73.5	147.8	 661	OK
 297	     0	75.5	169.2	 638	OK
 298	     0	75.3	163.8	 640	OK
 299	     0	73.9	160.5	 653	OK
 300	     0	77.2	162.2	 632	OK
 301	     0	75.7	148.1	 650	OK
 302	     0	77.0	162.4	 663	OK
 303	     0	76.9	151.3	 653	OK
 304	     0	75.2	155.9	 664	OK
 305	     0	75.9	181.9	 644	OK
 306	     0	74.6	169.0	 636	OK
 307	     0	78.6	165.0	 634	OK
 308	     0	76.8	172.6	 667	OK
 309	     0	76.8	139.0	 677	OK
 310	     0	76.3	168.3	 658	OK
 311	     0	76.6	148.4	 666	OK
 312	     0	75.5	156.7	 681	OK
 313	     0	77.2	150.6	 666	OK
 314	     0	78.6	151.2	 664	OK
 315	     0	75.6	160.1	 654	OK
 316	     0	76.1	161.1	 673	OK
 317	     0	77.1	157.6	 665	OK
 318	     0	77.5	171.3	 643	OK
 319	     0	76.5	149.7	 671	OK
 320	     0	76.7	159.2	 649	OK
 321	     0	76.8	151.1	 660	OK
 322	     0	76.7	156.9	 647	OK
 323	     0	75.1	147.4	 674	OK
 324	     0	75.9	165.2	 641	OK
 325	     0	74.9	155.7	 660	OK
 326	     0	76.5	165.1	 635	OK
 327	     0	76.5	170.1	 656	OK
 328	     0	76.2	166.4	 644	OK
 329	     0	75.0	161.6	 650	OK
 330	     0	77.5	156.0	 658	OK
 331	     0	74.7	148.6	 653	OK
 332	     0	76.8	147.9	 654	OK
 333	     0	76.1	159.5	 653	OK
 334	     0	75.1	157.2	 669	OK
 335	     0	76.1	146.6	 661	OK
 336	     0	76.3	149.8	 675	OK
 337	     0	76.0	146.1	 658	OK
 338	     0	78.2	145.8	 673	OK
 339	     0	74.9	149.9	 656	OK
 340	     0	77.7	165.0	 647	OK
 341	     0	76.0	171.7	 627	OK
 342	     0	74.5	148.7	 656	OK
 343	     0	74.1	162.3	 641	OK
 344	     0	77.8	171.1	 653	OK
 345	     0	75.6	161.5	 643	OK
 346	     0	75.6	141.1	 666	OK
 347	     0	76.8	160.2	 616	OK
 348	     0	76.6	177.1	 646	OK
 349	     0	78.1	159.3	 625	OK
 350	     0	75.7	154.5	 633	OK
 351	     0	75.0	159.2	 632	OK
 352	     0	74.9	161.1	 649	OK
 353	     0	76.9	154.4	 646	OK
 354	     0	77.4	150.7	 635	OK
 355	     0	77.6	158.2	 640	OK
 356	     0	75.5	157.3	 640	OK
 357	     0	77.6	155.1	 638	OK
 358	     0	76.9	158.6	 632	OK
 359	     0	75.3	160.7	 638	OK
 360	     0	77.9	161.8	 638	OK
 361	     0	74.5	138.2	 650	OK
 362	     0	75.3	156.2	 629	OK
 363	     0	75.6	153.4	 669	OK
 364	     0	75.4	161.0	 639	OK
 365	     0	75.3	128.7	 639	OK
 366	     0	76.7	163.5	 638	OK
 367	     0	77.3	186.3	 618	OK
 368	     0	77.6	155.4	 659	OK
 369	     0	74.8	147.4	 658	OK
 370	     0	76.8	164.7	 637	OK
 371	     0	75.4	157.5	 634	OK
 372	     0	74.2	165.0	 653	OK
 373	     0	77.4	155.4	 650	OK
 374	     0	74.9	151.3	 646	OK
 375	     0	77.9	146.6	 666	OK
 376	     0	74.7	146.3	 665	OK
 377	     0	75.5	158.5	 645	OK
 378	     0	79.2	166.7	 629	OK
 379	     0	75.0	155.5	 667	OK
 380	     0	74.1	153.2	 660	OK
 381	     0	77.6	154.1	 638	OK
 382	     0	77.5	147.8	 662	OK
 383	     0	77.8	160.2	 618	OK
 384	     0	77.4	160.4	 622	OK
 385	     0	76.2	137.3	 658	OK
 386	     0	74.4	156.7	 656	OK
 387	     0	74.8	149.0	 633	OK
 388	     0	76.3	145.5	 644	OK
 389	     0	74.6	160.8	 637	OK
 390	     0	72.3	135.7	 665	OK
 391	     0	73.7	136.8	 656	OK
 392	     0	74.5	144.9	 652	OK
 393	     0	73.9	127.2	 632	OK
 394	     0	72.9	158.1	 651	OK
 395	     0	74.0	147.9	 663	OK
 396	     0	73.4	148.1	 645	OK
 397	     0	73.6	140.4	 659	OK
 398	     0	72.7	140.4	 642	OK
 399	     0	74.2	134.3	 666	OK
 400	     0	75.7	139.7	 633	OK
 401	     0	74.7	154.5	 652	OK
 402	     0	74.5	124.4	 620	OK
 403	     0	70.6	136.5	 648	OK
 404	     0	72.6	134.4	 667	OK
 405	     0	72.1	158.6	 633	OK
 406	     0	75.1	149.6	 636	OK
 407	     0	72.9	153.2	 637	OK
 408	     0	76.0	140.6	 662	OK
 409	     0	72.0	148.1	 657	OK
 410	     0	71.7	118.7	 653	OK
 411	     0	74.5	146.1	 656	OK
 412	     0	74.9	128.6	 640	OK
 413	     0	74.9	150.0	 646	OK
 414	     0	73.8	142.4	 648	OK
 415	     0	72.3	141.2	 663	OK
 416	     0	74.6	134.2	 675	OK
 417	     0	74.1	137.5	 668	OK
 418	     0	74.1	148.7	 638	OK
 419	     0	73.6	129.3	 646	OK
 420	     0	73.9	139.6	 669	OK
 421	     0	73.9	144.5	 653	OK
 422	     0	74.6	123.3	 636	OK
 423	     0	68.1	131.6	 641	OK
 424	     0	72.0	136.1	 668	OK
 425	     0	72.5	152.8	 654	OK
 426	     0	74.1	153.5	 656	OK
 427	     0	70.9	140.5	 668	OK
 428	     0	72.1	143.3	 672	OK
 429	     0	74.1	156.8	 648	OK
 430	     0	74.4	149.3	 643	OK
 431	     0	74.2	129.8	 657	OK
 432	     0	70.8	133.0	 649	OK
 433	     0	73.0	147.5	 658	OK
 434	     0	73.5	158.7	 650	OK
 435	     0	73.7	143.4	 667	OK
 436	     0	72.3	145.8	 661	OK
 437	     0	73.8	150.9	 647	OK
 438	     0	71.7	139.5	 651	OK
 439	     0	74.2	136.2	 649	OK
 440	     0	73.5	129.8	 654	OK
 441	     0	73.8	156.4	 648	OK
 442	     0	73.7	153.5	 645	OK
 443	     0	73.2	149.1	 664	OK
 444	     0	75.5	160.5	 633	OK
 445	     0	72.5	139.2	 660	OK
 446	     0	74.4	137.2	 664	OK
 447	     0	72.5	150.3	 667	OK
 448	     0	75.3	149.0	 660	OK
 449	     0	74.3	154.2	 645	OK
 450	     0	74.1	144.5	 666	OK
 451	     0	73.3	151.2	 648	OK
 452	     0	73.9	140.1	 655	OK
 453	     0	73.4	176.1	 644	OK
 454	     0	71.8	148.8	 658	OK
 455	     0	73.2	150.2	 630	OK
 456	     0	72.0	150.7	 671	OK
 457	     0	72.3	162.6	 651	OK
 458	     0	71.8	154.3	 644	OK
 459	     0	72.7	149.2	 666	OK
 460	     0	74.1	161.1	 658	OK
 461	     0	71.4	153.5	 648	OK
 462	     0	72.4	129.2	 643	OK
 463	     0	72.4	124.4	 645	OK
 464	     0	72.7	135.4	 639	OK
 465	     0	72.0	134.7	 666	OK
 466	     0	74.4	149.5	 653	OK
 467	     0	71.5	152.3	 661	OK
 468	     0	70.9	156.0	 651	OK
 469	     0	72.7	144.0	 654	OK
 470	     0	74.2	124.7	 628	OK
 471	     0	75.3	166.2	 616	OK
 472	     0	74.4	134.7	 665	OK
 473	     0	72.4	139.2	 668	OK
 474	     0	72.0	142.9	 671	OK
 475	     0	73.7	151.7	 682	OK
 476	     0	72.5	154.9	 675	OK
 477	     0	74.5	145.8	 665	OK
 478	     0	74.2	144.6	 664	OK
 479	     0	72.3	138.7	 642	OK
 480	     0	73.1	142.0	 666	OK
 481	     0	74.4	145.9	 657	OK
 482	     0	72.3	146.9	 662	OK
 483	     0	70.2	117.6	 656	OK
 484	     0	72.9	150.4	 665	OK
 485	     0	72.8	150.2	 654	OK
 486	     0	72.5	159.1	 658	OK
 487	     0	73.8	158.1	 653	OK
 488	     0	73.2	155.2	 669	OK
 489	     0	73.1	145.8	 669	OK
 490	     0	72.4	147.6	 660	OK
 491	     0	71.8	149.0	 669	OK
 492	     0	73.4	143.1	 677	OK
 493	     0	72.5	157.6	 666	OK
 494	     0	72.8	125.1	 639	OK
 495	     0	73.3	151.2	 663	OK
 496	     0	74.8	141.2	 671	OK
 497	     0	74.4	145.9	 659	OK
 498	     0	71.4	141.6	 667	OK
 499	     0	74.2	147.4	 664	OK
 500	     0	73.9	130.6	 652	OK
 501	     0	71.8	133.4	 650	OK
 502	     0	73.7	162.1	 633	OK
 503	     0	71.5	144.2	 666	OK
 504	     0	74.5	163.7	 633	OK
 505	     0	73.4	149.0	 657	OK
 506	     0	72.6	149.3	 641	OK
 507	     0	73.9	148.5	 652	OK
 508	     0	74.1	146.9	 640	OK
 509	     0	73.6	167.3	 643	OK
 510	     0	74.2	158.3	 652	OK
 511	     0	75.8	177.4	 644	OK
 512	     0	67.8	146.8	 706	OK
 513	     0	71.1	161.8	 705	OK
 514	     0	71.2	155.2	 712	OK
 515	     0	71.8	147.8	 731	OK
 516	     0	68.7	156.6	 720	OK
 517	     0	72.9	173.8	 721	OK
 518	     0	68.8	144.7	 720	OK
 519	     0	67.5	148.7	 724	OK
 520	     0	69.6	163.9	 706	OK
 521	     0	68.9	155.2	 710	OK
 522	     0	72.3	138.6	 724	OK
 523	     0	71.7	153.1	 702	OK
 524	     0	69.5	165.9	 718	OK
 525	     0	69.9	152.5	 733	OK
 526	     0	71.8	141.9	 719	OK
 527	     0	70.8	145.3	 722	OK
 528	     0	70.3	168.2	 716	OK
 529	     0	69.7	151.8	 742	OK
 530	     0	71.4	164.4	 711	OK
 531	     0	67.1	156.7	 743	OK
 532	     0	70.7	148.7	 743	OK
 533	     0	67.8	153.7	 720	OK
 534	     0	69.4	150.9	 736	OK
 535	     0	69.6	134.7	 732	OK
 536	     0	70.5	149.8	 728	OK
 537	     0	70.9	144.9	 737	OK
 538	     0	71.7	151.5	 723	OK
 539	     0	72.3	135.5	 715	OK
 540	     0	72.2	154.0	 748	OK
 541	     0	72.8	140.8	 740	OK
 542	     0	72.1	171.0	 724	OK
 543	     0	70.2	144.3	 756	OK
 544	     0	71.2	135.5	 730	OK
 545	     0	70.3	165.0	 697	OK
 546	     0	68.3	152.5	 739	OK
 547	     0	72.1	145.9	 731	OK
 548	     0	72.3	140.9	 735	OK
 549	     0	69.6	153.8	 732	OK
 550	     0	70.8	139.5	 731	OK
 551	     0	67.5	164.0	 700	OK
 552	     0	67.7	155.1	 705	OK
 553	     0	70.2	166.2	 719	OK
 554	     0	70.4	141.8	 717	OK
 555	     0	69.5	147.2	 724	OK
 556	     0	71.5	151.4	 728	OK
 557	     0	71.1	169.7	 710	OK
 558	     0	72.6	142.5	 729	OK
 559	     0	70.4	133.2	 734	OK
 560	     0	68.8	143.0	 741	OK
 561	     0	70.7	140.8	 711	OK
 562	     0	72.2	148.2	 724	OK
 563	     0	71.8	156.1	 717	OK
 564	     0	70.4	157.0	 717	OK
 565	     0	72.3	156.4	 715	OK
 566	     0	71.9	150.4	 719	OK
 567	     0	71.1	151.3	 717	OK
 568	     0	69.9	162.1	 706	OK
 569	     0	69.9	148.7	 729	OK
 570	     0	72.0	156.3	 717	OK
 571	     0	71.1	140.0	 733	OK
 572	     0	71.2	157.8	 719	OK
 573	     0	70.1	143.5	 711	OK
 574	     0	70.7	150.3	 725	OK
 575	     0	74.3	151.5	 710	OK
 576	     0	74.4	155.0	 691	OK
 577	     0	70.9	157.4	 708	OK
 578	     0	71.9	146.2	 728	OK
 579	     0	73.0	132.9	 696	OK
 580	     0	72.9	160.8	 698	OK
 581	     0	73.2	137.3	 709	OK
 582	     0	71.3	155.8	 698	OK
 583	     0	72.0	177.3	 678	OK
 584	     0	70.1	139.0	 696	OK
 585	     0	71.6	152.3	 719	OK
 586	     0	71.4	146.1	 716	OK
 587	     0	72.1	142.0	 736	OK
 588	     0	72.7	159.5	 699	OK
 589	     0	73.1	160.5	 713	OK
 590	     0	72.0	166.0	 684	OK
 591	     0	70.8	143.6	 703	OK
 592	     0	71.5	146.2	 697	OK
 593	     0	70.3	134.1	 719	OK
 594	     0	70.6	144.7	 714	OK
 595	     0	68.6	145.0	 701	OK
 596	     0	69.6	152.6	 691	OK
 597	     0	71.4	142.3	 702	OK
 598	     0	71.6	137.2	 697	OK
 599	     0	68.6	159.2	 699	OK
 600	     0	72.1	153.1	 704	OK
 601	     0	69.5	160.9	 689	OK
 602	     0	69.6	147.6	 715	OK
 603	     0	71.1	167.4	 674	OK
 604	     0	67.9	135.0	 683	OK
 605	     0	70.3	148.1	 707	OK
 606	     0	70.9	170.6	 674	OK
 607	     0	70.5	128.8	 659	OK
 608	     0	70.5	172.1	 682	OK
 609	     0	72.1	152.4	 683	OK
 610	     0	69.5	153.6	 649	OK
 611	     0	71.5	162.2	 666	OK
 612	     0	69.7	155.9	 674	OK
 613	     0	70.1	149.8	 677	OK
 614	     0	70.8	144.8	 689	OK
 615	     0	71.2	149.5	 680	OK
 616	     0	70.0	156.4	 675	OK
 617	     0	69.9	146.7	 673	OK
 618	     0	71.6	142.6	 657	OK
 619	     0	70.3	138.4	 663	OK
 620	     0	71.2	127.6	 650	OK
 621	     0	71.3	145.7	 670	OK
 622	     0	71.2	160.0	 662	OK
 623	     0	69.2	160.4	 647	OK
 624	     0	70.7	159.1	 657	OK
 625	     0	71.3	157.7	 655	OK
 626	     0	74.7	157.3	 630	OK
 627	     0	70.4	156.0	 671	OK
 628	     0	70.7	143.0	 687	OK
 629	     0	70.0	162.8	 643	OK
 630	     0	73.2	167.5	 630	OK
 631	     0	73.9	142.9	 658	OK
 632	     0	72.8	146.7	 659	OK
 633	     0	72.8	158.4	 675	OK
 634	     0	71.8	158.5	 654	OK
 635	     0	69.6	150.3	 662	OK
 636	     0	72.3	154.2	 659	OK
 637	     0	72.0	124.5	 655	OK
 638	     0	70.9	157.1	 659	OK
 639	     0	69.5	141.5	 670	OK
 640	     0	67.6	142.5	 837	OK
 641	     0	69.4	136.3	 839	OK
 642	     0	67.4	163.5	 818	OK
 643	     0	71.3	158.9	 805	OK
 644	     0	68.1	135.1	 816	OK
 645	     0	68.5	125.7	 804	OK
 646	     0	66.3	147.4	 807	OK
 647	     0	69.7	135.2	 841	OK
 648	     0	71.8	154.9	 808	OK
 649	     0	70.4	132.0	 852	OK
 650	     0	68.5	137.5	 833	OK
 651	     0	67.5	131.3	 838	OK
 652	     0	67.0	134.5	 844	OK
 653	     0	68.3	151.4	 826	OK
 654	     0	68.3	149.6	 841	OK
 655	     0	69.8	150.3	 811	OK
 656	     0	67.6	143.2	 842	OK
 657	     0	66.3	155.0	 809	OK
 658	     0	68.2	125.2	 786	OK
 659	     0	70.1	125.8	 827	OK
 660	     0	67.9	136.3	 833	OK
 661	     0	67.6	112.1	 785	OK
 662	     0	69.8	151.3	 813	OK
 663	     0	67.4	138.0	 832	OK
 664	     0	65.8	151.1	 811	OK
 665	     0	65.6	156.9	 819	OK
 666	     0	68.0	155.1	 815	OK
 667	     0	69.9	157.1	 781	OK
 668	     0	66.9	158.9	 783	OK
 669	     0	72.6	123.3	 784	OK
 670	     0	66.6	139.4	 819	OK
 671	     0	70.7	186.0	 787	OK
 672	     0	69.4	136.4	 819	OK
 673	     0	70.5	149.7	 805	OK
 674	     0	70.2	162.5	 782	OK
 675	     0	69.5	155.1	 800	OK
 676	     0	69.4	154.3	 802	OK
 677	     0	68.6	132.1	 803	OK
 678	     0	65.6	140.8	 805	OK
 679	     0	65.6	169.2	 791	OK
 680	     0	66.9	135.2	 804	OK
 681	     0	69.7	139.4	 796	OK
 682	     0	68.7	133.8	 797	OK
 683	     0	67.1	142.3	 806	OK
 684	     0	66.9	144.6	 809	OK
 685	     0	69.3	138.8	 791	OK
 686	     0	66.7	134.4	 799	OK
 687	     0	66.7	139.0	 801	OK
 688	     0	69.3	136.1	 796	OK
 689	     0	69.2	128.4	 768	OK
 690	     0	69.5	147.8	 772	OK
 691	     0	70.9	138.4	 804	OK
 692	     0	68.3	145.7	 809	OK
 693	     0	70.5	149.3	 802	OK
 694	     0	73.0	141.1	 806	OK
 695	     0	72.8	129.8	 765	OK
 696	     0	68.9	140.2	 815	OK
 697	     0	68.8	134.7	 799	OK
 698	     0	71.9	156.4	 790	OK
 699	     0	68.7	151.9	 775	OK
 700	     0	70.4	153.9	 781	OK
 701	     0	70.0	150.3	 781	OK
 702	     0	70.8	149.2	 799	OK
 703	     0	68.7	138.7	 799	OK
 704	     0	70.1	125.2	 793	OK
 705	     0	70.9	136.2	 786	OK
 706	     0	71.0	117.8	 773	OK
 707	     0	68.9	152.8	 794	OK
 708	     0	67.2	146.4	 779	OK
 709	     0	69.2	138.5	 796	OK
 710	     0	68.0	129.8	 770	OK
 711	     0	66.8	138.8	 789	OK
 712	     0	67.4	138.6	 776	OK
 713	     0	68.8	143.6	 794	OK
 714	     0	67.7	138.3	 772	OK
 715	     0	70.0	142.1	 775	OK
 716	     0	69.5	156.5	 776	OK
 717	     0	70.4	153.4	 767	OK
 718	     0	68.4	159.7	 785	OK
 719	     0	69.3	137.3	 775	OK
 720	     0	69.7	124.8	 747	OK
 721	     0	69.3	143.2	 796	OK
 722	     0	70.1	139.7	 765	OK
 723	     0	67.1	136.7	 779	OK
 724	     0	67.4	137.7	 786	OK
 725	     0	66.8	146.3	 779	OK
 726	     0	69.9	141.3	 755	OK
 727	     0	66.2	132.3	 765	OK
 728	     0	67.6	140.7	 740	OK
 729	     0	69.6	152.4	 746	OK
 730	     0	69.5	143.5	 762	OK
 731	     0	70.4	141.4	 745	OK
 732	     0	69.4	127.8	 732	OK
 733	     0	68.1	123.2	 722	OK
 734	     0	68.4	144.8	 746	OK
 735	     0	68.3	143.4	 739	OK
 736	     0	68.0	142.5	 747	OK
 737	     0	68.2	124.2	 709	OK
 738	     0	68.5	133.9	 742	OK
 739	     0	67.8	130.7	 734	OK
 740	     0	65.5	134.5	 756	OK
 741	     0	69.7	157.7	 705	OK
 742	     0	66.2	144.4	 748	OK
 743	     0	69.4	148.8	 727	OK
 744	     0	68.5	139.6	 725	OK
 745	     0	67.7	143.2	 721	OK
 746	     0	68.7	154.1	 721	OK
 747	     0	66.6	127.1	 714	OK
 748	     0	69.9	138.9	 740	OK
 749	     0	68.2	130.5	 720	OK
 750	     0	66.2	138.8	 732	OK
 751	     0	67.6	149.2	 708	OK
 752	     0	68.7	123.8	 703	OK
 753	     0	67.4	135.3	 710	OK
 754	     0	66.3	141.4	 735	OK
 755	     0	68.4	155.2	 706	OK
 756	     0	67.0	133.6	 739	OK
 757	     0	66.3	128.2	 691	OK
 758	     0	65.2	121.2	 678	OK
 759	     0	69.5	144.7	 705	OK
 760	     0	67.2	134.8	 715	OK
 761	     0	67.0	123.6	 702	OK
 762	     0	66.0	142.0	 723	OK
 763	     0	67.1	137.1	 723	OK
 764	     0	68.7	156.3	 706	OK
 765	     0	69.0	136.8	 702	OK
 766	     0	68.1	153.5	 720	OK
 767	     0	66.8	130.4	 707	OK
 768	     0	77.5	152.3	 723	OK
 769	     0	77.1	150.6	 694	OK
 770	     0	78.3	136.8	 695	OK
 771	     0	76.5	170.2	 681	OK
 772	     0	77.1	165.2	 691	OK
 773	     0	75.9	148.5	 724	OK
 774	     0	77.1	147.6	 708	OK
 775	     0	76.9	162.0	 688	OK
 776	     0	76.5	164.7	 668	OK
 777	     0	75.1	148.9	 718	OK
 778	     0	78.9	165.1	 659	OK
 779	     0	76.7	123.4	 689	OK
 780	     0	76.0	147.1	 710	OK
 781	     0	76.5	140.1	 725	OK
 782	     0	76.9	140.4	 713	OK
 783	     0	75.8	163.7	 683	OK
 784	     0	74.8	152.3	 705	OK
 785	     0	78.2	162.3	 674	OK
 786	     0	77.9	158.4	 686	OK
 787	     0	77.0	147.3	 703	OK
 788	     0	74.8	160.9	 689	OK
 789	     0	76.2	148.1	 706	OK
 790	     0	76.6	148.2	 696	OK
 791	     0	76.2	143.4	 715	OK
 792	     0	76.4	145.2	 715	OK
 793	     0	73.8	126.3	 704	OK
 794	     0	75.9	159.5	 686	OK
 795	     0	76.6	152.3	 692	OK
 796	     0	75.8	138.6	 711	OK
 797	     0	74.3	135.8	 693	OK
 798	     0	75.5	124.5	 687	OK
 799	     0	75.9	153.9	 686	OK
 800	     0	77.5	144.5	 700	OK
 801	     0	76.4	145.1	 688	OK
 802	     0	75.2	137.0	 720	OK
 803	     0	75.5	156.9	 698	OK
 804	     0	74.2	143.7	 709	OK
 805	     0	75.8	141.9	 699	OK
 806	     0	75.4	139.1	 713	OK
 807	     0	75.7	150.0	 694	OK
 808	     0	74.8	131.7	 709	OK
 809	     0	75.4	124.4	 705	OK
 810	     0	77.5	144.5	 702	OK
 811	     0	75.7	153.3	 683	OK
 812	     0	75.1	135.0	 709	OK
 813	     0	76.2	144.4	 713	OK
 814	     0	75.0	139.7	 715	OK
 815	     0	76.4	164.1	 685	OK
 816	     0	75.0	162.9	 705	OK
 817	     0	76.9	126.1	 689	OK
 818	     0	74.7	135.7	 702	OK
 819	     0	76.2	147.8	 715	OK
 820	     0	77.3	142.2	 703	OK
 821	     0	75.6	130.5	 697	OK
 822	     0	76.1	146.2	 712	OK
 823	     0	75.2	131.3	 706	OK
 824	     0	75.0	130.5	 680	OK
 825	     0	73.1	142.6	 724	OK
 826	     0	77.0	160.1	 698	OK
 827	     0	76.5	144.8	 710	OK
 828	     0	77.1	145.8	 711	OK
 829	     0	75.2	162.2	 696	OK
 830	     0	77.7	151.4	 695	OK
 831	     0	77.4	137.4	 719	OK
 832	     0	77.0	154.0	 693	OK
 833	     0	74.5	136.4	 698	OK
 834	     0	79.3	137.7	 691	OK
 835	     0	73.6	141.3	 705	OK
 836	     0	74.5	147.3	 690	OK
 837	     0	74.8	146.5	 692	OK
 838	     0	76.5	134.2	 693	OK
 839	     0	75.6	142.8	 693	OK
 840	     0	75.7	165.7	 684	OK
 841	     0	74.5	155.5	 687	OK
 842	     0	77.3	153.0	 685	OK
 843	     0	73.3	123.3	 682	OK
 844	     0	74.9	129.3	 680	OK
 845	     0	72.6	134.2	 711	OK
 846	     0	74.5	135.2	 710	OK
 847	     0	74.4	144.7	 700	OK
 848	     0	75.8	145.6	 691	OK
 849	     0	74.7	147.1	 692	OK
 850	     0	73.2	139.7	 689	OK
 851	     0	76.8	152.5	 676	OK
 852	     0	75.5	163.3	 663	OK
 853	     0	74.7	130.5	 687	OK
 854	     0	74.4	146.0	 710	OK
 855	     0	72.8	128.5	 687	OK
 856	     0	75.1	156.4	 711	OK
 857	     0	74.0	130.9	 695	OK
 858	     0	75.2	147.7	 706	OK
 859	     0	72.3	150.5	 685	OK
 860	     0	73.9	146.6	 694	OK
 861	     0	76.6	154.8	 702	OK
 862	     0	74.1	125.3	 677	OK
 863	     0	74.9	142.7	 704	OK
 864	     0	74.6	132.5	 669	OK
 865	     0	74.0	146.0	 699	OK
 866	     0	74.6	138.2	 691	OK
 867	     0	74.1	133.7	 690	OK
 868	     0	76.2	137.8	 691	OK
 869	     0	74.2	143.7	 710	OK
 870	     0	74.0	124.3	 687	OK
 871	     0	76.9	141.4	 713	OK
 872	     0	74.8	133.0	 715	OK
 873	     0	73.9	143.3	 700	OK
 874	     0	74.6	132.8	 690	OK
 875	     0	73.5	130.2	 700	OK
 876	     0	74.0	131.4	 684	OK
 877	     0	72.5	138.4	 695	OK
 878	     0	75.5	138.4	 691	OK
 879	     0	75.0	140.9	 695	OK
 880	     0	74.2	150.5	 700	OK
 881	     0	75.5	142.5	 705	OK
 882	     0	74.5	131.6	 681	OK
 883	     0	75.6	144.8	 677	OK
 884	     0	74.0	143.5	 711	OK
 885	     0	74.1	146.3	 713	OK
 886	     0	74.1	122.1	 678	OK
 887	     0	76.4	146.8	 712	OK
 888	     0	74.8	156.3	 707	OK
 889	     0	76.1	157.8	 698	OK
 890	     0	75.4	134.4	 717	OK
 891	     0	74.8	148.5	 718	OK
 892	     0	75.1	136.0	 720	OK
 893	     0	76.0	143.0	 722	OK
 894	     0	75.4	142.6	 704	OK
 895	     0	77.4	124.1	 696	OK
 896	     0	73.1	155.1	 797	OK
 897	     0	74.1	156.7	 783	OK
 898	     0	75.0	170.8	 778	OK
 899	     0	71.9	135.0	 800	OK
 900	     0	72.6	138.9	 787	OK
 901	     0	72.8	159.7	 779	OK
 902	     0	71.2	164.5	 777	OK
 903	     0	72.9	143.5	 785	OK
 904	     0	68.9	159.3	 803	OK
 905	     0	72.3	151.0	 799	OK
 906	     0	73.4	153.0	 776	OK
 907	     0	71.0	145.0	 793	OK
 908	     0	74.5	146.1	 787	OK
 909	     0	71.0	152.5	 808	OK
 910	     0	71.4	147.8	 808	OK
 911	     0	73.6	141.8	 775	OK
 912	     0	71.0	134.2	 799	OK
 913	     0	69.2	149.9	 783	OK
 914	     0	71.2	152.9	 782	OK
 915	     0	70.5	122.2	 771	OK
 916	     0	73.8	147.6	 784	OK
 917	     0	70.3	158.6	 777	OK
 918	     0	75.2	142.4	 794	OK
 919	     0	70.5	144.1	 797	OK
 920	     0	72.4	158.1	 773	OK
 921	     0	73.3	150.3	 776	OK
 922	     0	72.0	150.9	 788	OK
 923	     0	71.0	161.7	 774	OK
 924	     0	71.4	141.8	 800	OK
 925	     0	73.3	144.8	 770	OK
 926	     0	71.4	128.3	 787	OK
 927	     0	73.1	134.6	 801	OK
 928	     0	72.1	155.0	 790	OK
 929	     0	74.6	167.4	 776	OK
 930	     0	73.2	147.7	 785	OK
 931	     0	72.8	161.8	 779	OK
 932	     0	72.9	149.5	 785	OK
 933	     0	72.9	130.5	 795	OK
 934	     0	72.2	156.5	 786	OK
 935	     0	69.0	168.4	 796	OK
 936	     0	72.0	163.3	 786	OK
 937	     0	74.3	149.2	 801	OK
 938	     0	72.9	130.8	 789	OK
 939	     0	72.2	155.4	 786	OK
 940	     0	73.2	146.9	 783	OK
 941	     0	71.8	150.8	 785	OK
 942	     0	73.3	152.7	 778	OK
 943	     0	73.4	163.6	 782	OK
 944	     0	71.4	165.5	 777	OK
 945	     0	72.8	130.4	 770	OK
 946	     0	73.0	146.6	 780	OK
 947	     0	75.6	154.0	 770	OK
 948	     0	74.7	154.4	 777	OK
 949	     0	74.3	132.9	 773	OK
 950	     0	74.4	159.8	 760	OK
 951	     0	71.7	149.4	 781	OK
 952	     0	73.5	155.8	 770	OK
 953	     0	74.5	149.5	 776	OK
 954	     0	75.4	152.0	 785	OK
 955	     0	75.3	157.1	 766	OK
 956	     0	74.1	161.6	 787	OK
 957	     0	74.3	151.2	 796	OK
 958	     0	74.8	131.5	 773	OK
 959	     0	76.2	157.5	 777	OK
 960	     0	73.8	135.4	 787	OK
 961	     0	73.4	166.0	 758	OK
 962	     0	73.9	136.8	 768	OK
 963	     0	76.0	140.1	 769	OK
 964	     0	73.7	151.0	 769	OK
 965	     0	74.4	163.3	 757	OK
 966	     0	73.7	127.4	 762	OK
 967	     0	75.1	141.7	 759	OK
 968	     0	74.6	141.8	 764	OK
 969	     0	73.5	147.9	 763	OK
 970	     0	75.8	158.9	 762	OK
 971	     0	73.6	144.5	 777	OK
 972	     0	74.4	148.0	 753	OK
 973	     0	74.5	149.1	 775	OK
 974	     0	74.2	158.1	 771	OK
 975	     0	74.8	155.2	 764	OK
 976	     0	73.9	144.2	 775	OK
 977	     0	72.8	141.0	 763	OK
 978	     0	75.1	156.7	 757	OK
 979	     0	73.2	151.3	 752	OK
 980	     0	73.1	149.5	 761	OK
 981	     0	72.5	155.1	 771	OK
 982	     0	74.4	144.9	 788	OK
 983	     0	74.5	154.4	 750	OK
 984	     0	73.3	136.9	 755	OK
 985	     0	72.8	126.6	 759	OK
 986	     0	72.7	126.2	 729	OK
 987	     0	74.0	141.5	 747	OK
 988	     0	75.2	148.1	 754	OK
 989	     0	74.0	143.3	 753	OK
 990	     0	73.2	139.8	 766	OK
 991	     0	73.3	158.7	 743	OK
 992	     0	73.7	141.6	 764	OK
 993	     0	72.0	150.4	 757	OK
 994	     0	73.2	154.9	 765	OK
 995	     0	71.1	131.8	 766	OK
 996	     0	77.1	165.7	 749	OK
 997	     0	74.0	158.1	 754	OK
 998	     0	72.6	139.2	 746	OK
 999	     0	74.7	139.2	 759	OK
1000	     0	73.2	155.9	 767	OK
1001	     0	72.5	134.8	 751	OK
1002	     0	72.1	162.5	 759	OK
1003	     0	73.2	141.4	 780	OK
1004	     0	72.1	172.9	 759	OK
1005	     0	72.0	132.9	 758	OK
1006	     0	76.0	162.9	 753	OK
1007	     0	74.5	148.9	 750	OK
1008	     0	72.8	141.6	 767	OK
1009	     0	73.9	136.2	 782	OK
1010	     0	75.6	151.7	 744	OK
1011	     0	74.9	145.4	 754	OK
1012	     0	75.4	133.1	 767	OK
1013	     0	75.7	161.1	 749	OK
1014	     0	75.9	156.3	 767	OK
1015	     0	73.8	154.1	 765	OK
1016	     0	74.5	147.9	 771	OK
1017	     0	75.8	147.3	 774	OK
1018	     0	73.3	141.6	 765	OK
1019	     0	74.0	156.0	 743	OK
1020	     0	73.6	157.2	 760	OK
1021	     0	72.6	149.6	 778	OK
1022	     0	73.0	140.2	 793	OK
1023	     0	73.2	156.4	 776	OK
1024	     0	70.2	153.1	 761	OK
1025	     0	71.8	147.4	 753	OK
1026	     0	71.8	155.6	 765	OK
1027	     0	73.4	138.1	 751	OK
1028	     0	71.7	162.6	 736	OK
1029	     0	72.3	168.1	 725	OK
1030	     0	73.2	133.3	 776	OK
1031	     0	74.7	128.1	 723	OK
1032	     0	74.8	145.6	 763	OK
1033	     0	73.4	149.9	 748	OK
1034	     0	72.4	156.1	 754	OK
1035	     0	72.1	149.1	 739	OK
1036	     0	72.2	151.8	 747	OK
1037	     0	69.5	169.7	 744	OK
1038	     0	72.6	151.6	 750	OK
1039	     0	73.5	153.3	 732	OK
1040	     0	71.3	152.3	 752	OK
1041	     0	73.2	142.7	 748	OK
1042	     0	73.4	167.1	 729	OK
1043	     0	72.6	167.5	 732	OK
1044	     0	73.6	156.5	 738	OK
1045	     0	71.5	158.6	 744	OK
1046	     0	74.0	166.7	 713	OK
1047	     0	72.5	157.1	 740	OK
1048	     0	70.9	166.6	 740	OK
1049	     0	73.5	150.2	 736	OK
1050	     0	75.3	156.2	 734	OK
1051	     0	73.9	138.7	 748	OK
1052	     0	71.6	154.1	 749	OK
1053	     0	73.9	168.1	 741	OK
1054	     0	72.3	148.9	 752	OK
1055	     0	74.9	141.6	 732	OK
1056	     0	72.5	150.4	 771	OK
1057	     0	72.8	169.2	 730	OK
1058	     0	75.1	134.7	 749	OK
1059	     0	73.0	143.0	 756	OK
1060	     0	73.0	156.9	 736	OK
1061	     0	72.4	167.8	 747	OK
1062	     0	71.5	158.4	 759	OK
1063	     0	70.1	143.6	 786	OK
1064	     0	74.0	151.1	 757	OK
1065	     0	70.9	145.0	 755	OK
1066	     0	76.0	154.9	 745	OK
1067	     0	70.7	155.7	 763	OK
1068	     0	74.0	149.5	 754	OK
1069	     0	73.9	149.9	 754	OK
1070	     0	73.3	135.5	 784	OK
1071	     0	73.7	134.8	 757	OK
1072	     0	75.5	167.9	 759	OK
1073	     0	73.4	150.7	 761	OK
1074	     0	72.9	137.2	 788	OK
1075	     0	75.2	156.5	 755	OK
1076	     0	73.3	146.8	 760	OK
1077	     0	73.4	136.4	 757	OK
1078	     0	74.4	179.4	 751	OK
1079	     0	72.6	150.7	 737	OK
1080	     0	76.5	161.7	 757	OK
1081	     0	71.8	149.5	 741	OK
1082	     0	71.8	144.3	 775	OK
1083	     0	74.7	155.3	 736	OK
1084	     0	76.5	155.0	 756	OK
1085	     0	77.1	162.8	 733	OK
1086	     0	74.0	148.1	 777	OK
1087	     0	75.5	150.5	 781	OK
1088	     0	74.0	157.9	 754	OK
1089	     0	74.8	143.8	 760	OK
1090	     0	76.6	154.1	 773	OK
1091	     0	73.9	128.1	 762	OK
1092	     0	71.9	145.3	 769	OK
1093	     0	72.6	155.8	 749	OK
1094	     0	76.4	143.8	 773	OK
1095	     0	73.5	153.1	 751	OK
1096	     0	73.1	145.1	 788	OK
1097	     0	72.8	154.5	 781	OK
1098	     0	72.7	158.9	 779	OK
1099	     0	72.0	158.6	 755	OK
1100	     0	72.5	170.9	 762	OK
1101	     0	72.5	149.5	 779	OK
1102	     0	72.2	142.6	 789	OK
1103	     0	74.4	153.7	 745	OK
1104	     0	71.9	123.1	 751	OK
1105	     0	70.9	152.5	 777	OK
1106	     0	73.9	156.4	 758	OK
1107	     0	73.5	153.1	 775	OK
1108	     0	73.1	146.7	 768	OK
1109	     0	74.5	164.0	 758	OK
1110	     0	77.8	153.9	 760	OK
1111	     0	70.5	139.2	 774	OK
1112	     0	72.9	131.2	 753	OK
1113	     0	71.6	131.2	 780	OK
1114	     0	73.3	172.5	 757	OK
1115	     0	71.8	131.0	 760	OK
1116	     0	71.9	147.7	 768	OK
1117	     0	73.6	159.8	 767	OK
1118	     0	71.2	155.9	 782	OK
1119	     0	75.4	143.6	 778	OK
1120	     0	73.7	158.0	 759	OK
1121	     0	73.9	150.6	 775	OK
1122	     0	74.0	128.4	 755	OK
1123	     0	73.2	125.9	 759	OK
1124	     0	73.4	153.8	 772	OK
1125	     0	70.7	142.2	 758	OK
1126	     0	72.7	145.2	 766	OK
1127	     0	71.4	153.5	 777	OK
1128	     0	72.2	157.6	 767	OK
1129	     0	71.4	139.6	 780	OK
1130	     0	73.7	141.8	 777	OK
1131	     0	73.8	158.7	 762	OK
1132	     0	71.0	153.4	 787	OK
1133	     0	73.6	147.1	 767	OK
1134	     0	73.7	146.3	 777	OK
1135	     0	70.7	142.5	 780	OK
1136	     0	70.2	149.5	 789	OK
1137	     0	71.3	148.5	 786	OK
1138	     0	73.1	142.9	 768	OK
1139	     0	71.8	144.0	 780	OK
1140	     0	71.0	130.3	 778	OK
1141	     0	73.1	132.1	 777	OK
1142	     0	71.1	154.9	 760	OK
1143	     0	71.3	145.2	 769	OK
1144	     0	72.5	145.8	 800	OK
1145	     0	72.4	150.7	 792	OK
1146	     0	74.5	158.3	 770	OK
1147	     0	72.8	152.8	 771	OK
1148	     0	70.9	134.0	 800	OK
1149	     0	70.8	169.6	 798	OK
1150	     0	73.3	161.4	 766	OK
1151	     0	68.8	153.2	 763	OK
1152	     0	76.8	158.9	 744	OK
1153	     0	76.8	160.2	 725	OK
1154	     0	79.6	141.6	 748	OK
1155	     0	76.8	167.1	 721	OK
1156	     0	76.7	154.5	 743	OK
1157	     0	78.5	150.5	 746	OK
1158	     0	76.7	145.8	 741	OK
1159	     0	77.7	166.6	 730	OK
1160	     0	78.0	164.0	 717	OK
1161	     0	77.0	153.2	 735	OK
1162	     0	78.4	140.1	 751	OK
1163	     0	78.1	144.1	 721	OK
1164	     0	77.1	145.9	 756	OK
1165	     0	78.6	149.3	 743	OK
1166	     0	79.5	142.4	 755	OK
1167	     0	76.4	157.6	 716	OK
1168	     0	77.8	165.6	 718	OK
1169	     0	78.6	147.7	 736	OK
1170	     0	77.8	148.2	 732	OK
1171	     0	78.2	165.7	 732	OK
1172	     0	77.4	161.5	 733	OK
1173	     0	75.9	167.8	 724	OK
1174	     0	78.2	154.3	 716	OK
1175	     0	76.7	163.9	 737	OK
1176	     0	79.1	156.1	 729	OK
1177	     0	81.9	169.2	 700	OK
1178	     0	76.9	137.3	 745	OK
1179	     0	77.0	158.6	 741	OK
1180	     0	78.1	148.0	 745	OK
1181	     0	77.3	147.0	 738	OK
1182	     0	76.5	143.6	 727	OK
1183	     0	77.5	150.8	 736	OK
1184	     0	78.0	156.5	 724	OK
1185	     0	78.3	174.2	 707	OK
1186	     0	78.3	149.1	 743	OK
1187	     0	75.4	155.1	 747	OK
1188	     0	76.0	172.8	 729	OK
1189	     0	79.3	163.7	 741	OK
1190	     0	78.1	152.1	 720	OK
1191	     0	79.1	173.8	 736	OK
1192	     0	80.3	144.8	 740	OK
1193	     0	78.0	149.7	 752	OK
1194	     0	79.9	160.4	 731	OK
1195	     0	76.7	166.4	 738	OK
1196	     0	79.5	150.6	 754	OK
1197	     0	81.1	169.0	 716	OK
1198	     0	79.1	157.8	 735	OK
1199	     0	78.3	130.9	 746	OK
1200	     0	79.2	150.8	 742	OK
1201	     0	77.4	168.7	 719	OK
1202	     0	81.1	145.3	 734	OK
1203	     0	78.1	140.9	 746	OK
1204	     0	79.0	142.7	 743	OK
1205	     0	78.0	157.0	 727	OK
1206	     0	76.9	162.3	 720	OK
1207	     0	79.8	178.0	 730	OK
1208	     0	77.6	167.3	 725	OK
1209	     0	77.1	176.1	 719	OK
1210	     0	77.9	153.2	 719	OK
1211	     0	79.9	152.3	 727	OK
1212	     0	78.1	152.7	 726	OK
1213	     0	76.8	153.7	 743	OK
1214	     0	78.9	157.6	 742	OK
1215	     0	80.7	152.0	 732	OK
1216	     0	81.7	157.9	 718	OK
1217	     0	76.7	159.2	 726	OK
1218	     0	79.7	165.7	 731	OK
1219	     0	77.3	147.1	 738	OK
1220	     0	78.3	173.8	 711	OK
1221	     0	79.4	188.5	 725	OK
1222	     0	78.5	142.4	 731	OK
1223	     0	79.8	168.9	 704	OK
1224	     0	77.3	166.5	 719	OK
1225	     0	79.9	167.1	 736	OK
1226	     0	83.4	160.2	 721	OK
1227	     0	79.5	153.3	 717	OK
1228	     0	79.9	157.1	 717	OK
1229	     0	79.1	153.9	 724	OK
1230	     0	79.2	160.6	 714	OK
1231	     0	78.4	159.5	 716	OK
1232	     0	80.0	158.9	 719	OK
1233	     0	78.1	172.3	 717	OK
1234	     0	78.9	139.9	 730	OK
1235	     0	79.7	144.8	 725	OK
1236	     0	77.3	151.5	 714	OK
1237	     0	80.6	146.3	 735	OK
1238	     0	79.2	171.1	 728	OK
1239	     0	79.6	172.7	 724	OK
1240	     0	79.1	161.5	 708	OK
1241	     0	78.7	167.8	 707	OK
1242	     0	80.7	151.4	 714	OK
1243	     0	78.9	162.2	 720	OK
1244	     0	79.2	158.4	 710	OK
1245	     0	80.2	168.0	 711	OK
1246	     0	78.2	156.9	 710	OK
1247	     0	78.1	156.3	 711	OK
1248	     0	79.3	150.5	 695	OK
1249	     0	76.6	141.9	 730	OK
1250	     0	77.2	140.3	 722	OK
1251	     0	78.3	134.4	 714	OK
1252	     0	79.7	152.0	 719	OK
1253	     0	77.1	155.0	 720	OK
1254	     0	79.7	169.5	 692	OK
1255	     0	78.6	169.9	 709	OK
1256	     0	78.4	169.3	 692	OK
1257	     0	79.0	172.6	 706	OK
1258	     0	77.6	165.2	 694	OK
1259	     0	78.8	136.6	 721	OK
1260	     0	78.6	151.8	 714	OK
1261	     0	76.6	142.3	 717	OK
1262	     0	78.2	150.8	 703	OK
1263	     0	80.3	151.7	 695	OK
1264	     0	79.0	180.4	 715	OK
1265	     0	79.1	175.5	 709	OK
1266	     0	80.9	147.7	 708	OK
1267	     0	79.5	152.9	 710	OK
1268	     0	78.9	147.9	 711	OK
1269	     0	78.2	151.3	 723	OK
1270	     0	79.0	156.8	 718	OK
1271	     0	77.5	141.4	 722	OK
1272	     0	79.2	170.6	 683	OK
1273	     0	78.4	165.5	 691	OK
1274	     0	80.8	132.6	 707	OK
1275	     0	81.1	160.8	 694	OK
1276	  4000	73.1	188.8	 793	high noise
1277	     0	80.3	154.7	 713	OK
1278	     0	83.1	165.8	 693	OK
1279	     0	82.0	164.9	 680	OK
1408	     0	72.0	157.6	 606	OK
1409	     0	72.8	146.6	 589	OK
1410	     0	71.5	167.9	 598	OK
1411	     0	72.1	158.8	 575	OK
1412	     0	70.0	152.4	 582	OK
1413	  1000	69.6	131.2	 569	unbonded
1414	     0	73.6	154.8	 566	OK
1415	     0	73.2	129.3	 579	OK
1416	     0	69.9	152.6	 598	OK
1417	     0	73.3	152.7	 570	OK
1418	     0	70.0	154.4	 588	OK
1419	     0	70.2	133.0	 597	OK
1420	     0	71.4	136.4	 575	OK
1421	     0	72.1	138.5	 580	OK
1422	     0	72.6	182.9	 580	OK
1423	  1000	69.0	132.1	 573	unbonded
1424	     0	72.2	134.4	 571	OK
1425	     0	70.3	140.5	 582	OK
1426	     0	70.7	150.8	 591	OK
1427	     0	73.0	143.3	 585	OK
1428	     0	71.5	147.7	 591	OK
1429	     0	71.0	142.6	 601	OK
1430	  1000	69.2	162.6	 558	unbonded
1431	     0	72.3	134.9	 587	OK
1432	     0	72.9	146.5	 586	OK
1433	     0	71.0	145.7	 598	OK
1434	     0	72.5	168.7	 573	OK
1435	  1000	68.7	157.0	 583	unbonded
1436	     0	69.6	141.5	 600	OK
1437	     0	73.2	142.5	 577	OK
1438	     0	71.5	119.7	 577	OK
1439	     0	73.7	160.9	 581	OK
1440	     0	71.6	143.9	 594	OK
1441	     0	71.0	149.9	 595	OK
1442	     0	68.9	144.7	 592	OK
1443	     0	72.6	149.1	 573	OK
1444	  1000	71.8	151.2	 565	unbonded
1445	  1000	69.8	150.5	 582	unbonded
1446	  1000	71.6	160.7	 559	unbonded
1447	     0	72.4	137.5	 579	OK
1448	  1000	72.0	162.7	 555	unbonded
1449	     0	74.1	146.1	 566	OK
1450	     0	69.2	142.9	 602	OK
1451	     0	72.3	145.6	 586	OK
1452	     0	70.3	152.4	 582	OK
1453	     0	73.9	123.9	 567	OK
1454	     0	71.2	140.4	 584	OK
1455	  1000	71.3	164.2	 570	unbonded
1456	     0	71.9	151.7	 587	OK
1457	  1000	71.1	158.3	 563	unbonded
1458	     0	70.3	149.0	 583	OK
1459	     0	72.7	154.7	 562	OK
1460	     0	72.4	147.9	 580	OK
1461	     0	73.4	145.4	 595	OK
1462	     0	71.8	155.2	 597	OK
1463	     0	72.0	151.9	 576	OK
1464	     0	73.1	154.6	 574	OK
1465	     0	73.8	168.0	 578	OK
1466	     0	74.1	152.1	 583	OK
1467	     0	72.6	143.2	 580	OK
1468	     0	72.3	149.4	 586	OK
1469	     0	73.2	155.7	 586	OK
1470	     0	72.5	151.3	 587	OK
1471	     0	73.8	150.7	 577	OK
1472	     0	73.0	160.4	 565	OK
1473	     0	71.5	146.3	 583	OK
1474	     0	73.4	134.6	 580	OK
1475	     0	75.4	140.1	 584	OK
1476	     0	75.2	148.7	 580	OK
1477	     0	72.3	139.6	 581	OK
1478	     0	72.7	143.3	 580	OK
1479	     0	72.0	148.6	 587	OK
1480	     0	74.0	139.0	 579	OK
1481	     0	73.0	146.6	 588	OK
1482	     0	72.9	133.4	 575	OK
1483	     0	71.4	152.4	 575	OK
1484	     0	73.0	129.3	 557	OK
1485	     0	74.7	150.0	 575	OK
1486	     0	73.1	138.8	 601	OK
1487	     0	74.3	152.7	 575	OK
1488	     0	72.6	146.3	 591	OK
1489	     0	74.1	137.4	 559	OK
1490	     0	69.8	151.6	 584	OK
1491	  1000	71.8	156.8	 562	unbonded
1492	     0	73.0	141.3	 584	OK
1493	  1000	71.4	133.1	 563	unbonded
1494	     0	73.5	149.3	 587	OK
1495	     0	72.5	142.5	 602	OK
1496	     0	73.5	142.8	 585	OK
1497	     0	71.6	155.3	 568	OK
1498	     0	73.5	140.0	 571	OK
1499	     0	72.4	149.6	 587	OK
1500	     0	74.2	153.8	 556	OK
1501	  1000	72.0	166.1	 561	unbonded
1502	     0	71.9	143.7	 571	OK
1503	     0	74.9	139.0	 555	OK
1504	     0	72.8	151.0	 592	OK
1505	     0	71.8	157.4	 567	OK
1506	     0	73.7	142.3	 557	OK
1507	     0	73.6	139.0	 572	OK
1508	     0	72.8	164.0	 574	OK
1509	  1000	70.7	159.0	 557	unbonded
1510	     0	73.8	150.5	 580	OK
1511	     0	74.6	166.5	 550	OK
1512	     0	70.2	155.2	 582	OK
1513	     0	72.6	144.3	 570	OK
1514	     0	72.5	145.6	 562	OK
1515	     0	72.5	149.7	 577	OK
1516	     0	73.8	168.5	 559	OK
1517	  1000	72.9	159.3	 550	unbonded
1518	     0	75.2	147.7	 575	OK
1519	     0	71.4	142.7	 569	OK
1520	     0	72.7	140.8	 566	OK
1521	     0	72.6	161.6	 570	OK
1522	  1000	74.3	160.1	 546	unbonded
1523	     0	73.6	177.6	 567	OK
1524	     0	72.6	152.8	 561	OK
1525	     0	72.0	139.9	 578	OK
1526	  1000	72.4	161.1	 556	unbonded
1527	     0	75.4	168.1	 567	OK
1528	     0	72.4	162.2	 561	OK
1529	     0	73.2	155.8	 576	OK
1530	     0	72.8	153.3	 565	OK
1531	     0	73.2	136.9	 577	OK
1532	     0	74.0	161.1	 554	OK
1533	     0	75.0	131.1	 563	OK
1534	     0	74.4	146.9	 572	OK
1535	     0	73.0	135.0	 580	OK
1536	     0	76.8	159.6	 552	OK
1537	     0	76.0	167.2	 535	OK
1538	  1000	72.6	122.5	 538	unbonded
1539	     0	78.7	158.8	 542	OK
1540	     0	75.7	146.4	 556	OK
1541	  1000	72.9	157.8	 525	unbonded
1542	  1000	73.9	152.2	 535	unbonded
1543	  1000	75.5	171.4	 527	unbonded
1544	  1000	72.0	157.3	 543	unbonded
1545	  1000	74.5	142.4	 539	unbonded
1546	  1000	76.0	161.7	 528	unbonded
1547	  1000	71.9	158.7	 550	unbonded
1548	     0	76.3	144.0	 556	OK
1549	     0	73.7	136.4	 566	OK
1550	     0	75.7	159.4	 544	OK
1551	     0	75.7	176.5	 546	OK
1552	     0	75.1	151.8	 544	OK
1553	     0	76.1	167.4	 535	OK
1554	     0	75.4	168.6	 543	OK
1555	     0	74.8	139.7	 556	OK
1556	  1000	76.8	171.3	 524	unbonded
1557	  1000	74.8	171.3	 529	unbonded
1558	     0	75.1	147.7	 553	OK
1559	     0	76.0	159.3	 557	OK
1560	     0	76.8	158.4	 532	OK
1561	     0	76.7	162.9	 541	OK
1562	  1000	73.3	158.0	 551	unbonded
1563	  1000	72.6	152.8	 550	unbonded
1564	     0	75.7	152.8	 538	OK
1565	  1000	74.7	156.8	 536	unbonded
1566	     0	75.6	153.0	 541	OK
1567	     0	77.8	155.3	 551	OK
1568	     0	75.6	147.2	 543	OK
1569	     0	78.0	157.3	 553	OK
1570	  1000	75.3	135.8	 532	unbonded
1571	  1000	74.2	149.0	 547	unbonded
1572	     0	75.4	165.6	 540	OK
1573	     0	75.6	143.2	 550	OK
1574	  1000	73.7	155.5	 546	unbonded
1575	     0	77.0	139.1	 545	OK
1576	     0	76.1	158.5	 552	OK
1577	     0	76.4	141.7	 554	OK
1578	     0	75.7	157.7	 550	OK
1579	     0	77.5	176.9	 538	OK
1580	     0	76.0	178.9	 537	OK
1581	     0	77.0	157.2	 536	OK
1582	  1000	74.1	156.7	 542	unbonded
1583	     0	76.4	133.8	 547	OK
1584	     0	76.5	162.1	 547	OK
1585	     0	75.5	151.2	 542	OK
1586	  1000	72.9	151.8	 547	unbonded
1587	     0	76.6	150.6	 554	OK
1588	     0	76.8	157.9	 545	OK
1589	     0	76.8	159.7	 534	OK
1590	     0	75.8	148.8	 555	OK
1591	     0	76.4	156.4	 532	OK
1592	  1000	75.5	155.2	 538	unbonded
1593	  1000	75.0	164.1	 527	unbonded
1594	     0	76.1	144.1	 549	OK
1595	     0	74.8	155.9	 547	OK
1596	  1000	74.1	161.4	 541	unbonded
1597	     0	77.4	167.8	 535	OK
1598	     0	77.4	147.2	 562	OK
1599	  1000	76.3	166.1	 529	unbonded
1600	     0	75.5	151.2	 544	OK
1601	     0	75.9	147.2	 554	OK
1602	     0	77.0	150.8	 556	OK
1603	  1000	73.0	153.8	 537	unbonded
1604	     0	76.3	168.4	 535	OK
1605	     0	75.8	155.6	 543	OK
1606	     0	74.4	160.2	 558	OK
1607	     0	76.3	148.5	 562	OK
1608	     0	75.2	158.0	 552	OK
1609	     0	75.0	143.5	 549	OK
1610	  1000	74.2	135.7	 547	unbonded
1611	  1000	75.0	158.5	 536	unbonded
1612	     0	74.6	151.1	 566	OK
1613	     0	74.6	137.3	 553	OK
1614	  1000	73.5	149.2	 550	unbonded
1615	  1000	74.5	160.1	 528	unbonded
1616	     0	76.0	148.2	 551	OK
1617	     0	73.8	146.0	 565	OK
1618	  1000	74.4	160.4	 517	unbonded
1619	  1000	74.6	130.4	 527	unbonded
1620	     0	75.3	147.7	 556	OK
1621	     0	75.1	161.1	 551	OK
1622	     0	75.7	171.7	 542	OK
1623	     0	75.9	151.7	 556	OK
1624	     0	73.4	151.5	 561	OK
1625	  1000	73.6	159.5	 532	unbonded
1626	     0	74.4	159.0	 557	OK
1627	  1000	74.2	141.6	 539	unbonded
1628	  1000	72.9	162.1	 535	unbonded
1629	     0	75.3	155.8	 551	OK
1630	     0	76.3	163.4	 550	OK
1631	     0	74.5	140.9	 552	OK
1632	     0	74.2	147.2	 567	OK
1633	  1000	72.7	160.0	 549	unbonded
1634	     0	75.1	139.1	 547	OK
1635	     0	76.4	158.7	 532	OK
1636	  1000	74.7	162.1	 540	unbonded
1637	     0	74.6	146.9	 546	OK
1638	  1000	73.7	149.7	 546	unbonded
1639	     0	74.0	163.4	 551	OK
1640	  1000	73.3	158.2	 552	unbonded
1641	     0	74.9	150.3	 566	OK
1642	  1000	74.1	176.4	 529	unbonded
1643	     0	73.9	159.4	 569	OK
1644	     0	77.4	137.9	 545	OK
1645	     0	74.7	139.7	 556	OK
1646	     0	74.8	163.5	 552	OK
1647	  1000	72.4	160.4	 546	unbonded
1648	     0	77.1	167.7	 569	OK
1649	  1000	72.4	133.3	 550	unbonded
1650	     0	76.6	157.2	 550	OK
1651	     0	75.0	158.2	 552	OK
1652	     0	76.1	170.1	 545	OK
1653	  1000	75.3	140.5	 533	unbonded
1654	     0	76.1	158.9	 547	OK
1655	     0	75.2	150.3	 547	OK
1656	  1000	73.3	160.2	 541	unbonded
1657	     0	75.0	148.5	 559	OK
1658	     0	74.5	146.1	 549	OK
1659	  1000	74.2	174.5	 536	unbonded
1660	     0	74.4	141.5	 563	OK
1661	     0	76.0	164.0	 544	OK
1662	     0	73.5	148.3	 554	OK
1663	     0	75.3	166.1	 550	OK
1664	     0	78.3	136.5	 558	OK
1665	     0	77.5	153.2	 553	OK
1666	  1000	74.6	159.7	 536	unbonded
1667	     0	77.1	156.0	 567	OK
1668	     0	75.8	167.2	 556	OK
1669	     0	75.6	155.0	 556	OK
1670	     0	76.3	141.4	 565	OK
1671	  1000	75.4	171.2	 537	unbonded
1672	     0	74.9	141.8	 558	OK
1673	     0	77.0	138.5	 544	OK
1674	     0	77.4	165.6	 535	OK
1675	     0	76.8	163.4	 529	OK
1676	     0	77.4	191.1	 531	OK
1677	     0	77.3	150.7	 544	OK
1678	  1000	75.4	182.7	 536	unbonded
1679	  1000	74.8	167.1	 531	unbonded
1680	     0	76.6	142.3	 544	OK
1681	     0	76.8	137.4	 538	OK
1682	     0	76.2	151.8	 552	OK
1683	     0	77.9	170.2	 538	OK
1684	     0	77.2	163.0	 531	OK
1685	     0	76.5	157.6	 544	OK
1686	  1000	75.9	163.4	 528	unbonded
1687	     0	76.3	136.8	 555	OK
1688	     0	77.1	153.0	 543	OK
1689	     0	77.2	175.0	 542	OK
1690	  1000	74.3	154.9	 545	unbonded
1691	  1000	74.8	157.6	 543	unbonded
1692	     0	76.5	142.2	 563	OK
1693	     0	75.1	147.7	 552	OK
1694	     0	75.6	152.9	 561	OK
1695	  1000	75.8	155.4	 530	unbonded
1696	     0	75.8	160.6	 544	OK
1697	     0	76.3	178.6	 538	OK
1698	  1000	76.9	165.8	 523	unbonded
1699	     0	77.7	152.8	 557	OK
1700	  1000	75.0	144.0	 524	unbonded
1701	  1000	75.4	162.8	 520	unbonded
1702	     0	76.7	163.6	 541	OK
1703	     0	76.1	149.7	 535	OK
1704	  1000	75.6	169.1	 533	unbonded
1705	     0	75.8	186.6	 545	OK
1706	     0	75.4	135.7	 549	OK
1707	     0	77.3	154.3	 549	OK
1708	  1000	77.3	167.2	 511	unbonded
1709	     0	76.3	146.4	 562	OK
1710	  1000	74.3	154.7	 537	unbonded
1711	     0	74.2	152.9	 548	OK
1712	     0	75.7	144.6	 551	OK
1713	  1000	77.2	164.0	 525	unbonded
1714	     0	77.1	157.8	 544	OK
1715	     0	78.0	154.6	 522	OK
1716	     0	76.6	159.6	 534	OK
1717	     0	75.7	143.1	 559	OK
1718	     0	76.3	161.5	 546	OK
1719	     0	78.0	156.2	 547	OK
1720	     0	76.3	171.8	 539	OK
1721	     0	78.5	149.9	 546	OK
1722	     0	78.4	163.9	 534	OK
1723	     0	76.2	149.7	 559	OK
1724	     0	78.0	164.3	 526	OK
1725	     0	77.6	157.2	 539	OK
1726	     0	78.4	162.7	 536	OK
1727	     0	78.5	158.1	 536	OK
1728	     0	77.7	166.3	 525	OK
1729	     0	78.1	150.7	 521	OK
1730	     0	76.6	157.0	 541	OK
1731	  1000	77.0	163.5	 524	unbonded
1732	     0	76.5	143.0	 538	OK
1733	     0	79.2	161.8	 525	OK
1734	     0	78.1	178.4	 546	OK
1735	  1000	76.0	154.4	 533	unbonded
1736	     0	79.0	187.4	 530	OK
1737	  1000	75.0	155.7	 533	unbonded
1738	     0	76.6	148.7	 552	OK
1739	     0	76.4	140.3	 548	OK
1740	     0	78.5	148.9	 537	OK
1741	     0	77.8	154.8	 546	OK
1742	     0	77.6	168.0	 533	OK
1743	  1000	77.9	161.8	 512	unbonded
1744	  1000	76.0	141.7	 532	unbonded
1745	     0	78.0	143.4	 531	OK
1746	     0	75.9	147.4	 547	OK
1747	     0	76.7	167.5	 540	OK
1748	     0	77.1	173.4	 542	OK
1749	     0	78.0	151.4	 548	OK
1750	  1000	76.1	168.6	 531	unbonded
1751	  1000	77.4	169.9	 514	unbonded
1752	     0	78.6	155.2	 521	OK
1753	     0	77.6	173.9	 525	OK
1754	     0	76.7	160.9	 534	OK
1755	     0	77.8	147.9	 552	OK
1756	     0	78.8	162.6	 520	OK
1757	  1000	75.4	145.4	 529	unbonded
1758	  1000	77.6	153.7	 522	unbonded
1759	     0	76.0	157.0	 545	OK
1760	     0	78.4	157.8	 543	OK
1761	     0	79.1	152.0	 525	OK
1762	     0	77.7	172.9	 545	OK
1763	     0	76.0	156.5	 535	OK
1764	  1000	76.8	167.3	 522	unbonded
1765	  1000	77.1	162.8	 521	unbonded
1766	  1000	75.9	133.2	 526	unbonded
1767	     0	76.4	160.0	 541	OK
1768	     0	76.6	164.0	 534	OK
1769	  1000	75.9	153.1	 531	unbonded
1770	  1000	78.2	141.3	 512	unbonded
1771	     0	78.0	154.5	 539	OK
1772	     0	78.1	161.9	 530	OK
1773	  1000	75.3	142.6	 527	unbonded
1774	     0	79.1	139.8	 538	OK
1775	  1000	77.9	154.8	 520	unbonded
1776	  1000	74.5	147.9	 537	unbonded
1777	     0	77.9	154.4	 535	OK
1778	     0	76.8	152.1	 544	OK
1779	     0	77.3	155.2	 537	OK
1780	  1000	76.5	156.2	 531	unbonded
1781	  1000	77.7	164.1	 517	unbonded
1782	     0	79.1	163.1	 541	OK
1783	  1000	77.2	170.2	 522	unbonded
1784	     0	77.6	158.3	 546	OK
1785	     0	77.1	153.1	 535	OK
1786	     0	78.3	163.9	 519	OK
1787	     0	77.1	158.9	 534	OK
1788	     0	77.6	168.8	 552	OK
1789	     0	80.2	156.3	 531	OK
1790	     0	77.5	154.4	 536	OK
1791	     0	80.2	167.4	 511	OK
1792	  1000	73.8	148.0	 538	unbonded
1793	     0	73.8	147.2	 565	OK
1794	  1000	74.4	128.1	 537	unbonded
1795	     0	74.3	118.9	 552	OK
1796	  1000	72.5	144.5	 550	unbonded
1797	  1000	74.1	148.9	 540	unbonded
1798	     0	72.0	147.8	 566	OK
1799	  1000	73.1	156.7	 538	unbonded
1800	     0	74.4	139.2	 566	OK
1801	     0	75.3	153.1	 543	OK
1802	     0	74.9	155.4	 544	OK
1803	  1000	73.0	154.8	 539	unbonded
1804	     0	75.3	143.1	 550	OK
1805	  1000	72.5	128.3	 528	unbonded
1806	     0	74.3	147.5	 558	OK
1807	     0	76.0	127.7	 537	OK
1808	     0	74.9	139.1	 550	OK
1809	     0	75.0	153.6	 546	OK
1810	  1000	71.1	155.3	 552	unbonded
1811	     0	75.5	146.1	 555	OK
1812	  1000	74.7	163.5	 531	unbonded
1813	     0	76.3	148.4	 541	OK
1814	  1000	75.1	158.7	 528	unbonded
1815	  1000	71.9	137.3	 548	unbonded
1816	  1000	72.3	156.8	 536	unbonded
1817	     0	76.4	147.1	 549	OK
1818	  1000	73.8	158.0	 530	unbonded
1819	  1000	74.8	140.6	 541	unbonded
1820	     0	76.2	148.2	 562	OK
1821	  1000	74.0	129.9	 538	unbonded
1822	  1000	71.6	125.1	 529	unbonded
1823	  1000	72.8	136.0	 546	unbonded
1824	     0	74.9	146.8	 547	OK
1825	  1000	74.8	162.9	 537	unbonded
1826	  1000	71.8	144.7	 552	unbonded
1827	  1000	74.0	158.4	 538	unbonded
1828	     0	74.7	135.9	 557	OK
1829	  1000	71.7	143.3	 549	unbonded
1830	     0	75.4	155.8	 541	OK
1831	  1000	74.3	147.6	 518	unbonded
1832	  1000	74.8	163.3	 533	unbonded
1833	  1000	72.4	141.6	 558	unbonded
1834	     0	75.6	155.2	 557	OK
1835	  1000	73.0	171.3	 533	unbonded
1836	     0	76.5	145.3	 556	OK
1837	     0	75.7	150.4	 551	OK
1838	  1000	73.1	152.6	 551	unbonded
1839	     0	74.0	133.3	 551	OK
1840	     0	74.1	154.1	 556	OK
1841	     0	74.3	142.1	 558	OK
1842	  1000	74.8	144.5	 542	unbonded
1843	  1000	72.7	134.2	 540	unbonded
1844	     0	74.7	133.3	 557	OK
1845	  1000	72.1	151.3	 546	unbonded
1846	     0	74.4	143.7	 556	OK
1847	  1000	74.2	136.7	 540	unbonded
1848	     0	73.3	175.9	 557	OK
1849	     0	73.7	162.4	 552	OK
1850	  1000	72.7	146.3	 553	unbonded
1851	     0	74.7	141.8	 545	OK
1852	     0	76.2	148.3	 554	OK
1853	     0	74.3	144.9	 562	OK
1854	  1000	73.0	163.4	 539	unbonded
1855	     0	75.1	150.2	 555	OK
1856	     0	73.8	145.2	 566	OK
1857	     0	73.7	144.8	 556	OK
1858	  1000	73.4	153.6	 547	unbonded
1859	     0	75.7	162.1	 552	OK
1860	     0	74.7	163.9	 547	OK
1861	     0	74.6	138.5	 548	OK
1862	     0	73.8	152.0	 563	OK
1863	  1000	74.3	154.7	 540	unbonded
1864	     0	74.9	143.9	 557	OK
1865	     0	74.8	144.7	 556	OK
1866	     0	74.8	151.5	 548	OK
1867	  1000	73.4	157.8	 545	unbonded
1868	  1000	74.1	174.0	 527	unbonded
1869	     0	74.2	155.1	 548	OK
1870	     0	73.5	151.6	 556	OK
1871	  1000	71.3	131.1	 560	unbonded
1872	  1000	72.7	146.2	 553	unbonded
1873	     0	72.9	157.0	 559	OK
1874	  1000	74.2	162.1	 533	unbonded
1875	  1000	73.4	141.9	 553	unbonded
1876	     0	77.3	143.9	 547	OK
1877	  1000	74.1	128.3	 547	unbonded
1878	     0	74.5	144.4	 558	OK
1879	  1000	73.6	141.8	 551	unbonded
1880	  1000	74.8	159.1	 543	unbonded
1881	  1000	73.5	158.8	 548	unbonded
1882	  1000	72.3	137.8	 537	unbonded
1883	     0	74.7	150.0	 551	OK
1884	     0	73.2	149.1	 560	OK
1885	  1000	73.6	139.8	 549	unbonded
1886	     0	76.1	152.0	 549	OK
1887	  1000	72.6	150.7	 554	unbonded
1888	  1000	71.8	135.9	 553	unbonded
1889	  1000	73.0	134.0	 546	unbonded
1890	  1000	72.4	143.1	 554	unbonded
1891	  1000	71.7	151.3	 530	unbonded
1892	  1000	72.8	155.7	 542	unbonded
1893	  1000	74.0	159.8	 548	unbonded
1894	  1000	73.2	151.2	 552	unbonded
1895	  1000	73.1	141.2	 536	unbonded
1896	  1000	74.0	142.1	 534	unbonded
1897	  1000	74.0	148.0	 545	unbonded
1898	  1000	73.6	137.6	 548	unbonded
1899	     0	76.1	146.2	 557	OK
1900	  1000	74.1	131.3	 535	unbonded
1901	  1000	72.0	130.8	 544	unbonded
1902	  1000	76.5	156.9	 524	unbonded
1903	  1000	74.9	138.2	 538	unbonded
1904	     0	74.4	137.8	 562	OK
1905	     0	74.5	145.9	 558	OK
1906	     0	75.3	154.2	 540	OK
1907	  1000	72.5	128.7	 538	unbonded
1908	  1000	71.4	168.8	 531	unbonded
1909	  1000	73.0	160.4	 545	unbonded
1910	  1000	72.3	142.6	 555	unbonded
1911	  1000	73.7	155.2	 533	unbonded
1912	     0	74.5	141.2	 553	OK
1913	     0	72.7	153.7	 560	OK
1914	     0	75.5	156.3	 551	OK
1915	  1000	74.8	153.8	 534	unbonded
1916	     0	75.3	152.0	 552	OK
1917	  1000	71.8	153.3	 550	unbonded
1918	     0	75.1	152.3	 544	OK
1919	     0	73.6	147.9	 552	OK
1920	     0	70.5	159.1	 591	OK
1921	     0	71.5	162.7	 574	OK
1922	  1000	70.7	159.2	 573	unbonded
1923	     0	73.9	140.4	 604	OK
1924	     0	70.5	158.3	 578	OK
1925	     0	70.7	162.7	 581	OK
1926	     0	71.7	157.4	 590	OK
1927	     0	72.2	153.2	 575	OK
1928	     0	69.9	155.6	 602	OK
1929	  1000	70.8	164.0	 571	unbonded
1930	     0	72.5	141.1	 600	OK
1931	     0	72.1	141.4	 607	OK
1932	  1000	71.3	173.0	 567	unbonded
1933	     0	74.1	162.1	 579	OK
1934	     0	71.9	150.5	 580	OK
1935	     0	75.1	184.9	 568	OK
1936	     0	72.8	147.7	 598	OK
1937	     0	74.1	156.3	 580	OK
1938	  1000	71.3	118.8	 569	unbonded
1939	     0	72.6	149.4	 575	OK
1940	     0	70.9	138.6	 585	OK
1941	     0	70.1	148.5	 585	OK
1942	     0	72.6	166.5	 578	OK
1943	  1000	71.7	130.5	 549	unbonded
1944	     0	71.2	175.4	 593	OK
1945	     0	72.7	134.6	 591	OK
1946	     0	67.6	137.5	 615	OK
1947	     0	71.8	142.8	 594	OK
1948	     0	71.6	140.9	 588	OK
1949	     0	71.8	145.5	 596	OK
1950	  1000	69.3	141.2	 582	unbonded
1951	     0	73.1	151.5	 587	OK
1952	     0	73.4	142.6	 601	OK
1953	     0	71.1	134.6	 585	OK
1954	     0	67.8	154.4	 608	OK
1955	     0	70.8	140.4	 601	OK
1956	     0	70.3	140.9	 580	OK
1957	     0	70.7	129.7	 575	OK
1958	     0	72.3	149.1	 572	OK
1959	     0	72.6	147.6	 580	OK
1960	     0	69.7	155.6	 592	OK
1961	     0	73.9	145.0	 600	OK
1962	     0	69.4	149.6	 602	OK
1963	     0	72.9	150.7	 572	OK
1964	     0	72.3	157.7	 576	OK
1965	     0	72.2	158.4	 580	OK
1966	  1000	69.3	136.5	 577	unbonded
1967	     0	72.5	125.7	 595	OK
1968	     0	72.4	141.4	 599	OK
1969	  1000	70.2	153.7	 578	unbonded
1970	  1000	71.2	153.3	 567	unbonded
1971	     0	72.8	163.0	 586	OK
1972	     0	72.1	141.0	 583	OK
1973	     0	73.1	159.6	 581	OK
1974	     0	72.3	153.8	 598	OK
1975	     0	75.7	171.0	 569	OK
1976	     0	72.9	161.7	 565	OK
1977	     0	72.6	161.6	 585	OK
1978	     0	74.2	158.5	 579	OK
1979	     0	73.4	142.7	 602	OK
1980	     0	72.8	147.2	 594	OK
1981	     0	74.2	154.4	 576	OK
1982	     0	75.8	156.4	 575	OK
1983	     0	72.0	147.4	 582	OK
1984	     0	71.1	139.6	 591	OK
1985	     0	73.6	163.3	 562	OK
1986	     0	73.7	146.4	 591	OK
1987	     0	72.3	136.1	 573	OK
1988	     0	72.3	159.9	 578	OK
1989	     0	73.2	153.9	 585	OK
1990	     0	73.0	156.1	 587	OK
1991	     0	70.6	131.8	 580	OK
1992	     0	73.7	154.6	 576	OK
1993	     0	72.6	144.1	 587	OK
1994	  1000	72.9	171.2	 552	unbonded
1995	     0	71.8	142.8	 588	OK
1996	  1000	70.7	152.6	 570	unbonded
1997	     0	71.4	156.7	 586	OK
1998	  1000	72.5	173.4	 559	unbonded
1999	     0	74.6	169.9	 558	OK
2000	     0	71.3	146.8	 573	OK
2001	     0	69.6	140.3	 591	OK
2002	     0	73.4	156.1	 560	OK
2003	     0	74.0	143.2	 566	OK
2004	     0	73.4	141.0	 600	OK
2005	     0	72.8	153.4	 577	OK
2006	  1000	71.1	143.1	 570	unbonded
2007	     0	75.6	145.6	 581	OK
2008	  1000	72.0	123.7	 554	unbonded
2009	  1000	71.2	157.8	 563	unbonded
2010	     0	72.8	153.5	 565	OK
2011	     0	70.8	151.4	 580	OK
2012	     0	74.0	162.7	 568	OK
2013	     0	74.3	154.1	 562	OK
2014	  1000	70.2	124.3	 555	unbonded
2015	  1000	72.1	134.6	 560	unbonded
2016	  1000	71.4	158.2	 551	unbonded
2017	     0	71.8	154.4	 570	OK
2018	  1000	69.7	164.6	 558	unbonded
2019	     0	72.6	152.0	 585	OK
2020	     0	71.2	154.1	 574	OK
2021	     0	74.0	149.3	 558	OK
2022	  1000	71.1	161.9	 560	unbonded
2023	     0	72.7	157.6	 567	OK
2024	     0	73.8	162.2	 570	OK
2025	     0	71.4	140.2	 583	OK
2026	     0	71.0	133.3	 574	OK
2027	     0	72.6	147.6	 574	OK
2028	  1000	72.4	166.7	 559	unbonded
2029	     0	73.2	153.4	 569	OK
2030	     0	71.3	153.0	 593	OK
2031	     0	71.3	146.3	 571	OK
2032	  1000	72.6	171.9	 544	unbonded
2033	  1000	73.3	174.2	 553	unbonded
2034	     0	71.9	150.1	 567	OK
2035	  1000	73.0	167.7	 554	unbonded
2036	  1000	72.3	167.6	 559	unbonded
2037	  1000	71.9	171.4	 563	unbonded
2038	     0	73.4	153.0	 566	OK
2039	     0	73.3	149.1	 572	OK
2040	     0	72.4	129.6	 570	OK
2041	  1000	72.1	160.1	 563	unbonded
2042	     0	70.5	140.3	 580	OK
2043	  1000	68.8	137.1	 580	unbonded
2044	     0	72.7	151.2	 591	OK
2045	     0	72.7	140.8	 595	OK
2046	     0	72.9	158.4	 583	OK
2047	  1000	69.4	140.4	 558	unbonded
2048	     0	70.9	159.5	 611	OK
2049	     0	70.7	145.4	 624	OK
2050	     0	73.0	155.1	 593	OK
2051	     0	69.1	133.8	 595	OK
2052	     0	73.4	154.4	 604	OK
2053	     0	69.3	151.2	 605	OK
2054	     0	73.6	158.0	 600	OK
2055	     0	70.8	151.7	 607	OK
2056	  1000	68.3	161.5	 572	unbonded
2057	     0	70.7	142.2	 606	OK
2058	     0	71.7	170.4	 585	OK
2059	     0	70.4	160.9	 605	OK
2060	     0	72.3	162.9	 578	OK
2061	     0	71.2	160.7	 592	OK
2062	     0	68.2	138.4	 619	OK
2063	     0	70.2	133.9	 604	OK
2064	     0	70.5	146.6	 596	OK
2065	     0	69.7	147.1	 599	OK
2066	     0	69.5	152.7	 605	OK
2067	     0	68.9	133.2	 608	OK
2068	     0	71.1	144.0	 627	OK
2069	     0	69.8	160.7	 584	OK
2070	     0	70.4	163.1	 589	OK
2071	     0	69.9	156.4	 596	OK
2072	     0	69.6	141.3	 616	OK
2073	  1000	69.3	163.7	 586	unbonded
2074	     0	71.1	162.2	 595	OK
2075	     0	69.4	151.1	 616	OK
2076	     0	70.3	141.5	 619	OK
2077	     0	71.7	142.0	 609	OK
2078	     0	70.3	138.3	 602	OK
2079	     0	70.1	139.1	 616	OK
2080	     0	73.3	149.3	 603	OK
2081	     0	70.9	160.9	 607	OK
2082	     0	68.9	164.9	 608	OK
2083	     0	70.2	160.3	 587	OK
2084	     0	69.5	154.8	 610	OK
2085	     0	71.4	145.3	 621	OK
2086	     0	68.0	133.4	 610	OK
2087	     0	69.7	149.6	 605	OK
2088	     0	70.0	141.0	 619	OK
2089	     0	69.6	143.9	 622	OK
2090	     0	69.1	156.5	 596	OK
2091	     0	68.8	120.1	 592	OK
2092	     0	72.3	153.4	 611	OK
2093	     0	71.6	150.4	 597	OK
2094	     0	68.8	133.9	 615	OK
2095	     0	67.8	156.3	 604	OK
2096	     0	69.2	135.5	 606	OK
2097	  1000	68.3	132.4	 586	unbonded
2098	     0	69.1	149.4	 602	OK
2099	     0	72.4	142.4	 593	OK
2100	     0	70.4	165.7	 607	OK
2101	     0	72.2	147.9	 611	OK
2102	     0	72.2	144.9	 608	OK
2103	     0	70.6	168.5	 595	OK
2104	     0	72.1	152.8	 601	OK
2105	     0	72.6	140.6	 606	OK
2106	     0	72.6	148.5	 598	OK
2107	     0	70.4	147.8	 595	OK
2108	     0	75.0	159.3	 591	OK
2109	     0	73.4	121.7	 598	OK
2110	     0	73.4	145.5	 611	OK
2111	     0	71.3	157.9	 593	OK
2112	     0	69.9	130.7	 602	OK
2113	     0	71.8	151.1	 585	OK
2114	     0	68.8	146.9	 610	OK
2115	     0	70.4	154.4	 586	OK
2116	     0	71.3	138.5	 602	OK
2117	     0	70.7	143.1	 604	OK
2118	     0	71.7	145.1	 596	OK
2119	     0	69.3	125.7	 599	OK
2120	     0	72.4	142.3	 588	OK
2121	     0	71.0	141.9	 606	OK
2122	     0	71.6	146.8	 608	OK
2123	  1000	68.7	126.5	 586	unbonded
2124	     0	69.6	131.8	 600	OK
2125	     0	67.7	141.8	 615	OK
2126	     0	71.0	135.3	 584	OK
2127	     0	70.7	137.2	 608	OK
2128	     0	70.9	159.7	 602	OK
2129	     0	69.2	148.8	 617	OK
2130	     0	72.9	154.7	 594	OK
2131	  1000	68.7	170.4	 589	unbonded
2132	  1000	69.0	134.2	 588	unbonded
2133	  1000	70.1	165.1	 569	unbonded
2134	     0	72.8	154.4	 594	OK
2135	     0	71.1	142.9	 599	OK
2136	     0	68.5	127.8	 599	OK
2137	     0	69.0	126.5	 603	OK
2138	     0	69.5	131.3	 593	OK
2139	     0	71.1	146.2	 603	OK
2140	  1000	69.3	130.4	 583	unbonded
2141	     0	70.2	143.9	 607	OK
2142	     0	68.3	117.5	 600	OK
2143	  1000	68.4	140.3	 589	unbonded
2144	     0	70.2	151.6	 604	OK
2145	     0	71.0	172.1	 591	OK
2146	     0	69.5	136.0	 588	OK
2147	     0	69.5	176.1	 598	OK
2148	     0	68.6	149.6	 594	OK
2149	     0	70.6	141.4	 577	OK
2150	     0	69.1	135.2	 597	OK
2151	     0	70.8	151.8	 593	OK
2152	     0	68.8	140.9	 605	OK
2153	     0	68.8	138.2	 616	OK
2154	     0	70.9	136.2	 595	OK
2155	     0	68.9	146.6	 592	OK
2156	     0	67.5	150.2	 602	OK
2157	     0	68.4	147.7	 605	OK
2158	     0	70.4	155.0	 592	OK
2159	     0	68.9	138.8	 608	OK
2160	     0	69.8	132.7	 598	OK
2161	  1000	67.9	135.2	 597	unbonded
2162	  1000	67.8	113.4	 570	unbonded
2163	  1000	67.8	105.6	 590	unbonded
2164	  1000	68.0	127.7	 593	unbonded
2165	     0	68.2	149.4	 607	OK
2166	  1000	67.8	127.4	 587	unbonded
2167	     0	69.9	140.8	 626	OK
2168	     0	70.6	156.4	 586	OK
2169	     0	69.4	155.8	 601	OK
2170	     0	70.0	139.5	 593	OK
2171	     0	70.4	131.2	 614	OK
2172	     0	69.8	128.4	 594	OK
2173	     0	71.7	138.0	 597	OK
2174	     0	68.7	154.5	 593	OK
2175	  1000	67.7	135.8	 586	unbonded
2176	     0	77.4	139.2	 552	OK
2177	     0	76.1	159.5	 542	OK
2178	     0	78.0	157.2	 543	OK
2179	     0	79.4	157.3	 545	OK
2180	     0	77.9	149.3	 561	OK
2181	     0	77.0	137.7	 549	OK
2182	     0	76.4	160.5	 547	OK
2183	     0	78.1	160.7	 528	OK
2184	     0	77.9	176.6	 545	OK
2185	     0	76.6	147.9	 536	OK
2186	     0	75.8	133.0	 553	OK
2187	     0	75.4	147.2	 556	OK
2188	     0	77.9	160.8	 544	OK
2189	     0	75.5	134.1	 546	OK
2190	     0	78.1	144.2	 567	OK
2191	     0	76.7	156.6	 552	OK
2192	     0	76.3	148.1	 564	OK
2193	     0	77.4	141.7	 563	OK
2194	  1000	73.1	136.3	 547	unbonded
2195	     0	75.0	136.4	 561	OK
2196	     0	75.1	144.2	 550	OK
2197	     0	77.8	150.3	 557	OK
2198	  1000	77.6	160.0	 521	unbonded
2199	     0	78.1	135.9	 547	OK
2200	     0	75.5	150.6	 555	OK
2201	     0	76.2	139.1	 570	OK
2202	     0	75.9	158.9	 547	OK
2203	     0	77.3	148.6	 551	OK
2204	     0	76.4	139.0	 569	OK
2205	     0	77.0	164.9	 557	OK
2206	     0	75.7	142.7	 564	OK
2207	     0	75.4	148.7	 545	OK
2208	     0	75.5	141.9	 562	OK
2209	     0	77.2	131.9	 533	OK
2210	     0	77.4	146.6	 561	OK
2211	     0	75.3	153.0	 546	OK
2212	     0	76.5	150.2	 549	OK
2213	     0	77.0	155.5	 546	OK
2214	     0	76.9	140.2	 545	OK
2215	     0	76.5	153.4	 533	OK
2216	     0	77.7	151.7	 534	OK
2217	     0	75.5	149.0	 547	OK
2218	     0	77.3	159.0	 539	OK
2219	     0	76.0	142.6	 544	OK
2220	     0	76.0	131.6	 535	OK
2221	     0	74.2	136.3	 555	OK
2222	     0	75.6	165.3	 560	OK
2223	     0	76.6	142.2	 556	OK
2224	  1000	76.3	133.3	 530	unbonded
2225	  1000	73.9	149.8	 548	unbonded
2226	     0	74.9	128.3	 548	OK
2227	     0	77.5	150.4	 553	OK
2228	  1000	74.5	153.3	 539	unbonded
2229	  1000	75.1	149.6	 537	unbonded
2230	     0	76.8	158.6	 541	OK
2231	     0	77.1	139.5	 546	OK
2232	     0	75.9	149.1	 552	OK
2233	     0	76.5	146.7	 559	OK
2234	  1000	74.7	141.9	 538	unbonded
2235	     0	76.1	154.9	 537	OK
2236	     0	77.9	162.0	 541	OK
2237	     0	76.8	145.7	 557	OK
2238	     0	75.3	142.3	 554	OK
2239	     0	75.3	141.7	 547	OK
2240	     0	76.7	151.3	 552	OK
2241	     0	75.5	153.6	 550	OK
2242	     0	78.2	141.4	 530	OK
2243	  1000	75.3	166.0	 511	unbonded
2244	  1000	74.8	139.4	 533	unbonded
2245	  1000	75.7	125.5	 517	unbonded
2246	  1000	74.7	158.5	 538	unbonded
2247	  1000	74.8	156.9	 529	unbonded
2248	     0	76.0	144.2	 554	OK
2249	     0	76.0	129.1	 541	OK
2250	     0	73.9	133.1	 554	OK
2251	  1000	73.9	139.6	 542	unbonded
2252	  1000	76.0	161.7	 527	unbonded
2253	     0	74.7	148.2	 550	OK
2254	     0	75.5	144.0	 555	OK
2255	     0	74.7	172.9	 548	OK
2256	     0	75.3	146.1	 557	OK
2257	     0	75.7	138.5	 539	OK
2258	  1000	76.8	167.0	 528	unbonded
2259	     0	74.6	129.6	 547	OK
2260	  1000	74.9	132.3	 526	unbonded
2261	     0	75.3	150.2	 541	OK
2262	     0	76.6	141.7	 551	OK
2263	  1000	73.3	143.1	 541	unbonded
2264	  1000	74.4	155.9	 521	unbonded
2265	  1000	75.3	124.4	 504	unbonded
2266	  1000	74.9	151.0	 528	unbonded
2267	  1000	75.6	149.9	 536	unbonded
2268	  1000	74.7	144.4	 531	unbonded
2269	  1000	74.9	126.3	 523	unbonded
2270	     0	75.9	140.7	 538	OK
2271	  1000	74.8	136.9	 533	unbonded
2272	  1000	75.4	142.2	 527	unbonded
2273	  1000	76.3	149.7	 519	unbonded
2274	  1000	76.1	171.2	 533	unbonded
2275	  1000	75.2	137.8	 533	unbonded
2276	  1000	74.2	144.0	 537	unbonded
2277	  1000	73.5	141.0	 544	unbonded
2278	  1000	73.8	131.7	 520	unbonded
2279	  1000	77.0	143.9	 516	unbonded
2280	     0	74.1	144.5	 562	OK
2281	  1000	75.5	157.2	 527	unbonded
2282	  1000	73.8	151.6	 526	unbonded
2283	  1000	75.3	147.1	 528	unbonded
2284	     0	76.8	144.2	 539	OK
2285	  1000	74.5	127.2	 538	unbonded
2286	  1000	75.2	154.0	 532	unbonded
2287	  1000	74.6	132.6	 520	unbonded
2288	  1000	75.1	149.2	 527	unbonded
2289	  1000	74.6	133.9	 542	unbonded
2290	  1000	74.2	128.4	 532	unbonded
2291	  1000	74.1	145.0	 534	unbonded
2292	  1000	74.1	141.0	 534	unbonded
2293	     0	77.2	144.1	 539	OK
2294	  1000	77.0	154.8	 523	unbonded
2295	  1000	76.2	150.7	 524	unbonded
2296	     0	74.4	149.2	 547	OK
2297	  1000	75.2	137.0	 515	unbonded
2298	  1000	74.8	144.8	 530	unbonded
2299	  1000	74.9	153.0	 526	unbonded
2300	     0	77.2	155.3	 540	OK
2301	     0	76.7	148.9	 542	OK
2302	     0	77.3	134.9	 535	OK
2303	  1000	76.1	142.1	 518	unbonded
2304	     0	76.0	157.8	 602	OK
2305	     0	76.5	146.3	 629	OK
2306	     0	74.8	153.7	 615	OK
2307	     0	73.2	131.7	 623	OK
2308	     0	73.9	148.3	 629	OK
2309	     0	75.0	144.9	 626	OK
2310	     0	76.3	153.0	 599	OK
2311	     0	74.1	136.1	 618	OK
2312	     0	71.9	119.1	 627	OK
2313	     0	73.2	134.0	 597	OK
2314	     0	74.3	190.0	 626	OK
2315	     0	75.5	150.1	 638	OK
2316	     0	72.2	153.3	 622	OK
2317	     0	74.6	157.1	 614	OK
2318	     0	73.9	142.1	 605	OK
2319	     0	75.2	162.3	 610	OK
2320	     0	71.7	120.6	 622	OK
2321	     0	75.2	148.8	 602	OK
2322	     0	72.9	132.2	 619	OK
2323	     0	74.3	158.0	 601	OK
2324	     0	75.8	143.6	 635	OK
2325	     0	72.7	136.6	 624	OK
2326	     0	73.5	137.1	 618	OK
2327	     0	72.1	151.5	 614	OK
2328	     0	74.3	154.0	 594	OK
2329	     0	77.2	150.0	 606	OK
2330	     0	73.4	161.6	 595	OK
2331	     0	73.8	147.4	 626	OK
2332	     0	75.5	148.3	 633	OK
2333	     0	74.5	150.9	 611	OK
2334	     0	71.2	154.9	 620	OK
2335	     0	73.6	143.0	 627	OK
2336	     0	74.1	143.0	 633	OK
2337	     0	74.1	177.3	 602	OK
2338	     0	75.0	140.8	 625	OK
2339	     0	76.5	162.5	 609	OK
2340	     0	74.2	149.3	 606	OK
2341	     0	72.4	143.7	 636	OK
2342	     0	75.1	150.1	 606	OK
2343	     0	73.9	147.4	 620	OK
2344	     0	72.9	140.3	 619	OK
2345	     0	72.6	159.0	 606	OK
2346	     0	72.5	155.8	 626	OK
2347	     0	73.9	146.0	 622	OK
2348	     0	74.6	150.5	 602	OK
2349	     0	76.9	129.7	 617	OK
2350	     0	74.9	140.5	 630	OK
2351	     0	73.8	161.9	 599	OK
2352	     0	75.3	157.1	 609	OK
2353	     0	74.2	132.7	 622	OK
2354	     0	74.5	134.1	 621	OK
2355	     0	75.1	136.2	 625	OK
2356	     0	76.2	137.6	 604	OK
2357	     0	77.3	150.7	 600	OK
2358	     0	74.9	137.4	 610	OK
2359	     0	77.4	151.8	 603	OK
2360	     0	76.0	166.9	 611	OK
2361	     0	76.9	152.0	 624	OK
2362	     0	76.0	149.2	 612	OK
2363	     0	76.4	175.8	 600	OK
2364	     0	76.7	166.9	 586	OK
2365	     0	74.8	166.2	 599	OK
2366	     0	76.1	150.6	 603	OK
2367	     0	77.2	134.0	 593	OK
2368	     0	75.2	158.2	 603	OK
2369	     0	74.5	133.6	 616	OK
2370	     0	78.1	166.9	 602	OK
2371	     0	73.2	135.0	 634	OK
2372	     0	77.3	162.2	 597	OK
2373	     0	74.0	147.9	 627	OK
2374	     0	73.8	153.9	 601	OK
2375	     0	76.1	174.7	 611	OK
2376	     0	74.9	154.3	 608	OK
2377	     0	74.6	133.5	 606	OK
2378	     0	76.0	155.0	 608	OK
2379	     0	74.6	156.6	 611	OK
2380	     0	74.9	137.5	 596	OK
2381	     0	76.1	154.5	 615	OK
2382	     0	75.5	146.5	 622	OK
2383	     0	75.0	168.2	 588	OK
2384	     0	75.4	140.7	 610	OK
2385	     0	74.8	156.3	 599	OK
2386	     0	74.3	143.0	 621	OK
2387	     0	74.2	156.9	 617	OK
2388	     0	76.6	153.5	 599	OK
2389	     0	73.8	145.4	 611	OK
2390	     0	76.2	145.6	 597	OK
2391	     0	75.0	159.2	 604	OK
2392	     0	75.3	165.0	 606	OK
2393	     0	76.0	154.8	 604	OK
2394	     0	74.2	157.7	 621	OK
2395	     0	73.4	149.1	 627	OK
2396	     0	75.5	137.0	 608	OK
2397	     0	76.8	135.0	 602	OK
2398	     0	75.0	141.3	 606	OK
2399	     0	74.1	149.1	 604	OK
2400	     0	74.1	148.5	 595	OK
2401	     0	74.8	137.5	 617	OK
2402	     0	72.8	166.6	 624	OK
2403	     0	75.1	149.8	 611	OK
2404	     0	74.2	144.3	 608	OK
2405	     0	75.2	169.8	 598	OK
2406	     0	73.1	149.3	 606	OK
2407	     0	75.1	168.9	 603	OK
2408	     0	73.5	147.5	 609	OK
2409	     0	73.8	142.2	 617	OK
2410	     0	73.5	152.1	 596	OK
2411	     0	75.1	161.8	 597	OK
2412	     0	74.1	178.9	 603	OK
2413	     0	75.1	156.9	 594	OK
2414	     0	75.8	144.5	 613	OK
2415	     0	76.1	158.4	 587	OK
2416	     0	73.8	157.7	 623	OK
2417	     0	75.1	149.5	 604	OK
2418	     0	76.2	155.7	 596	OK
2419	     0	74.5	155.6	 597	OK
2420	     0	74.5	127.4	 599	OK
2421	     0	78.1	157.3	 584	OK
2422	     0	74.4	170.5	 601	OK
2423	     0	74.0	148.2	 611	OK
2424	     0	75.2	135.0	 599	OK
2425	     0	76.6	159.4	 614	OK
2426	     0	74.7	164.4	 599	OK
2427	     0	74.8	135.5	 604	OK
2428	  4000	75.0	172.3	 675	high noise
2429	     0	76.8	157.6	 607	OK
2430	     0	72.3	172.3	 614	OK
2431	     0	75.2	140.2	 617	OK
2432	     0	78.3	144.3	 613	OK
2433	     0	74.6	140.6	 625	OK
2434	     0	77.6	171.7	 607	OK
2435	     0	75.3	160.1	 588	OK
2436	     0	73.4	160.5	 592	OK
2437	     0	76.7	149.8	 627	OK
2438	     0	75.9	158.3	 603	OK
2439	     0	76.6	140.2	 604	OK
2440	     0	76.9	153.5	 621	OK
2441	     0	74.5	161.5	 599	OK
2442	     0	75.9	131.7	 621	OK
2443	     0	72.7	157.9	 601	OK
2444	     0	74.0	148.7	 607	OK
2445	     0	76.7	156.4	 596	OK
2446	     0	73.5	165.4	 602	OK
2447	     0	74.3	165.4	 583	OK
2448	     0	73.7	154.2	 607	OK
2449	     0	74.8	137.6	 623	OK
2450	     0	77.0	150.5	 605	OK
2451	     0	75.4	142.9	 611	OK
2452	     0	76.0	156.4	 598	OK
2453	     0	76.7	172.9	 582	OK
2454	     0	74.1	159.2	 613	OK
2455	     0	76.6	149.8	 601	OK
2456	     0	75.1	135.3	 619	OK
2457	     0	76.0	150.1	 606	OK
2458	     0	73.5	163.3	 603	OK
2459	     0	74.2	162.5	 594	OK
2460	     0	76.0	151.9	 608	OK
2461	     0	74.7	163.2	 607	OK
2462	     0	75.1	165.1	 581	OK
2463	     0	73.2	147.9	 630	OK
2464	     0	78.9	140.6	 586	OK
2465	     0	75.0	139.8	 631	OK
2466	     0	73.3	135.0	 617	OK
2467	     0	72.4	158.8	 604	OK
2468	     0	75.0	134.2	 624	OK
2469	     0	77.6	157.5	 594	OK
2470	     0	74.4	163.4	 593	OK
2471	     0	76.9	162.5	 614	OK
2472	     0	75.2	153.1	 616	OK
2473	     0	74.4	158.5	 598	OK
2474	     0	76.5	164.5	 608	OK
2475	     0	75.5	152.8	 580	OK
2476	     0	78.0	165.9	 595	OK
2477	     0	76.7	176.9	 602	OK
2478	     0	75.8	143.8	 625	OK
2479	     0	76.5	143.5	 591	OK
2480	     0	77.8	140.0	 605	OK
2481	     0	76.2	152.6	 591	OK
2482	     0	74.3	131.1	 619	OK
2483	     0	76.9	170.7	 602	OK
2484	     0	77.6	147.0	 605	OK
2485	     0	75.1	148.7	 610	OK
2486	     0	73.0	143.0	 619	OK
2487	     0	76.5	162.1	 580	OK
2488	     0	74.2	163.4	 594	OK
2489	     0	74.9	123.5	 583	OK
2490	     0	76.1	145.0	 608	OK
2491	     0	78.8	136.6	 607	OK
2492	     0	76.6	134.7	 619	OK
2493	     0	76.0	141.7	 609	OK
2494	     0	73.7	146.0	 626	OK
2495	     0	76.9	150.1	 612	OK
2496	     0	76.9	130.7	 607	OK
2497	     0	75.5	151.2	 611	OK
2498	     0	76.2	148.5	 618	OK
2499	     0	76.5	153.2	 610	OK
2500	     0	75.4	156.5	 601	OK
2501	     0	73.0	147.1	 624	OK
2502	     0	73.9	149.9	 616	OK
2503	     0	73.5	154.4	 607	OK
2504	     0	74.6	162.9	 598	OK
2505	     0	75.0	160.4	 609	OK
2506	     0	75.4	160.5	 610	OK
2507	     0	75.3	158.9	 604	OK
2508	     0	76.1	145.6	 617	OK
2509	     0	75.6	151.7	 615	OK
2510	     0	75.9	147.7	 609	OK
2511	     0	75.5	154.1	 615	OK
2512	     0	75.3	143.5	 623	OK
2513	     0	74.7	155.4	 615	OK
2514	     0	74.2	124.4	 608	OK
2515	     0	74.4	142.5	 621	OK
2516	     0	73.5	134.7	 626	OK
2517	     0	77.7	150.6	 615	OK
2518	     0	77.0	157.2	 591	OK
2519	     0	73.1	145.1	 624	OK
2520	     0	74.4	168.2	 590	OK
2521	     0	74.8	146.3	 607	OK
2522	     0	75.7	152.8	 609	OK
2523	     0	76.0	160.9	 605	OK
2524	     0	76.8	155.9	 596	OK
2525	     0	74.1	146.2	 610	OK
2526	     0	74.5	148.8	 607	OK
2527	     0	74.2	142.1	 608	OK
2528	     0	75.6	176.9	 608	OK
2529	     0	74.5	154.6	 590	OK
2530	     0	72.3	143.6	 637	OK
2531	     0	74.2	157.3	 604	OK
2532	     0	75.1	131.0	 602	OK
2533	     0	73.3	155.7	 613	OK
2534	     0	75.3	147.2	 616	OK
2535	     0	77.1	157.9	 604	OK
2536	     0	72.8	170.9	 608	OK
2537	     0	74.6	125.0	 595	OK
2538	     0	75.6	149.0	 620	OK
2539	     0	75.2	131.1	 609	OK
2540	     0	75.8	151.9	 599	OK
2541	     0	70.0	154.3	 609	OK
2542	     0	73.5	155.0	 605	OK
2543	     0	71.8	135.7	 616	OK
2544	     0	73.3	156.3	 619	OK
2545	     0	72.9	162.5	 613	OK
2546	     0	75.1	143.8	 607	OK
2547	     0	74.6	165.4	 594	OK
2548	     0	73.3	140.9	 623	OK
2549	     0	75.9	164.3	 607	OK
2550	     0	76.3	135.7	 608	OK
2551	     0	74.7	153.8	 604	OK
2552	     0	73.4	151.7	 607	OK
2553	     0	73.9	140.3	 624	OK
2554	     0	73.7	170.0	 603	OK
2555	     0	73.7	158.3	 612	OK
2556	     0	74.8	145.1	 620	OK
2557	     0	72.8	122.5	 613	OK
2558	     0	74.1	126.5	 624	OK
2559	     0	73.6	148.2	 612	OK
2560	     0	78.7	161.9	 573	OK
2561	     0	81.1	167.5	 557	OK
2562	     0	78.1	148.8	 587	OK
2563	     0	79.9	157.3	 581	OK
2564	     0	77.0	157.9	 578	OK
2565	     0	78.7	162.6	 555	OK
2566	     0	78.4	165.6	 568	OK
2567	     0	78.8	149.1	 564	OK
2568	     0	77.9	144.1	 594	OK
2569	     0	80.5	168.6	 571	OK
2570	     0	79.0	147.4	 595	OK
2571	     0	77.2	187.9	 596	OK
2572	     0	79.9	169.2	 567	OK
2573	     0	77.7	125.8	 573	OK
2574	     0	78.6	175.0	 565	OK
2575	     0	80.0	141.8	 586	OK
2576	     0	75.9	146.5	 596	OK
2577	     0	77.4	153.1	 574	OK
2578	     0	78.3	144.0	 582	OK
2579	     0	78.1	150.6	 577	OK
2580	     0	77.7	158.9	 567	OK
2581	     0	79.6	162.4	 554	OK
2582	     0	78.2	140.1	 585	OK
2583	     0	79.4	159.4	 589	OK
2584	     0	77.7	156.8	 581	OK
2585	     0	80.1	164.3	 574	OK
2586	     0	76.2	162.3	 556	OK
2587	     0	78.4	150.4	 572	OK
2588	     0	81.2	170.7	 564	OK
2589	     0	78.8	157.9	 565	OK
2590	     0	77.7	148.2	 590	OK
2591	     0	77.9	165.4	 563	OK
2592	     0	80.5	160.6	 580	OK
2593	     0	79.1	180.1	 560	OK
2594	     0	77.9	173.6	 564	OK
2595	     0	77.8	160.1	 570	OK
2596	     0	77.0	156.0	 591	OK
2597	     0	79.2	187.0	 582	OK
2598	     0	78.8	160.8	 579	OK
2599	     0	79.0	159.2	 582	OK
2600	     0	79.2	145.2	 586	OK
2601	     0	79.9	153.4	 564	OK
2602	     0	78.4	153.8	 580	OK
2603	     0	79.8	169.1	 563	OK
2604	     0	78.6	153.6	 591	OK
2605	     0	80.1	167.6	 558	OK
2606	     0	79.2	158.8	 588	OK
2607	     0	79.2	158.0	 577	OK
2608	     0	77.6	157.3	 573	OK
2609	     0	78.0	152.9	 580	OK
2610	     0	79.6	167.0	 553	OK
2611	     0	79.3	160.4	 559	OK
2612	     0	81.7	166.5	 572	OK
2613	     0	80.8	170.5	 549	OK
2614	     0	78.6	153.3	 582	OK
2615	     0	77.4	155.9	 567	OK
2616	     0	82.2	167.9	 567	OK
2617	     0	81.1	152.4	 549	OK
2618	     0	80.1	157.6	 567	OK
2619	     0	80.7	154.7	 586	OK
2620	     0	79.6	153.4	 592	OK
2621	     0	77.6	147.3	 575	OK
2622	     0	80.1	154.6	 573	OK
2623	     0	81.0	160.2	 561	OK
2624	     0	80.1	161.9	 581	OK
2625	     0	78.1	153.9	 578	OK
2626	     0	81.2	151.3	 588	OK
2627	     0	77.1	148.0	 565	OK
2628	     0	81.3	153.7	 568	OK
2629	     0	79.3	161.8	 564	OK
2630	     0	80.2	161.6	 582	OK
2631	     0	80.7	168.3	 571	OK
2632	     0	77.1	146.4	 592	OK
2633	     0	78.8	148.6	 580	OK
2634	     0	77.8	163.5	 565	OK
2635	     0	79.8	170.0	 565	OK
2636	     0	79.4	147.0	 591	OK
2637	     0	78.3	149.5	 589	OK
2638	     0	79.2	174.4	 559	OK
2639	     0	79.8	174.1	 559	OK
2640	     0	79.1	159.2	 575	OK
2641	     0	81.0	151.8	 573	OK
2642	     0	80.9	153.9	 567	OK
2643	     0	78.6	157.3	 549	OK
2644	     0	80.4	160.5	 556	OK
2645	     0	80.1	146.8	 575	OK
2646	     0	78.5	163.6	 556	OK
2647	     0	79.5	171.2	 560	OK
2648	     0	78.9	153.3	 574	OK
2649	     0	80.6	174.6	 557	OK
2650	     0	79.1	163.0	 563	OK
2651	     0	80.5	155.0	 576	OK
2652	     0	82.8	169.2	 556	OK
2653	     0	79.4	155.2	 563	OK
2654	     0	78.8	155.4	 576	OK
2655	     0	77.8	146.7	 572	OK
2656	     0	78.2	151.7	 581	OK
2657	     0	79.8	164.7	 566	OK
2658	     0	81.1	163.6	 558	OK
2659	     0	80.1	169.1	 573	OK
2660	     0	78.8	150.9	 553	OK
2661	     0	79.9	162.1	 549	OK
2662	     0	79.5	152.9	 558	OK
2663	     0	79.2	168.4	 549	OK
2664	     0	79.2	153.9	 568	OK
2665	     0	79.3	163.7	 561	OK
2666	     0	81.5	173.6	 573	OK
2667	     0	79.6	147.9	 560	OK
2668	     0	81.3	176.1	 572	OK
2669	     0	77.5	144.1	 567	OK
2670	     0	81.2	170.0	 553	OK
2671	     0	80.9	184.2	 557	OK
2672	     0	78.6	135.6	 578	OK
2673	     0	77.1	147.1	 557	OK
2674	     0	81.3	168.9	 556	OK
2675	     0	78.9	163.3	 554	OK
2676	     0	77.7	140.7	 579	OK
2677	     0	78.6	160.3	 577	OK
2678	     0	79.5	150.1	 581	OK
2679	     0	80.7	157.6	 562	OK
2680	     0	79.7	163.0	 557	OK
2681	     0	80.5	164.0	 549	OK
2682	     0	80.2	162.2	 569	OK
2683	     0	82.0	164.4	 553	OK
2684	     0	80.5	161.6	 564	OK
2685	     0	80.9	150.2	 578	OK
2686	     0	79.4	161.0	 567	OK
2687	     0	82.0	177.9	 562	OK
