#chan	code	gain	vt50	innse	comment
   0	     0	73.6	147.4	 755	OK
   1	     0	74.3	154.8	 757	OK
   2	     0	76.6	140.1	 752	OK
   3	     0	75.5	141.3	 750	OK
   4	     0	73.7	128.3	 735	OK
   5	     0	72.2	162.4	 733	OK
   6	     0	74.0	145.6	 755	OK
   7	     0	75.1	152.7	 721	OK
   8	     0	72.4	136.8	 748	OK
   9	     0	73.7	134.9	 748	OK
  10	     0	74.0	160.9	 741	OK
  11	     0	74.6	126.2	 729	OK
  12	     0	73.8	150.2	 734	OK
  13	     0	73.1	147.1	 745	OK
  14	     0	73.8	166.3	 725	OK
  15	     0	72.1	165.1	 726	OK
  16	     0	75.1	157.4	 746	OK
  17	     0	72.7	160.4	 716	OK
  18	     0	73.5	139.6	 745	OK
  19	     0	73.4	156.5	 725	OK
  20	     0	72.5	138.4	 736	OK
  21	     0	74.3	159.4	 749	OK
  22	     0	74.0	159.1	 740	OK
  23	     0	72.6	177.9	 744	OK
  24	     0	73.8	146.0	 743	OK
  25	     0	73.6	156.8	 750	OK
  26	     0	73.0	162.7	 713	OK
  27	     0	74.9	154.0	 748	OK
  28	     0	73.3	163.1	 717	OK
  29	     0	72.3	137.1	 752	OK
  30	     0	74.4	164.3	 728	OK
  31	     0	72.6	128.2	 724	OK
  32	     0	74.2	147.1	 751	OK
  33	     0	74.7	136.7	 741	OK
  34	     0	72.7	147.9	 738	OK
  35	     0	72.1	151.5	 741	OK
  36	     0	72.3	137.4	 731	OK
  37	     0	72.1	130.7	 734	OK
  38	     0	72.1	140.7	 747	OK
  39	     0	71.8	156.5	 732	OK
  40	     0	73.0	142.1	 743	OK
  41	     0	73.4	166.0	 736	OK
  42	     0	75.0	144.3	 759	OK
  43	     0	72.2	155.1	 759	OK
  44	     0	75.9	152.3	 727	OK
  45	     0	74.3	162.2	 730	OK
  46	     0	74.5	133.8	 727	OK
  47	     0	73.4	138.5	 738	OK
  48	     0	74.5	150.0	 735	OK
  49	     0	74.0	131.2	 752	OK
  50	     0	74.3	150.4	 734	OK
  51	     0	73.1	130.8	 737	OK
  52	     0	72.0	152.3	 736	OK
  53	     0	74.8	147.7	 750	OK
  54	     0	75.9	173.1	 719	OK
  55	     0	72.5	141.4	 773	OK
  56	     0	75.3	155.7	 720	OK
  57	     0	73.8	157.2	 718	OK
  58	     0	75.2	145.3	 739	OK
  59	     0	74.8	133.8	 752	OK
  60	     0	74.7	160.9	 726	OK
  61	     0	75.9	155.6	 717	OK
  62	     0	75.3	164.3	 719	OK
  63	     0	76.9	135.8	 742	OK
  64	     0	76.1	157.4	 739	OK
  65	     0	72.6	156.5	 721	OK
  66	     0	73.6	157.7	 747	OK
  67	     0	73.7	141.6	 742	OK
  68	     0	73.5	159.9	 711	OK
  69	     0	75.8	160.4	 710	OK
  70	     0	73.9	138.8	 749	OK
  71	     0	74.6	162.8	 717	OK
  72	     0	71.3	159.4	 729	OK
  73	     0	73.5	150.5	 738	OK
  74	     0	73.8	158.4	 731	OK
  75	     0	73.7	171.8	 711	OK
  76	     0	74.7	151.3	 727	OK
  77	     0	72.1	161.0	 704	OK
  78	     0	73.6	156.3	 716	OK
  79	     0	73.7	165.0	 708	OK
  80	     0	72.1	157.2	 713	OK
  81	     0	76.3	140.4	 735	OK
  82	     0	72.3	138.8	 738	OK
  83	     0	71.3	132.8	 714	OK
  84	     0	73.2	159.8	 733	OK
  85	     0	73.7	152.5	 724	OK
  86	     0	73.4	143.3	 741	OK
  87	     0	73.4	155.7	 740	OK
  88	     0	74.7	161.2	 693	OK
  89	     0	73.5	154.7	 741	OK
  90	     0	76.3	159.4	 706	OK
  91	     0	76.4	155.6	 718	OK
  92	     0	73.9	137.9	 735	OK
  93	     0	73.9	139.8	 741	OK
  94	     0	73.4	147.0	 729	OK
  95	     0	74.3	136.9	 738	OK
  96	     0	75.3	156.0	 724	OK
  97	     0	74.8	153.9	 711	OK
  98	     0	75.1	142.4	 733	OK
  99	     0	74.5	154.0	 726	OK
 100	     0	76.8	141.9	 749	OK
 101	     0	75.1	144.0	 744	OK
 102	     0	71.9	179.9	 699	OK
 103	     0	73.8	139.0	 739	OK
 104	     0	74.0	161.3	 708	OK
 105	     0	74.1	144.9	 713	OK
 106	     0	74.4	151.5	 720	OK
 107	     0	72.7	156.9	 704	OK
 108	     0	74.7	147.6	 702	OK
 109	     0	76.1	152.5	 709	OK
 110	     0	76.0	161.6	 686	OK
 111	     0	72.8	151.2	 718	OK
 112	     0	74.5	144.4	 735	OK
 113	     0	73.9	151.0	 718	OK
 114	     0	75.9	157.1	 712	OK
 115	     0	73.5	150.9	 718	OK
 116	     0	74.4	146.6	 715	OK
 117	     0	72.6	152.6	 689	OK
 118	     0	73.9	140.9	 735	OK
 119	     0	73.6	151.8	 703	OK
 120	     0	73.5	152.6	 729	OK
 121	     0	72.0	160.9	 693	OK
 122	     0	73.3	131.9	 704	OK
 123	     0	76.3	149.6	 727	OK
 124	     0	74.7	170.6	 717	OK
 125	     0	75.8	151.8	 721	OK
 126	     0	75.8	153.0	 725	OK
 127	     0	75.3	139.3	 775	OK
 128	     0	71.6	165.4	 740	OK
 129	     0	69.6	147.8	 746	OK
 130	     0	73.5	169.3	 703	OK
 131	     0	75.1	156.2	 712	OK
 132	     0	72.2	136.2	 729	OK
 133	     0	71.2	152.9	 753	OK
 134	     0	73.5	136.4	 752	OK
 135	     0	74.3	153.3	 725	OK
 136	     0	75.0	138.2	 737	OK
 137	     0	70.6	151.1	 753	OK
 138	     0	73.8	164.2	 723	OK
 139	     0	73.2	139.1	 738	OK
 140	     0	73.9	144.7	 762	OK
 141	     0	70.7	156.6	 729	OK
 142	     0	74.1	131.6	 726	OK
 143	     0	74.9	157.3	 726	OK
 144	     0	71.1	159.6	 743	OK
 145	     0	72.1	155.5	 728	OK
 146	     0	72.5	142.4	 753	OK
 147	     0	71.7	149.8	 723	OK
 148	     0	72.1	153.6	 748	OK
 149	     0	71.8	136.0	 743	OK
 150	     0	75.7	144.8	 721	OK
 151	     0	71.7	153.1	 737	OK
 152	     0	72.4	131.5	 732	OK
 153	     0	72.4	174.9	 728	OK
 154	     0	74.3	155.6	 723	OK
 155	     0	72.9	143.3	 739	OK
 156	     0	72.3	159.3	 736	OK
 157	     0	74.8	154.4	 763	OK
 158	     0	71.5	172.3	 721	OK
 159	     0	74.1	142.0	 739	OK
 160	     0	73.0	140.0	 750	OK
 161	     0	73.6	165.5	 722	OK
 162	     0	76.5	154.8	 720	OK
 163	     0	71.0	149.6	 738	OK
 164	     0	74.9	141.2	 754	OK
 165	     0	73.2	141.4	 756	OK
 166	     0	70.1	154.8	 742	OK
 167	     0	71.6	145.6	 750	OK
 168	     0	69.3	144.8	 742	OK
 169	     0	72.8	162.9	 712	OK
 170	     0	73.4	157.5	 740	OK
 171	     0	70.9	149.6	 743	OK
 172	     0	72.9	147.3	 756	OK
 173	     0	74.4	157.7	 717	OK
 174	     0	73.6	162.2	 740	OK
 175	     0	72.0	158.7	 740	OK
 176	     0	75.4	158.3	 743	OK
 177	     0	74.8	137.4	 758	OK
 178	     0	72.1	170.7	 730	OK
 179	     0	73.1	153.9	 733	OK
 180	     0	69.3	156.5	 751	OK
 181	     0	72.1	160.4	 735	OK
 182	     0	73.1	155.5	 730	OK
 183	     0	73.3	144.0	 760	OK
 184	     0	71.8	147.7	 772	OK
 185	     0	73.0	144.4	 763	OK
 186	     0	74.9	147.6	 744	OK
 187	     0	75.5	170.0	 754	OK
 188	     0	76.2	154.1	 755	OK
 189	     0	77.0	171.5	 736	OK
 190	     0	75.1	150.1	 772	OK
 191	     0	73.6	144.6	 748	OK
 192	     0	73.1	147.3	 777	OK
 193	     0	73.2	148.3	 733	OK
 194	     0	75.3	140.2	 780	OK
 195	     0	72.2	143.3	 770	OK
 196	     0	73.2	159.9	 748	OK
 197	     0	74.1	146.0	 735	OK
 198	     0	72.6	155.1	 766	OK
 199	     0	73.3	143.3	 757	OK
 200	     0	74.2	154.2	 754	OK
 201	     0	72.6	142.3	 782	OK
 202	     0	73.1	136.7	 772	OK
 203	     0	71.6	150.5	 751	OK
 204	     0	73.5	149.7	 760	OK
 205	     0	73.0	146.6	 755	OK
 206	     0	71.6	161.2	 752	OK
 207	     0	73.8	144.6	 773	OK
 208	     0	73.7	153.1	 746	OK
 209	     0	70.1	142.0	 742	OK
 210	     0	73.7	146.6	 763	OK
 211	     0	71.8	137.4	 758	OK
 212	     0	74.1	139.3	 774	OK
 213	     0	71.8	145.5	 740	OK
 214	     0	72.3	154.8	 758	OK
 215	     0	72.4	138.4	 762	OK
 216	     0	74.3	149.6	 744	OK
 217	     0	71.1	158.9	 740	OK
 218	     0	74.0	148.8	 755	OK
 219	     0	72.5	145.0	 755	OK
 220	     0	72.5	162.7	 741	OK
 221	     0	72.2	150.3	 754	OK
 222	     0	72.4	149.3	 759	OK
 223	     0	73.5	141.8	 764	OK
 224	     0	72.9	133.4	 747	OK
 225	     0	73.7	146.5	 773	OK
 226	     0	72.7	144.2	 759	OK
 227	     0	73.3	146.2	 740	OK
 228	     0	73.0	149.4	 778	OK
 229	     0	70.6	145.2	 759	OK
 230	     0	74.5	143.5	 761	OK
 231	     0	71.9	156.0	 735	OK
 232	     0	69.4	147.2	 767	OK
 233	     0	72.5	135.6	 746	OK
 234	     0	72.3	139.8	 744	OK
 235	     0	72.0	146.7	 758	OK
 236	     0	72.4	149.9	 746	OK
 237	     0	71.5	144.3	 745	OK
 238	     0	74.3	131.5	 731	OK
 239	     0	72.1	133.3	 746	OK
 240	     0	71.0	151.1	 757	OK
 241	     0	73.0	154.6	 755	OK
 242	     0	71.2	157.7	 735	OK
 243	     0	74.2	148.7	 743	OK
 244	     0	72.4	155.9	 752	OK
 245	     0	71.4	136.6	 766	OK
 246	     0	74.0	166.4	 719	OK
 247	     0	73.0	134.6	 770	OK
 248	     0	72.2	141.9	 750	OK
 249	     0	71.8	137.7	 743	OK
 250	     0	71.0	166.4	 739	OK
 251	     0	71.6	154.0	 755	OK
 252	     0	69.1	155.0	 750	OK
 253	     0	72.0	140.7	 748	OK
 254	     0	74.2	153.7	 761	OK
 255	     0	69.1	145.1	 737	OK
 256	     0	69.4	134.9	 748	OK
 257	     0	72.2	131.7	 752	OK
 258	     0	70.0	145.1	 774	OK
 259	     0	69.5	152.9	 750	OK
 260	     0	71.2	156.3	 747	OK
 261	     0	67.1	132.8	 755	OK
 262	     0	70.9	137.4	 747	OK
 263	     0	68.5	146.8	 769	OK
 264	     0	68.3	139.4	 760	OK
 265	     0	69.3	144.1	 764	OK
 266	     0	69.5	137.6	 755	OK
 267	     0	70.0	154.0	 746	OK
 268	     0	69.5	164.1	 727	OK
 269	     0	71.1	130.7	 738	OK
 270	     0	69.4	151.0	 758	OK
 271	     0	69.0	140.9	 737	OK
 272	     0	69.4	136.9	 770	OK
 273	     0	68.0	141.7	 774	OK
 274	     0	67.5	143.4	 753	OK
 275	     0	70.2	138.6	 765	OK
 276	     0	68.3	137.1	 771	OK
 277	     0	68.6	147.4	 770	OK
 278	     0	70.4	163.6	 720	OK
 279	     0	67.7	153.8	 754	OK
 280	     0	69.6	149.3	 768	OK
 281	     0	68.6	152.5	 759	OK
 282	     0	71.3	133.6	 767	OK
 283	     0	69.7	123.1	 719	OK
 284	     0	70.9	149.7	 751	OK
 285	     0	70.3	138.1	 763	OK
 286	     0	68.9	154.0	 759	OK
 287	     0	70.5	142.8	 767	OK
 288	     0	69.3	160.4	 737	OK
 289	     0	69.7	109.5	 752	OK
 290	     0	72.4	147.0	 763	OK
 291	     0	70.2	151.9	 759	OK
 292	     0	69.5	135.6	 761	OK
 293	     0	71.8	139.5	 760	OK
 294	     0	69.8	120.4	 729	OK
 295	     0	69.3	138.1	 771	OK
 296	     0	69.1	144.0	 762	OK
 297	     0	69.6	139.2	 766	OK
 298	     0	68.5	149.4	 770	OK
 299	     0	70.5	140.8	 780	OK
 300	     0	71.0	129.7	 765	OK
 301	     0	68.9	144.7	 751	OK
 302	     0	71.5	124.6	 738	OK
 303	     0	70.6	140.1	 773	OK
 304	     0	70.4	154.7	 771	OK
 305	     0	67.4	160.5	 743	OK
 306	     0	71.8	132.5	 748	OK
 307	     0	73.8	134.6	 781	OK
 308	     0	69.3	139.7	 777	OK
 309	     0	68.6	144.5	 775	OK
 310	     0	70.2	134.5	 764	OK
 311	     0	69.6	143.8	 765	OK
 312	     0	67.3	123.0	 738	OK
 313	     0	67.4	149.5	 757	OK
 314	     0	70.1	139.8	 766	OK
 315	     0	73.3	141.7	 771	OK
 316	     0	72.8	145.0	 760	OK
 317	     0	72.7	128.0	 742	OK
 318	     0	72.6	159.0	 732	OK
 319	     0	71.1	149.4	 760	OK
 320	     0	72.7	158.1	 759	OK
 321	     0	68.9	150.7	 761	OK
 322	     0	71.2	147.3	 747	OK
 323	     0	71.3	153.8	 760	OK
 324	     0	72.3	128.6	 737	OK
 325	     0	70.1	136.8	 784	OK
 326	     0	73.0	147.8	 759	OK
 327	     0	71.0	163.7	 723	OK
 328	     0	71.6	145.4	 751	OK
 329	     0	71.5	148.0	 762	OK
 330	     0	71.3	163.5	 711	OK
 331	     0	71.9	135.4	 759	OK
 332	     0	72.3	137.2	 761	OK
 333	     0	68.3	143.7	 755	OK
 334	     0	71.6	150.5	 763	OK
 335	     0	70.1	142.8	 791	OK
 336	     0	69.5	150.3	 754	OK
 337	     0	70.6	147.0	 757	OK
 338	     0	68.0	130.1	 730	OK
 339	     0	69.7	143.8	 774	OK
 340	     0	67.4	136.8	 765	OK
 341	     0	70.3	155.8	 752	OK
 342	     0	68.5	143.9	 758	OK
 343	     0	70.5	153.5	 761	OK
 344	     0	70.0	146.2	 766	OK
 345	     0	70.8	130.1	 735	OK
 346	     0	69.0	140.0	 769	OK
 347	     0	74.4	129.4	 740	OK
 348	     0	70.9	137.1	 768	OK
 349	     0	70.2	127.0	 712	OK
 350	     0	68.8	144.1	 783	OK
 351	     0	69.6	147.8	 768	OK
 352	     0	72.1	151.2	 749	OK
 353	     0	73.2	151.7	 751	OK
 354	     0	69.3	153.2	 729	OK
 355	     0	71.7	151.7	 743	OK
 356	     0	70.1	142.0	 754	OK
 357	     0	72.0	135.5	 766	OK
 358	     0	70.1	140.6	 753	OK
 359	     0	70.9	141.0	 750	OK
 360	     0	69.0	135.3	 743	OK
 361	     0	70.6	153.6	 744	OK
 362	     0	70.1	125.5	 718	OK
 363	     0	67.7	136.5	 737	OK
 364	     0	70.9	144.6	 733	OK
 365	     0	72.0	138.6	 768	OK
 366	     0	73.0	145.7	 754	OK
 367	     0	69.1	146.5	 749	OK
 368	     0	70.9	136.5	 751	OK
 369	     0	72.2	125.6	 715	OK
 370	     0	68.8	140.6	 765	OK
 371	     0	71.2	125.6	 719	OK
 372	     0	72.6	144.5	 753	OK
 373	     0	70.5	123.6	 714	OK
 374	     0	69.6	157.8	 733	OK
 375	     0	69.5	108.7	 695	OK
 376	     0	71.8	145.1	 741	OK
 377	     0	71.1	143.1	 744	OK
 378	     0	70.6	144.5	 749	OK
 379	     0	68.7	159.5	 731	OK
 380	     0	71.7	142.9	 749	OK
 381	     0	69.5	140.8	 751	OK
 382	     0	71.1	147.9	 749	OK
 383	     0	71.5	144.7	 761	OK
 384	     0	56.2	145.4	 766	OK
 385	     0	61.9	135.4	 738	OK
 386	     0	60.0	161.4	 706	OK
 387	     0	60.9	206.5	 714	OK
 388	     0	58.5	135.0	 754	OK
 389	     0	59.4	164.0	 742	OK
 390	     0	63.3	138.7	 731	OK
 391	     0	61.3	156.1	 738	OK
 392	     0	60.5	163.8	 723	OK
 393	     0	61.0	162.8	 726	OK
 394	     0	59.4	154.2	 731	OK
 395	     0	60.4	128.8	 698	OK
 396	     0	60.4	151.6	 743	OK
 397	     0	62.2	145.4	 756	OK
 398	     0	61.9	190.5	 731	OK
 399	     0	63.0	166.3	 714	OK
 400	     0	62.2	120.8	 700	OK
 401	     0	61.2	115.7	 702	OK
 402	     0	64.4	160.1	 742	OK
 403	     0	59.5	163.8	 737	OK
 404	     0	63.5	149.0	 746	OK
 405	     0	61.5	160.5	 723	OK
 406	     0	62.1	142.8	 732	OK
 407	     0	61.8	167.1	 710	OK
 408	     0	61.0	146.6	 742	OK
 409	     0	62.5	156.9	 716	OK
 410	     0	62.9	159.9	 714	OK
 411	     0	63.3	191.2	 709	OK
 412	     0	61.4	139.2	 725	OK
 413	     0	62.5	131.4	 727	OK
 414	     0	60.6	177.5	 714	OK
 415	     0	62.5	130.3	 706	OK
 416	     0	62.6	148.6	 729	OK
 417	     0	64.2	140.7	 752	OK
 418	     0	62.9	161.3	 719	OK
 419	     0	66.1	158.5	 742	OK
 420	     0	64.6	149.5	 731	OK
 421	     0	62.9	156.1	 732	OK
 422	     0	62.3	147.6	 760	OK
 423	     0	62.7	134.1	 736	OK
 424	     0	60.7	158.3	 747	OK
 425	     0	63.6	152.9	 764	OK
 426	     0	64.0	140.7	 745	OK
 427	     0	63.4	139.2	 748	OK
 428	     0	63.7	133.8	 738	OK
 429	     0	64.9	159.5	 728	OK
 430	     0	63.9	163.3	 726	OK
 431	     0	62.8	138.9	 778	OK
 432	     0	64.3	141.1	 744	OK
 433	     0	64.6	157.8	 722	OK
 434	     0	63.4	151.7	 750	OK
 435	     0	64.0	152.4	 761	OK
 436	     0	65.5	133.1	 720	OK
 437	     0	66.4	154.5	 752	OK
 438	     0	63.6	148.7	 745	OK
 439	     0	64.7	140.7	 766	OK
 440	     0	65.1	167.8	 723	OK
 441	     0	64.3	159.3	 753	OK
 442	     0	65.9	188.2	 739	OK
 443	     0	66.9	158.5	 738	OK
 444	     0	67.1	132.0	 736	OK
 445	     0	64.4	126.9	 706	OK
 446	     0	65.5	132.2	 726	OK
 447	     0	65.5	142.0	 754	OK
 448	     0	68.3	136.5	 757	OK
 449	     0	67.9	168.1	 721	OK
 450	     0	69.9	147.1	 757	OK
 451	     0	66.6	132.6	 751	OK
 452	     0	67.4	149.3	 739	OK
 453	     0	67.3	172.3	 713	OK
 454	     0	67.0	152.1	 741	OK
 455	     0	65.7	151.9	 720	OK
 456	     0	69.4	151.3	 729	OK
 457	     0	67.2	151.7	 747	OK
 458	     0	67.9	164.6	 722	OK
 459	     0	67.0	160.2	 731	OK
 460	     0	66.9	135.8	 749	OK
 461	     0	66.8	158.6	 709	OK
 462	     0	64.6	139.4	 746	OK
 463	     0	65.6	121.3	 697	OK
 464	     0	69.3	150.2	 736	OK
 465	     0	66.0	107.5	 705	OK
 466	     0	66.7	124.8	 718	OK
 467	     0	66.6	136.6	 751	OK
 468	     0	66.4	141.0	 763	OK
 469	     0	66.6	131.9	 729	OK
 470	     0	66.5	135.2	 743	OK
 471	     0	66.7	154.6	 715	OK
 472	     0	66.4	128.7	 708	OK
 473	     0	67.0	135.2	 722	OK
 474	     0	68.6	123.7	 705	OK
 475	     0	69.0	157.8	 726	OK
 476	     0	69.0	128.5	 721	OK
 477	     0	68.9	144.2	 724	OK
 478	     0	67.6	147.6	 765	OK
 479	     0	68.5	145.0	 740	OK
 480	     0	67.2	138.2	 730	OK
 481	     0	67.5	159.1	 712	OK
 482	     0	67.9	140.1	 732	OK
 483	     0	66.0	130.0	 709	OK
 484	     0	66.7	162.4	 699	OK
 485	     0	70.0	154.4	 732	OK
 486	     0	69.0	148.6	 709	OK
 487	     0	67.7	174.5	 716	OK
 488	     0	66.9	144.8	 752	OK
 489	     0	68.9	159.4	 694	OK
 490	     0	69.2	123.8	 704	OK
 491	     0	65.4	152.8	 731	OK
 492	     0	67.6	160.4	 717	OK
 493	     0	67.8	159.1	 714	OK
 494	     0	68.4	143.4	 729	OK
 495	     0	67.3	141.0	 731	OK
 496	     0	67.5	143.4	 727	OK
 497	     0	67.3	130.1	 735	OK
 498	     0	72.5	136.5	 729	OK
 499	     0	66.8	151.7	 720	OK
 500	     0	68.1	137.6	 719	OK
 501	     0	70.8	148.4	 719	OK
 502	     0	69.0	146.4	 725	OK
 503	     0	70.8	159.0	 712	OK
 504	     0	68.1	136.2	 748	OK
 505	     0	69.9	140.0	 742	OK
 506	     0	67.1	163.4	 694	OK
 507	     0	68.2	143.7	 722	OK
 508	     0	66.3	133.8	 722	OK
 509	     0	69.3	161.9	 703	OK
 510	     0	67.7	152.0	 726	OK
 511	     0	68.7	148.6	 739	OK
 512	  1000	70.8	157.0	 417	unbonded
 513	  4000	60.2	186.3	 899	high noise
 514	  1000	70.3	174.8	 395	unbonded
 515	     0	60.2	190.8	 799	OK
 516	     0	63.8	174.7	 780	OK
 517	     0	66.3	143.7	 768	OK
 518	     0	64.5	157.5	 763	OK
 519	     0	65.5	146.7	 760	OK
 520	     0	65.9	154.9	 752	OK
 521	     0	65.1	144.5	 755	OK
 522	     0	63.6	160.1	 770	OK
 523	     0	65.5	160.4	 759	OK
 524	     0	65.7	160.9	 753	OK
 525	     0	66.0	154.0	 777	OK
 526	     0	66.1	152.1	 778	OK
 527	     0	68.3	155.3	 735	OK
 528	     0	65.4	147.5	 745	OK
 529	     0	67.6	155.1	 730	OK
 530	     0	67.0	165.6	 725	OK
 531	     0	63.8	134.7	 756	OK
 532	     0	67.3	158.9	 739	OK
 533	     0	64.9	165.1	 726	OK
 534	     0	68.3	182.2	 725	OK
 535	     0	64.4	153.2	 764	OK
 536	     0	65.7	183.9	 718	OK
 537	     0	68.0	164.4	 720	OK
 538	     0	67.4	152.1	 736	OK
 539	     0	68.0	175.5	 711	OK
 540	     0	64.9	174.2	 754	OK
 541	     0	67.8	157.5	 716	OK
 542	     0	68.8	153.7	 748	OK
 543	     0	66.7	160.7	 716	OK
 544	     0	68.6	156.3	 751	OK
 545	     0	69.6	165.5	 714	OK
 546	     0	66.4	166.3	 741	OK
 547	     0	66.6	163.4	 719	OK
 548	     0	68.0	165.2	 729	OK
 549	     0	67.7	143.2	 738	OK
 550	     0	67.2	152.1	 753	OK
 551	     0	68.9	170.9	 736	OK
 552	     0	68.0	145.2	 740	OK
 553	     0	69.2	125.3	 713	OK
 554	     0	68.1	145.1	 735	OK
 555	     0	67.6	155.1	 733	OK
 556	     0	65.8	155.1	 742	OK
 557	     0	69.9	132.5	 731	OK
 558	     0	68.6	134.2	 746	OK
 559	     0	67.1	142.0	 752	OK
 560	     0	70.9	151.8	 726	OK
 561	     0	68.6	175.6	 732	OK
 562	     0	69.6	181.6	 723	OK
 563	     0	70.5	168.0	 697	OK
 564	     0	70.9	165.9	 738	OK
 565	     0	70.1	181.2	 718	OK
 566	     0	69.3	163.6	 716	OK
 567	     0	69.4	148.2	 736	OK
 568	     0	69.9	173.5	 719	OK
 569	     0	68.7	140.3	 741	OK
 570	     0	71.1	157.2	 736	OK
 571	     0	71.1	156.6	 721	OK
 572	     0	71.2	164.1	 734	OK
 573	     0	69.7	154.2	 716	OK
 574	     0	72.3	169.8	 717	OK
 575	     0	71.3	166.0	 722	OK
 576	     0	72.5	153.8	 713	OK
 577	     0	74.4	153.5	 731	OK
 578	     0	72.9	156.8	 723	OK
 579	     0	74.1	182.0	 706	OK
 580	     0	72.4	162.1	 731	OK
 581	     0	73.0	163.9	 692	OK
 582	     0	74.3	143.6	 711	OK
 583	     0	73.9	155.0	 699	OK
 584	     0	73.5	176.8	 720	OK
 585	     0	72.4	154.4	 697	OK
 586	     0	72.3	155.1	 721	OK
 587	     0	72.0	159.6	 698	OK
 588	     0	73.0	175.0	 722	OK
 589	     0	70.9	159.3	 701	OK
 590	     0	72.3	165.7	 692	OK
 591	     0	73.1	148.1	 733	OK
 592	     0	71.9	168.5	 686	OK
 593	     0	70.5	155.9	 721	OK
 594	     0	73.1	148.8	 719	OK
 595	     0	72.1	153.2	 701	OK
 596	     0	71.8	144.8	 708	OK
 597	     0	71.8	167.1	 685	OK
 598	     0	74.3	153.1	 691	OK
 599	     0	70.2	157.0	 686	OK
 600	     0	72.9	157.0	 687	OK
 601	     0	72.1	152.3	 713	OK
 602	     0	75.0	143.7	 713	OK
 603	     0	73.9	180.0	 696	OK
 604	     0	73.2	167.9	 678	OK
 605	     0	74.2	142.1	 723	OK
 606	     0	72.0	154.3	 700	OK
 607	     0	72.9	133.4	 692	OK
 608	     0	73.0	145.8	 711	OK
 609	     0	73.4	144.7	 718	OK
 610	     0	73.5	157.7	 698	OK
 611	     0	73.5	172.6	 684	OK
 612	     0	73.9	154.4	 701	OK
 613	     0	71.7	150.3	 704	OK
 614	     0	73.9	170.7	 677	OK
 615	     0	74.3	173.4	 696	OK
 616	     0	72.1	154.5	 698	OK
 617	     0	74.9	165.9	 666	OK
 618	     0	73.7	169.7	 661	OK
 619	     0	73.4	148.6	 692	OK
 620	     0	72.4	138.9	 723	OK
 621	     0	71.8	162.4	 658	OK
 622	     0	72.9	136.0	 692	OK
 623	     0	73.1	156.5	 683	OK
 624	     0	74.6	157.1	 670	OK
 625	     0	74.1	156.6	 687	OK
 626	     0	74.2	158.8	 691	OK
 627	     0	72.9	140.8	 697	OK
 628	     0	73.8	146.9	 703	OK
 629	     0	74.3	131.3	 678	OK
 630	     0	72.8	146.8	 704	OK
 631	     0	73.6	169.3	 686	OK
 632	     0	73.4	149.7	 688	OK
 633	     0	73.1	131.9	 688	OK
 634	     0	72.6	159.2	 688	OK
 635	     0	75.6	164.8	 652	OK
 636	     0	73.7	145.4	 703	OK
 637	     0	73.2	161.1	 674	OK
 638	     0	75.7	160.6	 685	OK
 639	     0	73.9	169.0	 662	OK
 640	     0	74.9	161.3	 692	OK
 641	     0	74.6	161.5	 698	OK
 642	     0	73.4	142.0	 727	OK
 643	     0	74.3	172.5	 688	OK
 644	     0	70.7	134.8	 706	OK
 645	     0	71.3	149.7	 706	OK
 646	     0	71.8	156.8	 719	OK
 647	     0	73.2	153.6	 706	OK
 648	     0	72.4	157.1	 698	OK
 649	     0	73.2	134.7	 696	OK
 650	     0	73.4	156.9	 705	OK
 651	     0	72.8	155.6	 714	OK
 652	     0	72.8	156.3	 707	OK
 653	     0	72.5	163.8	 691	OK
 654	     0	71.9	132.0	 717	OK
 655	     0	70.5	144.4	 725	OK
 656	     0	71.3	131.7	 703	OK
 657	     0	70.9	128.6	 702	OK
 658	     0	71.9	146.9	 721	OK
 659	     0	70.5	141.4	 728	OK
 660	     0	71.4	149.6	 720	OK
 661	     0	71.2	173.6	 707	OK
 662	     0	75.1	131.7	 719	OK
 663	     0	71.7	136.7	 711	OK
 664	     0	75.3	149.8	 719	OK
 665	     0	73.1	155.7	 712	OK
 666	     0	72.2	161.9	 698	OK
 667	     0	72.7	159.3	 713	OK
 668	     0	71.0	145.2	 741	OK
 669	     0	72.7	129.5	 723	OK
 670	     0	72.6	142.5	 726	OK
 671	     0	72.3	149.4	 730	OK
 672	     0	72.8	144.6	 751	OK
 673	     0	73.4	147.3	 736	OK
 674	     0	72.2	132.4	 756	OK
 675	     0	72.1	147.3	 749	OK
 676	     0	71.7	132.3	 752	OK
 677	     0	73.0	152.0	 756	OK
 678	     0	69.6	124.6	 764	OK
 679	     0	71.7	149.0	 773	OK
 680	     0	70.1	149.3	 809	OK
 681	     0	72.5	142.4	 806	OK
 682	     0	73.5	164.5	 792	OK
 683	     0	71.3	159.6	 792	OK
 684	     0	74.8	177.4	 785	OK
 685	     0	72.9	151.2	 814	OK
 686	     0	74.1	148.0	 802	OK
 687	     0	71.3	156.7	 792	OK
 688	     0	72.1	157.9	 795	OK
 689	     0	72.6	128.0	 776	OK
 690	     0	73.7	128.1	 756	OK
 691	     0	73.3	145.1	 802	OK
 692	     0	71.6	155.0	 775	OK
 693	     0	71.4	144.1	 771	OK
 694	     0	72.0	156.3	 743	OK
 695	     0	71.0	140.3	 760	OK
 696	     0	72.2	138.6	 777	OK
 697	     0	70.8	158.7	 757	OK
 698	     0	73.6	153.8	 731	OK
 699	     0	72.3	132.8	 736	OK
 700	     0	73.2	120.9	 732	OK
 701	     0	74.2	153.1	 726	OK
 702	     0	73.9	142.9	 737	OK
 703	     0	72.6	146.5	 719	OK
 704	     0	74.0	136.1	 734	OK
 705	     0	72.8	141.2	 736	OK
 706	     0	72.2	147.7	 731	OK
 707	     0	74.8	150.8	 722	OK
 708	     0	74.4	138.0	 730	OK
 709	     0	71.4	133.4	 716	OK
 710	     0	73.9	151.4	 724	OK
 711	     0	70.3	140.5	 751	OK
 712	     0	71.7	141.0	 733	OK
 713	     0	72.9	135.7	 717	OK
 714	     0	74.5	149.3	 739	OK
 715	     0	71.7	149.9	 730	OK
 716	     0	72.6	150.7	 748	OK
 717	     0	74.1	129.5	 730	OK
 718	     0	73.1	150.6	 716	OK
 719	     0	73.8	139.1	 727	OK
 720	     0	72.0	145.9	 723	OK
 721	     0	74.8	146.3	 734	OK
 722	     0	70.3	142.8	 740	OK
 723	     0	73.7	149.7	 742	OK
 724	     0	71.5	133.7	 748	OK
 725	     0	72.4	147.4	 732	OK
 726	     0	72.5	132.6	 731	OK
 727	     0	73.8	134.0	 759	OK
 728	     0	72.2	132.7	 727	OK
 729	     0	74.6	135.4	 721	OK
 730	     0	73.5	151.2	 737	OK
 731	     0	72.4	157.1	 730	OK
 732	     0	74.0	146.1	 732	OK
 733	     0	72.0	143.5	 744	OK
 734	     0	72.6	139.6	 752	OK
 735	     0	74.2	152.7	 727	OK
 736	     0	70.3	129.3	 738	OK
 737	     0	72.5	132.6	 734	OK
 738	     0	71.6	154.5	 732	OK
 739	     0	72.3	150.8	 723	OK
 740	     0	72.6	140.4	 752	OK
 741	     0	72.2	127.8	 741	OK
 742	     0	73.0	141.2	 767	OK
 743	     0	71.9	139.9	 735	OK
 744	     0	75.8	150.9	 733	OK
 745	     0	71.8	151.5	 731	OK
 746	     0	72.1	164.8	 716	OK
 747	     0	75.0	152.9	 732	OK
 748	     0	73.3	143.2	 749	OK
 749	     0	74.1	127.9	 743	OK
 750	     0	72.7	150.0	 752	OK
 751	     0	73.4	157.5	 742	OK
 752	     0	71.8	157.1	 734	OK
 753	     0	73.0	141.9	 775	OK
 754	     0	74.2	139.6	 755	OK
 755	     0	72.5	131.6	 769	OK
 756	     0	73.5	179.3	 765	OK
 757	     0	72.6	142.2	 779	OK
 758	     0	73.4	160.8	 749	OK
 759	     0	73.7	147.1	 775	OK
 760	     0	74.2	120.9	 728	OK
 761	     0	71.9	139.2	 753	OK
 762	     0	73.9	151.1	 771	OK
 763	     0	72.2	127.6	 728	OK
 764	     0	73.1	148.2	 752	OK
 765	     0	71.7	134.6	 778	OK
 766	     0	72.4	149.0	 787	OK
 767	     0	71.7	135.5	 833	OK
 768	     0	59.9	140.9	 796	OK
 769	     0	63.3	136.5	 776	OK
 770	     0	65.5	163.4	 782	OK
 771	     0	64.3	144.7	 763	OK
 772	     0	60.7	158.9	 766	OK
 773	     0	62.1	127.8	 758	OK
 774	     0	63.5	109.6	 726	OK
 775	     0	64.9	154.5	 762	OK
 776	     0	61.9	153.7	 783	OK
 777	     0	62.6	146.7	 756	OK
 778	     0	65.9	139.9	 797	OK
 779	     0	64.7	166.4	 747	OK
 780	     0	62.5	146.6	 756	OK
 781	     0	64.2	141.9	 773	OK
 782	     0	63.5	147.4	 759	OK
 783	     0	64.3	130.2	 750	OK
 784	     0	61.7	114.2	 741	OK
 785	     0	60.7	157.7	 757	OK
 786	     0	64.6	138.3	 774	OK
 787	     0	61.0	152.8	 759	OK
 788	     0	64.1	140.1	 776	OK
 789	     0	62.0	160.4	 729	OK
 790	     0	63.1	177.2	 755	OK
 791	     0	63.8	150.6	 771	OK
 792	     0	63.4	140.1	 772	OK
 793	     0	64.5	153.3	 769	OK
 794	     0	62.8	162.4	 733	OK
 795	     0	64.3	137.6	 775	OK
 796	     0	64.7	132.1	 776	OK
 797	     0	63.1	154.9	 753	OK
 798	     0	63.4	137.3	 788	OK
 799	     0	63.2	150.0	 757	OK
 800	     0	61.9	167.3	 766	OK
 801	     0	66.0	127.4	 727	OK
 802	     0	66.2	124.9	 733	OK
 803	     0	61.9	157.4	 720	OK
 804	     0	62.8	126.8	 760	OK
 805	     0	63.9	163.1	 762	OK
 806	     0	63.0	144.1	 772	OK
 807	     0	63.0	160.3	 757	OK
 808	     0	62.7	152.2	 765	OK
 809	     0	62.0	149.9	 767	OK
 810	     0	66.7	153.8	 772	OK
 811	     0	64.0	165.1	 784	OK
 812	     0	65.3	131.7	 739	OK
 813	     0	66.3	146.9	 781	OK
 814	     0	66.3	163.5	 768	OK
 815	     0	65.4	163.3	 740	OK
 816	     0	67.1	142.8	 795	OK
 817	     0	63.8	169.9	 752	OK
 818	     0	67.4	144.9	 785	OK
 819	     0	66.5	141.8	 806	OK
 820	     0	66.1	134.7	 771	OK
 821	     0	62.4	181.0	 763	OK
 822	     0	64.5	172.5	 786	OK
 823	     0	64.1	153.2	 771	OK
 824	     0	62.9	169.3	 759	OK
 825	     0	65.2	144.7	 773	OK
 826	     0	67.5	141.5	 802	OK
 827	     0	67.4	155.8	 763	OK
 828	     0	67.3	158.9	 779	OK
 829	     0	67.1	152.5	 799	OK
 830	     0	67.9	152.7	 795	OK
 831	     0	67.6	141.1	 807	OK
 832	     0	66.6	137.0	 768	OK
 833	     0	67.2	152.2	 759	OK
 834	     0	64.9	170.6	 762	OK
 835	     0	65.1	163.7	 767	OK
 836	     0	65.1	134.7	 776	OK
 837	     0	65.4	156.7	 752	OK
 838	     0	65.6	132.3	 771	OK
 839	     0	65.8	151.5	 776	OK
 840	     0	65.9	157.5	 788	OK
 841	     0	64.5	156.3	 772	OK
 842	     0	66.3	161.9	 758	OK
 843	     0	67.3	149.3	 756	OK
 844	     0	63.0	163.0	 791	OK
 845	     0	67.1	170.8	 756	OK
 846	     0	62.1	165.0	 787	OK
 847	     0	69.2	158.6	 756	OK
 848	     0	66.4	158.1	 750	OK
 849	     0	65.7	131.3	 764	OK
 850	     0	67.1	152.3	 764	OK
 851	     0	65.1	131.2	 761	OK
 852	     0	64.6	153.7	 766	OK
 853	     0	66.6	149.6	 766	OK
 854	     0	64.1	150.5	 762	OK
 855	     0	63.1	145.2	 774	OK
 856	     0	64.5	126.9	 743	OK
 857	     0	66.1	126.3	 729	OK
 858	     0	66.0	152.3	 772	OK
 859	     0	66.0	141.4	 767	OK
 860	     0	66.0	143.3	 774	OK
 861	     0	67.0	150.3	 763	OK
 862	     0	67.1	144.7	 780	OK
 863	     0	65.6	154.6	 751	OK
 864	     0	66.3	148.5	 774	OK
 865	     0	67.1	156.4	 750	OK
 866	     0	64.8	146.5	 764	OK
 867	     0	66.2	160.5	 747	OK
 868	     0	65.8	148.8	 761	OK
 869	     0	66.0	165.5	 739	OK
 870	     0	67.2	147.5	 776	OK
 871	     0	66.9	149.7	 748	OK
 872	     0	64.2	187.7	 762	OK
 873	     0	64.3	160.0	 753	OK
 874	     0	66.4	150.6	 747	OK
 875	     0	63.6	149.6	 739	OK
 876	     0	66.3	160.2	 741	OK
 877	     0	64.8	144.0	 782	OK
 878	     0	67.5	134.6	 772	OK
 879	     0	65.0	162.3	 731	OK
 880	     0	65.3	143.0	 768	OK
 881	     0	64.3	165.9	 731	OK
 882	     0	66.4	148.7	 744	OK
 883	     0	68.0	154.5	 757	OK
 884	     0	65.7	131.2	 763	OK
 885	     0	64.5	147.9	 753	OK
 886	     0	65.0	147.5	 768	OK
 887	     0	64.2	154.8	 762	OK
 888	     0	65.6	151.9	 754	OK
 889	     0	67.2	151.0	 757	OK
 890	     0	65.5	123.8	 730	OK
 891	     0	67.4	149.6	 759	OK
 892	     0	63.7	133.9	 775	OK
 893	     0	66.0	136.9	 769	OK
 894	     0	65.0	120.6	 723	OK
 895	     0	61.8	136.5	 762	OK
 896	     0	72.5	166.0	 697	OK
 897	     0	69.8	139.5	 728	OK
 898	     0	72.7	144.0	 725	OK
 899	     0	74.5	150.9	 717	OK
 900	     0	70.6	154.8	 702	OK
 901	     0	69.2	130.9	 723	OK
 902	     0	71.9	141.0	 718	OK
 903	     0	72.1	145.7	 728	OK
 904	     0	72.7	163.3	 685	OK
 905	     0	72.7	134.6	 701	OK
 906	     0	71.2	144.1	 737	OK
 907	     0	72.8	149.1	 734	OK
 908	     0	70.3	123.7	 695	OK
 909	     0	71.4	162.3	 720	OK
 910	     0	71.0	143.3	 730	OK
 911	     0	72.4	150.0	 726	OK
 912	     0	73.0	150.1	 725	OK
 913	     0	71.8	139.8	 731	OK
 914	     0	71.0	151.2	 731	OK
 915	     0	72.0	149.5	 713	OK
 916	     0	71.0	136.5	 728	OK
 917	     0	72.1	154.0	 712	OK
 918	     0	71.9	146.1	 725	OK
 919	     0	72.5	145.6	 718	OK
 920	     0	71.6	165.6	 691	OK
 921	     0	71.3	144.3	 739	OK
 922	     0	71.4	136.1	 733	OK
 923	     0	71.2	142.3	 731	OK
 924	     0	70.2	129.9	 729	OK
 925	     0	71.5	151.5	 701	OK
 926	     0	72.1	153.6	 722	OK
 927	     0	73.4	132.6	 741	OK
 928	     0	70.8	151.0	 734	OK
 929	     0	71.6	145.4	 710	OK
 930	     0	70.5	157.3	 704	OK
 931	     0	70.7	133.1	 755	OK
 932	     0	73.3	157.5	 706	OK
 933	     0	70.7	149.7	 720	OK
 934	     0	73.4	139.6	 708	OK
 935	     0	73.3	137.1	 712	OK
 936	     0	73.4	146.4	 709	OK
 937	     0	70.0	141.1	 727	OK
 938	     0	71.5	132.8	 711	OK
 939	     0	69.4	126.7	 697	OK
 940	     0	71.4	163.6	 706	OK
 941	     0	71.5	151.5	 720	OK
 942	     0	70.1	132.1	 729	OK
 943	     0	71.3	131.2	 719	OK
 944	     0	71.0	144.7	 733	OK
 945	     0	73.0	147.6	 749	OK
 946	     0	73.6	144.9	 721	OK
 947	     0	72.2	168.8	 676	OK
 948	     0	73.8	155.5	 706	OK
 949	     0	74.6	152.9	 707	OK
 950	     0	72.5	135.4	 685	OK
 951	     0	70.0	149.3	 704	OK
 952	     0	71.6	144.7	 751	OK
 953	     0	73.7	147.9	 714	OK
 954	     0	72.0	142.9	 713	OK
 955	     0	70.7	137.3	 717	OK
 956	     0	72.4	157.8	 690	OK
 957	     0	72.7	131.8	 684	OK
 958	     0	75.9	167.9	 679	OK
 959	     0	73.5	153.7	 698	OK
 960	     0	76.3	132.7	 701	OK
 961	     0	72.9	142.8	 732	OK
 962	     0	73.3	162.3	 720	OK
 963	     0	73.5	138.4	 703	OK
 964	     0	72.4	170.2	 700	OK
 965	     0	70.6	154.6	 715	OK
 966	     0	72.8	156.8	 716	OK
 967	     0	70.6	157.6	 718	OK
 968	     0	73.3	153.0	 739	OK
 969	     0	74.9	149.6	 740	OK
 970	     0	73.8	154.6	 732	OK
 971	     0	73.9	139.9	 719	OK
 972	     0	73.0	148.5	 737	OK
 973	     0	72.5	145.0	 735	OK
 974	     0	72.8	165.1	 716	OK
 975	     0	71.4	159.3	 708	OK
 976	     0	73.4	145.5	 725	OK
 977	     0	72.3	134.3	 714	OK
 978	     0	72.6	150.5	 715	OK
 979	     0	72.9	159.7	 714	OK
 980	     0	71.3	149.7	 715	OK
 981	     0	72.4	149.7	 720	OK
 982	     0	76.0	142.5	 744	OK
 983	     0	72.1	148.8	 729	OK
 984	     0	73.4	149.8	 708	OK
 985	     0	71.9	146.0	 739	OK
 986	     0	72.9	157.5	 707	OK
 987	     0	72.2	145.2	 727	OK
 988	     0	72.3	144.1	 753	OK
 989	     0	72.2	163.9	 708	OK
 990	     0	71.3	151.1	 713	OK
 991	     0	70.1	153.1	 743	OK
 992	     0	73.8	141.2	 740	OK
 993	     0	70.4	140.3	 716	OK
 994	     0	70.3	122.4	 711	OK
 995	     0	72.4	147.8	 732	OK
 996	     0	70.6	151.0	 713	OK
 997	     0	73.2	141.9	 723	OK
 998	     0	72.0	154.0	 723	OK
 999	     0	73.2	149.2	 723	OK
1000	     0	73.6	135.9	 727	OK
1001	     0	69.8	145.4	 716	OK
1002	     0	70.7	165.4	 698	OK
1003	     0	72.8	149.3	 722	OK
1004	     0	72.3	145.3	 728	OK
1005	     0	74.0	158.3	 711	OK
1006	     0	74.6	139.8	 732	OK
1007	     0	73.3	139.6	 733	OK
1008	     0	71.3	150.9	 711	OK
1009	     0	70.7	136.0	 743	OK
1010	     0	74.7	133.5	 733	OK
1011	     0	71.7	141.1	 737	OK
1012	     0	74.4	161.0	 704	OK
1013	     0	73.3	152.2	 717	OK
1014	     0	75.4	150.9	 712	OK
1015	     0	71.6	140.6	 742	OK
1016	     0	72.4	131.7	 711	OK
1017	     0	71.1	138.2	 724	OK
1018	     0	75.7	143.5	 706	OK
1019	     0	73.9	168.7	 716	OK
1020	     0	74.1	163.0	 682	OK
1021	     0	70.6	132.0	 718	OK
1022	     0	73.3	142.8	 711	OK
1023	     0	76.6	157.4	 702	OK
1024	     0	75.1	138.5	 723	OK
1025	     0	76.7	134.9	 714	OK
1026	     0	77.0	157.4	 683	OK
1027	     0	72.5	125.8	 682	OK
1028	     0	75.0	148.1	 707	OK
1029	     0	75.6	146.5	 717	OK
1030	     0	76.9	146.0	 702	OK
1031	     0	76.0	147.1	 700	OK
1032	     0	75.5	130.0	 693	OK
1033	     0	75.2	137.0	 699	OK
1034	     0	76.9	159.0	 694	OK
1035	     0	75.8	122.3	 700	OK
1036	     0	72.6	119.3	 698	OK
1037	     0	75.9	172.8	 663	OK
1038	     0	75.0	135.3	 710	OK
1039	     0	75.7	149.6	 687	OK
1040	     0	73.8	154.3	 692	OK
1041	     0	73.9	148.1	 712	OK
1042	     0	74.2	161.4	 686	OK
1043	     0	72.4	133.0	 682	OK
1044	     0	78.0	144.2	 717	OK
1045	     0	76.8	170.4	 683	OK
1046	     0	75.6	169.5	 677	OK
1047	     0	76.7	141.1	 714	OK
1048	     0	76.9	176.3	 683	OK
1049	     0	77.6	145.9	 689	OK
1050	     0	75.9	136.4	 725	OK
1051	     0	76.6	152.7	 708	OK
1052	     0	76.2	145.6	 719	OK
1053	     0	75.6	139.2	 691	OK
1054	     0	76.7	147.8	 715	OK
1055	     0	73.9	143.1	 710	OK
1056	     0	74.6	136.7	 708	OK
1057	     0	76.2	152.8	 684	OK
1058	     0	76.3	142.3	 710	OK
1059	     0	73.9	153.4	 702	OK
1060	     0	75.9	147.2	 717	OK
1061	     0	74.8	139.9	 705	OK
1062	     0	76.4	155.0	 694	OK
1063	     0	74.9	141.3	 708	OK
1064	     0	73.7	130.2	 691	OK
1065	     0	75.6	145.7	 690	OK
1066	     0	76.2	140.8	 711	OK
1067	     0	74.7	127.4	 689	OK
1068	     0	77.7	150.0	 684	OK
1069	     0	76.3	139.2	 699	OK
1070	     0	74.9	148.4	 680	OK
1071	     0	76.5	136.3	 704	OK
1072	     0	74.4	132.4	 707	OK
1073	     0	75.4	143.1	 706	OK
1074	     0	75.6	143.7	 714	OK
1075	     0	76.3	155.9	 687	OK
1076	     0	75.0	112.3	 670	OK
1077	     0	76.5	159.8	 691	OK
1078	     0	76.0	144.3	 718	OK
1079	     0	77.3	155.0	 710	OK
1080	     0	73.8	150.6	 701	OK
1081	     0	76.2	128.1	 686	OK
1082	     0	78.3	148.8	 699	OK
1083	     0	76.9	149.0	 705	OK
1084	     0	76.9	151.5	 708	OK
1085	     0	75.5	153.2	 709	OK
1086	     0	77.3	173.1	 676	OK
1087	     0	79.1	156.1	 704	OK
1088	     0	76.1	156.7	 700	OK
1089	     0	75.4	137.1	 697	OK
1090	     0	78.0	156.0	 710	OK
1091	     0	75.2	153.1	 716	OK
1092	     0	76.8	162.9	 692	OK
1093	     0	75.3	157.8	 709	OK
1094	     0	75.3	153.5	 700	OK
1095	     0	76.6	138.9	 700	OK
1096	     0	77.5	165.9	 690	OK
1097	     0	77.7	168.7	 689	OK
1098	     0	77.7	171.3	 710	OK
1099	     0	76.7	158.6	 693	OK
1100	     0	76.3	172.2	 694	OK
1101	     0	77.9	168.1	 677	OK
1102	     0	75.8	163.2	 689	OK
1103	     0	76.4	166.9	 688	OK
1104	     0	78.8	158.6	 677	OK
1105	     0	76.8	172.9	 690	OK
1106	     0	77.7	147.7	 716	OK
1107	     0	76.1	138.2	 717	OK
1108	     0	76.5	162.8	 692	OK
1109	     0	75.5	177.7	 679	OK
1110	     0	76.0	144.0	 700	OK
1111	     0	75.3	154.7	 692	OK
1112	     0	76.1	162.9	 680	OK
1113	     0	75.3	166.0	 676	OK
1114	     0	77.1	130.2	 685	OK
1115	     0	75.5	141.2	 708	OK
1116	     0	74.9	139.6	 692	OK
1117	     0	75.9	155.8	 691	OK
1118	     0	77.7	168.7	 679	OK
1119	     0	77.7	161.1	 679	OK
1120	     0	75.3	160.1	 683	OK
1121	     0	73.8	165.6	 676	OK
1122	     0	73.8	145.9	 707	OK
1123	     0	77.1	159.3	 675	OK
1124	     0	73.7	147.9	 707	OK
1125	     0	74.8	159.5	 692	OK
1126	     0	76.2	155.4	 677	OK
1127	     0	73.7	160.1	 679	OK
1128	     0	75.7	140.2	 708	OK
1129	     0	75.1	151.0	 700	OK
1130	     0	76.1	150.9	 692	OK
1131	     0	74.5	146.4	 706	OK
1132	     0	78.7	173.5	 686	OK
1133	     0	77.4	146.9	 693	OK
1134	     0	77.4	165.8	 667	OK
1135	     0	76.2	146.0	 708	OK
1136	     0	75.7	143.8	 703	OK
1137	     0	76.9	149.0	 687	OK
1138	     0	79.0	153.8	 672	OK
1139	     0	79.3	157.5	 682	OK
1140	     0	77.2	163.2	 661	OK
1141	     0	77.0	132.8	 695	OK
1142	     0	75.7	138.4	 714	OK
1143	     0	75.5	142.6	 700	OK
1144	     0	75.1	155.0	 693	OK
1145	     0	75.2	131.8	 702	OK
1146	     0	78.4	165.5	 665	OK
1147	     0	78.9	149.4	 689	OK
1148	     0	76.2	157.2	 692	OK
1149	     0	73.7	144.7	 689	OK
1150	     0	76.3	139.8	 712	OK
1151	     0	77.5	168.2	 668	OK
1152	  4000	60.1	133.4	 874	high noise
1153	  4000	57.8	158.2	 833	high noise
1154	     0	61.5	138.2	 755	OK
1155	     0	62.7	159.8	 724	OK
1156	     0	57.1	115.9	 723	OK
1157	     0	58.9	142.0	 771	OK
1158	     0	59.8	146.3	 762	OK
1159	     0	61.2	150.2	 731	OK
1160	     0	60.9	134.0	 738	OK
1161	     0	61.2	154.8	 711	OK
1162	     0	62.1	138.3	 728	OK
1163	     0	60.6	132.3	 753	OK
1164	     0	61.6	127.3	 707	OK
1165	     0	60.1	136.3	 762	OK
1166	     0	63.0	127.1	 720	OK
1167	     0	60.7	123.2	 708	OK
1168	     0	60.7	145.8	 756	OK
1169	     0	60.1	123.1	 716	OK
1170	     0	63.0	149.8	 740	OK
1171	     0	60.3	131.5	 742	OK
1172	     0	62.1	147.3	 747	OK
1173	     0	62.7	133.4	 753	OK
1174	     0	62.4	158.4	 712	OK
1175	     0	60.5	152.5	 738	OK
1176	     0	59.5	147.0	 739	OK
1177	     0	61.0	140.4	 731	OK
1178	     0	59.6	164.4	 730	OK
1179	     0	63.2	134.8	 740	OK
1180	     0	61.6	169.7	 744	OK
1181	     0	63.7	153.4	 743	OK
1182	     0	61.3	132.0	 735	OK
1183	     0	63.3	149.7	 752	OK
1184	     0	62.8	143.6	 768	OK
1185	     0	64.0	141.9	 745	OK
1186	     0	63.3	137.1	 735	OK
1187	     0	64.4	134.9	 735	OK
1188	     0	60.5	119.9	 704	OK
1189	     0	64.8	149.0	 765	OK
1190	     0	63.9	150.7	 768	OK
1191	     0	59.7	170.2	 760	OK
1192	     0	59.0	142.2	 787	OK
1193	     0	60.8	161.3	 752	OK
1194	     0	65.3	152.1	 748	OK
1195	     0	60.1	146.4	 770	OK
1196	     0	61.1	164.8	 727	OK
1197	     0	64.3	164.3	 723	OK
1198	     0	62.8	135.3	 755	OK
1199	     0	62.4	139.3	 778	OK
1200	     0	60.8	158.6	 779	OK
1201	     0	59.7	125.7	 705	OK
1202	     0	65.3	141.3	 761	OK
1203	     0	61.6	125.5	 725	OK
1204	     0	60.1	118.6	 730	OK
1205	     0	66.0	147.5	 768	OK
1206	     0	64.1	118.6	 729	OK
1207	     0	61.8	146.9	 767	OK
1208	     0	60.3	149.8	 789	OK
1209	     0	62.9	150.4	 747	OK
1210	     0	63.5	150.9	 742	OK
1211	     0	62.8	151.9	 754	OK
1212	     0	63.0	145.0	 772	OK
1213	     0	67.3	124.6	 724	OK
1214	     0	64.4	145.6	 769	OK
1215	     0	64.6	152.3	 755	OK
1216	     0	68.2	143.3	 762	OK
1217	     0	65.1	143.9	 778	OK
1218	     0	64.1	129.3	 739	OK
1219	     0	65.4	167.0	 770	OK
1220	     0	63.7	159.1	 743	OK
1221	     0	65.1	147.0	 782	OK
1222	     0	63.3	146.3	 764	OK
1223	     0	62.5	163.6	 752	OK
1224	     0	64.4	152.1	 742	OK
1225	     0	62.7	149.8	 760	OK
1226	     0	61.1	152.5	 747	OK
1227	     0	65.4	139.0	 756	OK
1228	     0	61.9	132.2	 753	OK
1229	     0	65.8	161.2	 757	OK
1230	     0	63.9	137.9	 758	OK
1231	     0	62.5	136.0	 756	OK
1232	     0	62.2	132.7	 754	OK
1233	     0	61.9	145.6	 753	OK
1234	     0	63.5	157.9	 731	OK
1235	     0	64.0	153.4	 755	OK
1236	     0	62.5	143.7	 770	OK
1237	     0	60.8	122.0	 714	OK
1238	     0	63.7	130.7	 739	OK
1239	     0	61.5	127.8	 728	OK
1240	     0	63.6	151.0	 762	OK
1241	     0	60.8	139.4	 744	OK
1242	     0	64.0	166.0	 750	OK
1243	     0	64.6	140.6	 747	OK
1244	     0	65.1	168.0	 729	OK
1245	     0	61.4	149.9	 769	OK
1246	     0	61.4	152.4	 761	OK
1247	     0	64.5	145.7	 735	OK
1248	     0	62.3	149.2	 770	OK
1249	     0	62.6	140.0	 764	OK
1250	     0	62.0	169.9	 755	OK
1251	     0	63.7	136.4	 769	OK
1252	     0	64.1	142.1	 754	OK
1253	     0	63.0	134.9	 742	OK
1254	     0	63.4	144.4	 749	OK
1255	     0	62.6	141.3	 775	OK
1256	     0	61.2	159.2	 766	OK
1257	     0	63.2	153.4	 756	OK
1258	     0	63.1	148.7	 739	OK
1259	     0	62.1	135.5	 768	OK
1260	     0	61.8	133.9	 760	OK
1261	     0	64.3	153.8	 750	OK
1262	     0	64.5	150.7	 762	OK
1263	     0	61.4	154.4	 745	OK
1264	     0	61.1	165.1	 762	OK
1265	     0	62.8	172.7	 752	OK
1266	     0	62.0	157.1	 778	OK
1267	     0	62.8	146.4	 764	OK
1268	     0	65.6	141.5	 761	OK
1269	     0	62.5	142.1	 770	OK
1270	     0	62.6	131.7	 741	OK
1271	     0	61.1	141.5	 764	OK
1272	     0	62.5	157.0	 766	OK
1273	     0	62.4	160.0	 746	OK
1274	     0	63.2	162.2	 739	OK
1275	     0	61.3	152.1	 734	OK
1276	     0	61.3	129.9	 739	OK
1277	     0	62.3	145.7	 758	OK
1278	     0	60.0	148.2	 740	OK
1279	     0	61.6	142.6	 727	OK
1280	     1	0.0	0.0	   0	dead
1281	     1	0.0	0.0	   0	dead
1282	     1	0.0	0.0	   0	dead
1283	     1	0.0	0.0	   0	dead
1284	     1	0.0	0.0	   0	dead
1285	     1	0.0	0.0	   0	dead
1286	     1	0.0	0.0	   0	dead
1287	     1	0.0	0.0	   0	dead
1288	     1	0.0	0.0	   0	dead
1289	     1	0.0	0.0	   0	dead
1290	     1	0.0	0.0	   0	dead
1291	     1	0.0	0.0	   0	dead
1292	     1	0.0	0.0	   0	dead
1293	     1	0.0	0.0	   0	dead
1294	     1	0.0	0.0	   0	dead
1295	     1	0.0	0.0	   0	dead
1296	     1	0.0	0.0	   0	dead
1297	     1	0.0	0.0	   0	dead
1298	     1	0.0	0.0	   0	dead
1299	     1	0.0	0.0	   0	dead
1300	     1	0.0	0.0	   0	dead
1301	     1	0.0	0.0	   0	dead
1302	     1	0.0	0.0	   0	dead
1303	     1	0.0	0.0	   0	dead
1304	     1	0.0	0.0	   0	dead
1305	     1	0.0	0.0	   0	dead
1306	     1	0.0	0.0	   0	dead
1307	     1	0.0	0.0	   0	dead
1308	     1	0.0	0.0	   0	dead
1309	     1	0.0	0.0	   0	dead
1310	     1	0.0	0.0	   0	dead
1311	     1	0.0	0.0	   0	dead
1312	     1	0.0	0.0	   0	dead
1313	     1	0.0	0.0	   0	dead
1314	     1	0.0	0.0	   0	dead
1315	     1	0.0	0.0	   0	dead
1316	     1	0.0	0.0	   0	dead
1317	     1	0.0	0.0	   0	dead
1318	     1	0.0	0.0	   0	dead
1319	     1	0.0	0.0	   0	dead
1320	     1	0.0	0.0	   0	dead
1321	     1	0.0	0.0	   0	dead
1322	     1	0.0	0.0	   0	dead
1323	     1	0.0	0.0	   0	dead
1324	     1	0.0	0.0	   0	dead
1325	     1	0.0	0.0	   0	dead
1326	     1	0.0	0.0	   0	dead
1327	     1	0.0	0.0	   0	dead
1328	     1	0.0	0.0	   0	dead
1329	     1	0.0	0.0	   0	dead
1330	     1	0.0	0.0	   0	dead
1331	     1	0.0	0.0	   0	dead
1332	     1	0.0	0.0	   0	dead
1333	     1	0.0	0.0	   0	dead
1334	     1	0.0	0.0	   0	dead
1335	     1	0.0	0.0	   0	dead
1336	     1	0.0	0.0	   0	dead
1337	     1	0.0	0.0	   0	dead
1338	     1	0.0	0.0	   0	dead
1339	     1	0.0	0.0	   0	dead
1340	     1	0.0	0.0	   0	dead
1341	     1	0.0	0.0	   0	dead
1342	     1	0.0	0.0	   0	dead
1343	     1	0.0	0.0	   0	dead
1344	     1	0.0	0.0	   0	dead
1345	     1	0.0	0.0	   0	dead
1346	     1	0.0	0.0	   0	dead
1347	     1	0.0	0.0	   0	dead
1348	     1	0.0	0.0	   0	dead
1349	     1	0.0	0.0	   0	dead
1350	     1	0.0	0.0	   0	dead
1351	     1	0.0	0.0	   0	dead
1352	     1	0.0	0.0	   0	dead
1353	     1	0.0	0.0	   0	dead
1354	     1	0.0	0.0	   0	dead
1355	     1	0.0	0.0	   0	dead
1356	     1	0.0	0.0	   0	dead
1357	     1	0.0	0.0	   0	dead
1358	     1	0.0	0.0	   0	dead
1359	     1	0.0	0.0	   0	dead
1360	     1	0.0	0.0	   0	dead
1361	     1	0.0	0.0	   0	dead
1362	     1	0.0	0.0	   0	dead
1363	     1	0.0	0.0	   0	dead
1364	     1	0.0	0.0	   0	dead
1365	     1	0.0	0.0	   0	dead
1366	     1	0.0	0.0	   0	dead
1367	     1	0.0	0.0	   0	dead
1368	     1	0.0	0.0	   0	dead
1369	     1	0.0	0.0	   0	dead
1370	     1	0.0	0.0	   0	dead
1371	     1	0.0	0.0	   0	dead
1372	     1	0.0	0.0	   0	dead
1373	     1	0.0	0.0	   0	dead
1374	     1	0.0	0.0	   0	dead
1375	     1	0.0	0.0	   0	dead
1376	     1	0.0	0.0	   0	dead
1377	     1	0.0	0.0	   0	dead
1378	     1	0.0	0.0	   0	dead
1379	     1	0.0	0.0	   0	dead
1380	     1	0.0	0.0	   0	dead
1381	     1	0.0	0.0	   0	dead
1382	     1	0.0	0.0	   0	dead
1383	     1	0.0	0.0	   0	dead
1384	     1	0.0	0.0	   0	dead
1385	     1	0.0	0.0	   0	dead
1386	     1	0.0	0.0	   0	dead
1387	     1	0.0	0.0	   0	dead
1388	     1	0.0	0.0	   0	dead
1389	     1	0.0	0.0	   0	dead
1390	     1	0.0	0.0	   0	dead
1391	     1	0.0	0.0	   0	dead
1392	     1	0.0	0.0	   0	dead
1393	     1	0.0	0.0	   0	dead
1394	     1	0.0	0.0	   0	dead
1395	     1	0.0	0.0	   0	dead
1396	     1	0.0	0.0	   0	dead
1397	     1	0.0	0.0	   0	dead
1398	     1	0.0	0.0	   0	dead
1399	     1	0.0	0.0	   0	dead
1400	     1	0.0	0.0	   0	dead
1401	     1	0.0	0.0	   0	dead
1402	     1	0.0	0.0	   0	dead
1403	     1	0.0	0.0	   0	dead
1404	     1	0.0	0.0	   0	dead
1405	     1	0.0	0.0	   0	dead
1406	     1	0.0	0.0	   0	dead
1407	     1	0.0	0.0	   0	dead
1408	     0	74.6	142.9	 594	OK
1409	     0	80.3	166.1	 567	OK
1410	     0	75.7	164.4	 581	OK
1411	     0	78.4	137.2	 600	OK
1412	     0	77.6	146.4	 593	OK
1413	     0	75.3	141.5	 587	OK
1414	     0	77.3	151.1	 578	OK
1415	     0	79.4	166.6	 580	OK
1416	     0	73.5	154.9	 599	OK
1417	     0	79.2	164.6	 555	OK
1418	     0	76.0	146.1	 591	OK
1419	     0	75.8	149.5	 584	OK
1420	     0	76.2	149.4	 592	OK
1421	     0	75.9	139.7	 592	OK
1422	     0	75.0	153.1	 593	OK
1423	     0	75.9	147.6	 583	OK
1424	     0	77.4	148.7	 585	OK
1425	     0	76.0	136.1	 589	OK
1426	     0	75.0	149.0	 560	OK
1427	     0	75.5	158.6	 579	OK
1428	     0	76.5	164.5	 579	OK
1429	     0	75.5	134.2	 579	OK
1430	     0	76.5	167.1	 580	OK
1431	     0	78.8	150.8	 586	OK
1432	     0	76.9	126.0	 566	OK
1433	     0	78.4	145.7	 594	OK
1434	     0	75.2	148.8	 580	OK
1435	     0	75.0	151.1	 584	OK
1436	     0	73.6	103.2	 568	OK
1437	     0	77.1	143.4	 589	OK
1438	     0	77.3	155.6	 571	OK
1439	     0	76.0	147.5	 593	OK
1440	     0	77.0	165.8	 548	OK
1441	     0	74.1	136.5	 586	OK
1442	     0	76.8	158.5	 586	OK
1443	     0	75.4	162.1	 577	OK
1444	     0	76.6	154.9	 584	OK
1445	     0	74.6	140.4	 610	OK
1446	     0	75.9	126.2	 586	OK
1447	     0	74.8	156.4	 581	OK
1448	     0	76.6	151.2	 595	OK
1449	     0	74.2	138.0	 586	OK
1450	     0	75.4	152.9	 589	OK
1451	     0	74.3	145.3	 603	OK
1452	     0	77.2	140.2	 576	OK
1453	     0	75.9	156.1	 561	OK
1454	     0	76.8	143.5	 603	OK
1455	     0	76.1	147.6	 595	OK
1456	     0	76.4	128.5	 584	OK
1457	     0	75.0	159.3	 581	OK
1458	     0	74.5	142.2	 599	OK
1459	     0	74.2	133.8	 594	OK
1460	     0	76.7	152.5	 591	OK
1461	     0	77.2	172.1	 573	OK
1462	     0	76.2	157.4	 568	OK
1463	     0	75.3	148.5	 581	OK
1464	     0	76.0	134.8	 606	OK
1465	     0	73.2	123.6	 584	OK
1466	     0	75.0	125.6	 566	OK
1467	     0	74.8	164.7	 598	OK
1468	     0	77.7	164.5	 593	OK
1469	     0	76.5	160.0	 576	OK
1470	     0	78.7	154.7	 580	OK
1471	     0	77.6	167.4	 570	OK
1472	     0	76.8	150.3	 573	OK
1473	     0	76.6	164.1	 563	OK
1474	     0	76.8	169.0	 575	OK
1475	     0	76.7	169.6	 565	OK
1476	     0	75.9	141.1	 598	OK
1477	     0	75.6	151.9	 578	OK
1478	     0	78.4	161.3	 592	OK
1479	     0	78.1	150.4	 572	OK
1480	     0	74.8	148.8	 587	OK
1481	     0	73.3	144.9	 595	OK
1482	     0	75.1	127.9	 583	OK
1483	     0	75.3	162.9	 578	OK
1484	     0	76.6	149.0	 587	OK
1485	     0	77.1	134.1	 583	OK
1486	     0	75.8	145.0	 579	OK
1487	     0	73.3	131.8	 596	OK
1488	     0	77.2	154.3	 601	OK
1489	     0	75.2	147.4	 592	OK
1490	     0	76.3	161.4	 586	OK
1491	     0	76.2	164.5	 577	OK
1492	     0	75.8	153.4	 568	OK
1493	     0	74.7	141.2	 591	OK
1494	     0	77.2	146.9	 587	OK
1495	     0	76.2	135.9	 583	OK
1496	     0	75.7	149.4	 576	OK
1497	     0	75.6	154.7	 581	OK
1498	     0	77.7	156.3	 567	OK
1499	     0	74.7	153.8	 583	OK
1500	     0	75.4	152.4	 601	OK
1501	     0	77.0	168.4	 564	OK
1502	     0	76.0	154.1	 593	OK
1503	     0	75.4	150.0	 592	OK
1504	     0	78.0	153.5	 579	OK
1505	     0	78.3	143.0	 585	OK
1506	     0	75.0	144.9	 587	OK
1507	     0	77.3	155.9	 582	OK
1508	     0	75.9	140.7	 596	OK
1509	     0	76.2	146.3	 589	OK
1510	     0	75.4	161.1	 562	OK
1511	     0	76.6	148.8	 564	OK
1512	     0	76.4	156.0	 581	OK
1513	     0	75.7	139.5	 589	OK
1514	     0	76.4	146.8	 585	OK
1515	     0	75.8	137.2	 587	OK
1516	     0	76.1	146.6	 591	OK
1517	     0	73.2	153.5	 587	OK
1518	     0	75.4	154.4	 577	OK
1519	     0	77.0	151.7	 583	OK
1520	     0	74.7	149.9	 601	OK
1521	     0	77.3	142.1	 582	OK
1522	     0	76.1	123.5	 576	OK
1523	     0	74.5	143.0	 576	OK
1524	     0	75.9	150.3	 599	OK
1525	     0	78.2	151.9	 587	OK
1526	     0	74.9	145.1	 592	OK
1527	     0	77.2	152.8	 582	OK
1528	     0	75.7	134.0	 582	OK
1529	     0	78.0	132.8	 595	OK
1530	     0	76.0	145.4	 571	OK
1531	     0	77.3	143.2	 589	OK
1532	     0	75.8	147.7	 577	OK
1533	     0	74.9	153.2	 608	OK
1534	     0	77.6	148.5	 598	OK
1535	     0	77.0	155.8	 602	OK
1536	     0	74.8	144.8	 606	OK
1537	     0	77.1	147.1	 605	OK
1538	     0	75.4	169.1	 570	OK
1539	     0	75.4	161.8	 581	OK
1540	     0	73.6	154.1	 584	OK
1541	     0	76.0	158.4	 593	OK
1542	     0	74.6	145.4	 604	OK
1543	     0	76.1	128.6	 574	OK
1544	     0	75.2	161.5	 591	OK
1545	     0	75.7	126.3	 576	OK
1546	     0	74.2	157.3	 592	OK
1547	     0	75.9	139.0	 606	OK
1548	     0	75.2	151.8	 606	OK
1549	     0	76.1	147.0	 597	OK
1550	     0	74.1	136.3	 608	OK
1551	     0	74.9	138.6	 616	OK
1552	     0	73.7	123.2	 593	OK
1553	     0	76.3	152.5	 591	OK
1554	     0	75.2	139.8	 611	OK
1555	     0	72.5	149.6	 605	OK
1556	     0	76.7	151.6	 589	OK
1557	     0	76.1	141.7	 591	OK
1558	     0	76.9	180.8	 604	OK
1559	     0	75.4	145.9	 593	OK
1560	     0	77.6	154.5	 594	OK
1561	     0	76.3	174.9	 592	OK
1562	     0	75.6	163.7	 609	OK
1563	     0	76.2	168.9	 595	OK
1564	     0	75.0	168.8	 582	OK
1565	     0	74.8	138.6	 614	OK
1566	     0	75.6	145.0	 604	OK
1567	     0	74.2	169.8	 576	OK
1568	     0	77.0	158.0	 577	OK
1569	     0	75.4	127.8	 580	OK
1570	     0	74.0	134.0	 610	OK
1571	     0	75.9	136.3	 612	OK
1572	     0	75.9	155.1	 598	OK
1573	     0	75.4	135.4	 589	OK
1574	     0	73.8	158.6	 595	OK
1575	     0	76.2	152.3	 612	OK
1576	     0	75.0	148.4	 626	OK
1577	     0	74.8	157.7	 596	OK
1578	     0	76.3	146.8	 611	OK
1579	     0	76.7	121.8	 584	OK
1580	     0	75.5	153.5	 604	OK
1581	     0	73.1	160.3	 589	OK
1582	     0	75.7	129.3	 593	OK
1583	     0	74.6	135.2	 592	OK
1584	     0	79.0	149.1	 609	OK
1585	     0	75.0	144.5	 605	OK
1586	     0	78.1	162.5	 600	OK
1587	     0	74.2	154.5	 591	OK
1588	     0	76.8	151.3	 594	OK
1589	     0	74.9	138.0	 619	OK
1590	     0	76.4	165.9	 585	OK
1591	     0	74.4	141.3	 614	OK
1592	     0	75.3	162.6	 593	OK
1593	     0	79.4	155.9	 578	OK
1594	     0	77.1	155.3	 618	OK
1595	     0	78.3	171.8	 581	OK
1596	     0	78.0	164.1	 592	OK
1597	     0	77.1	124.8	 582	OK
1598	     0	78.4	154.6	 608	OK
1599	     0	77.2	140.2	 606	OK
1600	     0	76.9	156.0	 584	OK
1601	     0	76.5	169.3	 581	OK
1602	     0	75.6	155.3	 600	OK
1603	     0	78.4	163.0	 603	OK
1604	     0	74.2	153.3	 603	OK
1605	     0	77.3	137.8	 615	OK
1606	     0	76.3	148.2	 601	OK
1607	     0	76.2	151.3	 606	OK
1608	     0	76.8	141.9	 597	OK
1609	     0	75.4	151.8	 605	OK
1610	     0	76.0	132.8	 588	OK
1611	     0	76.3	157.0	 604	OK
1612	     0	75.2	145.6	 606	OK
1613	     0	75.1	145.0	 605	OK
1614	     0	78.4	151.3	 594	OK
1615	     0	72.5	139.4	 595	OK
1616	     0	77.4	163.8	 586	OK
1617	     0	74.0	151.1	 611	OK
1618	     0	72.1	157.2	 605	OK
1619	     0	75.1	138.8	 608	OK
1620	     0	74.3	142.3	 595	OK
1621	     0	77.7	142.2	 610	OK
1622	     0	73.9	140.6	 603	OK
1623	     0	76.5	160.5	 591	OK
1624	     0	76.2	156.9	 588	OK
1625	     0	76.2	143.5	 607	OK
1626	     0	73.9	141.5	 596	OK
1627	     0	76.0	134.8	 604	OK
1628	     0	74.9	158.3	 613	OK
1629	     0	75.8	159.1	 597	OK
1630	     0	76.9	144.1	 615	OK
1631	     0	73.8	143.0	 610	OK
1632	     0	76.6	161.8	 595	OK
1633	     0	74.6	141.7	 598	OK
1634	     0	75.8	142.4	 612	OK
1635	     0	74.1	146.9	 610	OK
1636	     0	74.5	148.6	 614	OK
1637	     0	75.1	179.4	 611	OK
1638	     0	76.3	157.7	 582	OK
1639	     0	75.6	145.0	 605	OK
1640	     0	74.3	130.5	 594	OK
1641	     0	73.0	158.6	 596	OK
1642	     0	74.9	159.8	 587	OK
1643	     0	74.8	149.6	 606	OK
1644	     0	72.6	138.5	 593	OK
1645	     0	75.2	149.7	 603	OK
1646	     0	73.9	143.0	 612	OK
1647	     0	75.4	153.0	 597	OK
1648	     0	76.3	149.5	 599	OK
1649	     0	73.9	154.7	 606	OK
1650	     0	73.4	158.1	 597	OK
1651	     0	75.3	156.0	 596	OK
1652	     0	73.2	160.9	 585	OK
1653	     0	76.2	149.2	 613	OK
1654	     0	73.7	135.5	 595	OK
1655	     0	73.7	169.0	 619	OK
1656	     0	75.2	147.2	 609	OK
1657	     0	74.8	155.3	 603	OK
1658	     0	74.9	140.3	 610	OK
1659	     0	74.5	129.2	 583	OK
1660	     0	76.6	149.8	 615	OK
1661	     0	74.3	152.3	 602	OK
1662	     0	74.6	155.7	 607	OK
1663	     0	72.0	165.0	 601	OK
1664	     0	70.9	146.9	 637	OK
1665	     0	75.1	154.6	 610	OK
1666	     0	72.3	134.9	 619	OK
1667	     0	75.0	131.7	 607	OK
1668	     0	73.2	148.3	 626	OK
1669	     0	75.0	162.5	 590	OK
1670	     0	71.2	153.7	 625	OK
1671	     0	74.7	140.5	 619	OK
1672	     0	71.6	146.4	 619	OK
1673	     0	74.6	140.6	 625	OK
1674	     0	71.7	160.3	 583	OK
1675	     0	72.8	145.0	 603	OK
1676	     0	71.4	146.0	 618	OK
1677	     0	71.1	153.5	 620	OK
1678	     0	70.9	148.4	 619	OK
1679	     0	72.9	149.1	 598	OK
1680	     0	72.5	134.6	 600	OK
1681	     0	74.6	140.2	 615	OK
1682	     0	69.5	150.4	 624	OK
1683	     0	71.5	137.8	 622	OK
1684	     0	73.3	131.1	 592	OK
1685	     0	73.5	133.8	 602	OK
1686	     0	72.4	127.2	 596	OK
1687	     0	70.6	126.7	 612	OK
1688	     0	77.7	134.4	 614	OK
1689	     0	72.2	155.7	 612	OK
1690	     0	71.9	141.5	 624	OK
1691	     0	73.6	143.7	 611	OK
1692	     0	74.9	130.6	 581	OK
1693	     0	72.2	139.6	 623	OK
1694	     0	70.4	124.7	 606	OK
1695	     0	71.4	142.5	 634	OK
1696	     0	73.4	147.3	 626	OK
1697	     0	73.4	163.9	 605	OK
1698	     0	71.6	160.4	 601	OK
1699	     0	71.4	131.5	 617	OK
1700	     0	73.0	133.6	 614	OK
1701	     0	72.1	134.1	 599	OK
1702	     0	76.6	121.4	 591	OK
1703	     0	76.6	124.2	 605	OK
1704	     0	74.0	141.9	 628	OK
1705	     0	73.9	140.9	 615	OK
1706	     0	73.7	143.4	 623	OK
1707	     0	72.3	121.6	 595	OK
1708	     0	74.7	119.0	 598	OK
1709	     0	72.8	157.3	 620	OK
1710	     0	72.6	111.3	 628	OK
1711	     0	73.2	138.4	 591	OK
1712	     0	72.2	128.4	 603	OK
1713	     0	73.5	116.5	 597	OK
1714	     0	73.5	126.9	 596	OK
1715	     0	71.1	141.1	 620	OK
1716	     0	73.5	163.6	 601	OK
1717	     0	72.9	145.8	 632	OK
1718	     0	71.5	146.9	 627	OK
1719	     0	71.9	137.5	 628	OK
1720	     0	70.9	114.0	 607	OK
1721	     0	72.2	140.0	 601	OK
1722	     0	72.9	141.6	 627	OK
1723	     0	71.2	154.4	 633	OK
1724	     0	74.2	140.9	 605	OK
1725	     0	74.3	147.4	 608	OK
1726	     0	70.5	136.6	 626	OK
1727	     0	73.7	137.1	 615	OK
1728	     0	73.0	138.6	 610	OK
1729	     0	72.9	146.9	 607	OK
1730	     0	73.6	144.1	 626	OK
1731	     0	74.2	122.9	 609	OK
1732	     0	75.4	154.9	 603	OK
1733	     0	72.7	153.1	 621	OK
1734	     0	74.9	143.7	 603	OK
1735	     0	75.0	160.2	 602	OK
1736	     0	74.6	142.7	 614	OK
1737	     0	73.0	155.0	 623	OK
1738	     0	72.0	138.9	 623	OK
1739	     0	72.6	150.8	 628	OK
1740	     0	70.8	130.8	 602	OK
1741	     0	73.7	136.5	 597	OK
1742	     0	70.3	154.6	 620	OK
1743	     0	73.0	147.7	 635	OK
1744	     0	73.5	141.3	 634	OK
1745	     0	70.3	136.1	 608	OK
1746	     0	73.9	133.3	 612	OK
1747	     0	72.2	161.1	 603	OK
1748	     0	74.7	146.9	 611	OK
1749	     0	75.3	157.2	 603	OK
1750	     0	71.1	151.8	 614	OK
1751	     0	73.5	128.2	 599	OK
1752	     0	73.9	148.5	 610	OK
1753	     0	73.6	139.2	 618	OK
1754	     0	73.0	154.3	 600	OK
1755	     0	71.2	146.8	 620	OK
1756	     0	73.7	142.8	 628	OK
1757	     0	72.3	141.1	 615	OK
1758	     0	72.9	173.9	 597	OK
1759	     0	72.2	145.5	 615	OK
1760	     0	73.3	125.9	 563	OK
1761	     0	73.9	142.9	 604	OK
1762	     0	72.6	117.9	 586	OK
1763	     0	71.6	161.7	 588	OK
1764	     0	73.4	144.4	 610	OK
1765	     0	73.5	144.6	 597	OK
1766	     0	73.2	135.6	 605	OK
1767	     0	73.0	145.3	 622	OK
1768	     0	72.4	153.7	 613	OK
1769	     0	72.8	146.0	 603	OK
1770	     0	73.6	142.1	 633	OK
1771	     0	71.9	125.5	 610	OK
1772	     0	72.8	154.1	 626	OK
1773	     0	72.9	128.7	 598	OK
1774	     0	73.7	145.2	 614	OK
1775	     0	71.8	132.1	 590	OK
1776	     0	74.0	129.5	 602	OK
1777	     0	74.7	144.0	 612	OK
1778	     0	70.9	141.0	 630	OK
1779	     0	73.6	135.3	 600	OK
1780	     0	71.2	149.8	 617	OK
1781	     0	73.0	134.5	 600	OK
1782	     0	73.1	163.6	 592	OK
1783	     0	74.8	140.9	 612	OK
1784	     0	72.3	151.5	 614	OK
1785	     0	71.9	148.0	 611	OK
1786	     0	71.4	124.5	 588	OK
1787	     0	75.1	123.3	 601	OK
1788	     0	76.5	158.4	 580	OK
1789	     0	73.9	146.5	 604	OK
1790	     0	74.9	144.2	 625	OK
1791	     0	73.7	132.0	 611	OK
1792	  1000	62.1	158.9	 575	unbonded
1793	  1000	62.6	140.0	 642	unbonded
1794	  1000	61.4	132.5	 591	unbonded
1795	  1000	64.2	150.8	 621	unbonded
1796	  1000	63.8	144.5	 633	unbonded
1797	  1000	63.9	204.2	 595	unbonded
1798	  1000	63.3	149.4	 605	unbonded
1799	  1000	63.5	157.1	 593	unbonded
1800	  1000	65.0	129.6	 612	unbonded
1801	  1000	67.6	153.4	 592	unbonded
1802	  1000	64.5	199.3	 591	unbonded
1803	  1000	64.6	172.8	 594	unbonded
1804	  1000	64.2	182.3	 604	unbonded
1805	  1000	64.2	149.6	 631	unbonded
1806	  1000	65.3	146.4	 601	unbonded
1807	  1000	66.5	161.4	 596	unbonded
1808	  1000	65.4	128.2	 614	unbonded
1809	  1000	63.2	179.0	 597	unbonded
1810	  1000	64.2	168.1	 598	unbonded
1811	  1000	65.9	134.9	 594	unbonded
1812	  1000	64.4	140.5	 618	unbonded
1813	  1000	65.4	127.3	 604	unbonded
1814	  1000	62.7	142.1	 622	unbonded
1815	  1000	63.2	172.9	 611	unbonded
1816	  1000	64.5	167.4	 582	unbonded
1817	     0	66.8	143.0	 614	OK
1818	  1000	64.4	132.8	 597	unbonded
1819	     0	66.9	133.9	 608	OK
1820	  1000	64.3	185.7	 617	unbonded
1821	     0	67.5	173.2	 606	OK
1822	  1000	62.4	145.4	 614	unbonded
1823	  1000	64.8	140.8	 616	unbonded
1824	     0	67.6	143.7	 613	OK
1825	     0	68.3	138.4	 599	OK
1826	  1000	64.7	155.7	 609	unbonded
1827	  1000	65.1	152.3	 616	unbonded
1828	  1000	63.3	158.4	 593	unbonded
1829	  1000	66.0	165.7	 590	unbonded
1830	  1000	66.9	134.1	 600	unbonded
1831	     0	68.7	137.1	 606	OK
1832	     0	67.1	132.3	 611	OK
1833	     0	66.9	183.9	 612	OK
1834	     0	68.2	146.4	 608	OK
1835	     0	66.6	153.7	 610	OK
1836	     0	67.1	136.3	 614	OK
1837	     0	68.8	135.8	 601	OK
1838	     0	68.1	152.2	 605	OK
1839	     0	66.1	139.2	 618	OK
1840	  1000	66.3	174.9	 602	unbonded
1841	     0	66.3	134.2	 627	OK
1842	     0	69.5	154.3	 600	OK
1843	     0	69.3	146.2	 608	OK
1844	     0	69.7	146.9	 606	OK
1845	     0	68.7	141.2	 607	OK
1846	     0	69.4	157.6	 615	OK
1847	     0	68.4	145.3	 609	OK
1848	     0	69.2	160.2	 600	OK
1849	     0	69.4	144.3	 609	OK
1850	     0	68.5	160.1	 597	OK
1851	     0	69.6	150.8	 616	OK
1852	  1000	69.6	156.6	 577	unbonded
1853	     0	68.3	158.4	 617	OK
1854	     0	69.2	144.6	 617	OK
1855	     0	70.0	148.3	 606	OK
1856	     0	71.0	157.5	 611	OK
1857	     0	71.6	141.0	 604	OK
1858	     0	68.1	158.8	 602	OK
1859	     0	69.3	137.0	 618	OK
1860	  1000	68.9	148.2	 589	unbonded
1861	     0	68.5	137.5	 621	OK
1862	     0	68.6	148.1	 596	OK
1863	     0	69.2	155.6	 605	OK
1864	     0	68.9	122.6	 593	OK
1865	     0	68.6	143.5	 609	OK
1866	     0	69.7	152.1	 600	OK
1867	  1000	68.0	121.6	 594	unbonded
1868	     0	68.5	132.1	 599	OK
1869	     0	71.4	131.4	 592	OK
1870	     0	69.8	158.9	 597	OK
1871	  1000	67.0	170.0	 592	unbonded
1872	     0	69.9	151.9	 598	OK
1873	     0	69.2	162.2	 591	OK
1874	     0	69.5	129.5	 590	OK
1875	     0	69.6	135.1	 596	OK
1876	     0	71.6	135.7	 613	OK
1877	     0	69.5	149.1	 601	OK
1878	  1000	69.4	120.6	 577	unbonded
1879	     0	69.6	153.4	 586	OK
1880	     0	67.9	141.3	 617	OK
1881	     0	68.2	143.7	 599	OK
1882	     0	68.9	160.2	 590	OK
1883	  1000	68.6	164.0	 577	unbonded
1884	     0	69.5	146.4	 611	OK
1885	  1000	69.5	180.0	 584	unbonded
1886	     0	73.2	155.1	 597	OK
1887	     0	69.4	153.5	 592	OK
1888	     0	70.9	155.7	 588	OK
1889	     0	70.8	139.7	 602	OK
1890	     0	70.3	148.8	 608	OK
1891	  1000	68.1	153.9	 583	unbonded
1892	     0	69.3	130.1	 588	OK
1893	     0	71.1	160.1	 581	OK
1894	  1000	70.5	125.3	 563	unbonded
1895	     0	70.7	147.0	 607	OK
1896	     0	69.6	150.6	 595	OK
1897	     0	70.6	142.2	 596	OK
1898	     0	69.4	137.7	 605	OK
1899	     0	71.3	140.1	 605	OK
1900	  1000	66.9	160.2	 602	unbonded
1901	     0	69.9	154.1	 589	OK
1902	     0	72.0	131.1	 587	OK
1903	     0	69.5	143.9	 595	OK
1904	     0	70.8	140.1	 608	OK
1905	  1000	68.9	126.7	 589	unbonded
1906	     0	71.7	149.2	 594	OK
1907	     0	70.6	143.0	 592	OK
1908	     0	70.9	162.6	 598	OK
1909	  1000	68.8	153.9	 590	unbonded
1910	     0	71.8	146.5	 599	OK
1911	     0	69.9	133.2	 603	OK
1912	     0	70.4	144.0	 602	OK
1913	     0	70.8	157.4	 582	OK
1914	     0	70.9	149.1	 608	OK
1915	  1000	70.0	165.0	 563	unbonded
1916	     0	72.4	152.3	 598	OK
1917	     0	71.2	149.2	 581	OK
1918	     0	72.7	147.5	 590	OK
1919	     0	70.4	137.1	 618	OK
1920	     0	68.7	147.6	 621	OK
1921	  1000	67.4	160.3	 579	unbonded
1922	     0	69.7	135.8	 594	OK
1923	  1000	69.3	165.4	 576	unbonded
1924	  1000	65.4	182.4	 608	unbonded
1925	  1000	70.3	162.0	 553	unbonded
1926	  1000	68.4	154.9	 587	unbonded
1927	  1000	66.7	177.1	 564	unbonded
1928	  1000	68.1	147.3	 596	unbonded
1929	     0	69.6	142.3	 612	OK
1930	  1000	69.0	162.3	 580	unbonded
1931	  1000	68.2	189.9	 594	unbonded
1932	  1000	70.5	179.9	 571	unbonded
1933	     0	70.4	172.9	 581	OK
1934	  1000	67.9	147.8	 588	unbonded
1935	  1000	69.8	161.2	 570	unbonded
1936	  1000	67.9	159.7	 582	unbonded
1937	  1000	69.1	163.2	 583	unbonded
1938	     0	71.1	154.0	 590	OK
1939	     0	71.1	161.5	 599	OK
1940	     0	69.8	162.4	 585	OK
1941	  1000	68.1	145.7	 585	unbonded
1942	  1000	69.4	141.0	 576	unbonded
1943	  1000	71.4	165.3	 554	unbonded
1944	  1000	70.6	162.3	 570	unbonded
1945	  1000	69.6	173.5	 559	unbonded
1946	     0	70.6	169.7	 591	OK
1947	     0	70.0	151.8	 593	OK
1948	     0	69.8	143.2	 594	OK
1949	  1000	70.3	167.4	 555	unbonded
1950	  1000	68.7	161.7	 561	unbonded
1951	     0	70.7	161.2	 586	OK
1952	     0	72.0	167.6	 580	OK
1953	     0	69.9	173.7	 586	OK
1954	     0	71.2	165.2	 586	OK
1955	  1000	68.9	153.4	 572	unbonded
1956	  1000	70.9	151.4	 568	unbonded
1957	  1000	70.4	165.5	 561	unbonded
1958	     0	70.4	131.8	 582	OK
1959	     0	71.3	148.6	 611	OK
1960	     0	71.8	162.3	 573	OK
1961	     0	72.9	161.1	 576	OK
1962	  1000	70.5	165.9	 570	unbonded
1963	     0	71.1	152.8	 601	OK
1964	     0	72.1	174.7	 586	OK
1965	     0	70.9	148.2	 573	OK
1966	  1000	68.5	179.2	 591	unbonded
1967	  1000	70.4	169.1	 550	unbonded
1968	     0	73.9	160.7	 579	OK
1969	     0	74.9	156.8	 583	OK
1970	     0	71.2	160.2	 581	OK
1971	     0	71.4	169.3	 571	OK
1972	     0	72.4	161.5	 577	OK
1973	     0	71.6	131.9	 581	OK
1974	     0	72.0	167.5	 582	OK
1975	     0	74.8	160.9	 573	OK
1976	     0	74.0	159.1	 582	OK
1977	     0	73.8	154.5	 589	OK
1978	     0	73.4	160.2	 581	OK
1979	     0	71.8	160.6	 571	OK
1980	     0	74.6	171.7	 574	OK
1981	  1000	73.1	164.0	 555	unbonded
1982	     0	73.7	157.6	 594	OK
1983	     0	75.1	165.4	 571	OK
1984	     0	73.4	147.9	 588	OK
1985	     0	73.3	160.7	 561	OK
1986	     0	73.8	152.2	 570	OK
1987	     0	77.6	176.6	 551	OK
1988	     0	74.2	171.5	 555	OK
1989	     0	75.7	154.1	 581	OK
1990	     0	73.6	149.9	 567	OK
1991	     0	74.0	161.5	 561	OK
1992	     0	76.2	145.4	 583	OK
1993	     0	72.2	154.4	 569	OK
1994	     0	74.1	162.5	 573	OK
1995	     0	73.2	162.9	 571	OK
1996	     0	75.4	141.1	 592	OK
1997	     0	74.6	160.5	 571	OK
1998	  1000	73.7	164.9	 550	unbonded
1999	     0	72.6	156.3	 580	OK
2000	     0	74.2	178.8	 558	OK
2001	     0	72.8	176.1	 585	OK
2002	     0	75.1	143.5	 580	OK
2003	     0	72.8	157.8	 578	OK
2004	     0	74.3	168.7	 564	OK
2005	     0	74.9	180.6	 564	OK
2006	     0	72.4	145.7	 589	OK
2007	     0	73.1	156.4	 578	OK
2008	     0	73.8	164.9	 557	OK
2009	     0	71.6	131.9	 580	OK
2010	  1000	73.0	173.5	 542	unbonded
2011	     0	74.7	163.0	 571	OK
2012	     0	74.5	156.0	 586	OK
2013	     0	74.2	151.8	 567	OK
2014	     0	74.3	165.5	 552	OK
2015	     0	74.0	162.9	 564	OK
2016	     0	73.9	160.1	 571	OK
2017	     0	75.5	149.7	 573	OK
2018	     0	74.5	148.4	 576	OK
2019	     0	75.2	143.7	 565	OK
2020	     0	76.5	166.2	 537	OK
2021	     0	74.3	168.6	 553	OK
2022	     0	75.2	139.5	 581	OK
2023	     0	75.0	146.4	 588	OK
2024	     0	74.3	158.6	 574	OK
2025	     0	74.3	153.0	 578	OK
2026	     0	75.8	157.4	 566	OK
2027	     0	74.1	141.7	 570	OK
2028	     0	76.1	167.9	 559	OK
2029	     0	76.5	139.8	 573	OK
2030	     0	74.1	151.0	 556	OK
2031	     0	75.4	151.2	 571	OK
2032	     0	75.7	159.9	 551	OK
2033	     0	73.4	141.7	 580	OK
2034	     0	75.3	136.4	 577	OK
2035	     0	73.6	134.6	 600	OK
2036	     0	76.2	162.7	 567	OK
2037	     0	74.8	144.6	 566	OK
2038	     0	74.7	161.6	 562	OK
2039	     0	78.2	171.3	 559	OK
2040	     0	76.3	172.5	 556	OK
2041	     0	75.7	172.8	 546	OK
2042	     0	74.2	157.1	 563	OK
2043	     0	71.4	150.7	 599	OK
2044	     0	76.1	159.1	 571	OK
2045	     0	76.1	166.5	 549	OK
2046	     0	74.6	165.9	 567	OK
2047	     0	76.4	159.4	 572	OK
2048	     0	74.5	155.3	 578	OK
2049	     0	74.1	112.6	 556	OK
2050	     0	72.5	147.2	 578	OK
2051	     0	75.5	156.7	 591	OK
2052	     0	75.8	152.3	 597	OK
2053	     0	73.4	144.6	 587	OK
2054	     0	73.7	163.3	 560	OK
2055	     0	74.4	169.2	 573	OK
2056	     0	73.6	148.7	 601	OK
2057	     0	72.3	148.2	 586	OK
2058	     0	74.4	149.1	 585	OK
2059	     0	71.6	117.5	 586	OK
2060	     0	74.1	151.4	 574	OK
2061	     0	74.0	162.0	 559	OK
2062	     0	73.3	147.5	 576	OK
2063	     0	73.3	147.0	 583	OK
2064	  1000	71.1	117.1	 571	unbonded
2065	     0	73.9	149.3	 586	OK
2066	     0	73.6	138.8	 584	OK
2067	     0	74.2	166.8	 554	OK
2068	     0	73.3	160.0	 585	OK
2069	     0	73.4	160.5	 561	OK
2070	     0	75.5	141.8	 587	OK
2071	     0	72.8	146.2	 588	OK
2072	     0	73.1	143.1	 587	OK
2073	     0	76.5	148.8	 590	OK
2074	     0	74.8	122.9	 576	OK
2075	     0	74.4	161.0	 561	OK
2076	     0	73.9	155.7	 587	OK
2077	     0	74.0	180.6	 587	OK
2078	     0	71.8	142.6	 586	OK
2079	     0	73.0	122.2	 586	OK
2080	     0	75.1	144.6	 589	OK
2081	     0	74.2	154.9	 560	OK
2082	     0	73.2	152.8	 577	OK
2083	     0	71.6	138.9	 590	OK
2084	     0	72.5	149.0	 583	OK
2085	     0	76.2	145.4	 570	OK
2086	     0	70.9	152.4	 588	OK
2087	     0	74.4	132.8	 571	OK
2088	     0	73.6	126.6	 565	OK
2089	     0	76.0	143.4	 582	OK
2090	     0	74.9	143.1	 594	OK
2091	     0	73.6	169.0	 584	OK
2092	     0	73.9	173.6	 579	OK
2093	     0	71.7	132.4	 595	OK
2094	     0	74.0	138.5	 598	OK
2095	     0	74.4	145.5	 588	OK
2096	     0	75.1	146.7	 589	OK
2097	     0	75.9	160.1	 546	OK
2098	     0	74.9	162.1	 579	OK
2099	     0	75.6	145.2	 598	OK
2100	     0	72.2	143.7	 579	OK
2101	     0	73.3	144.1	 565	OK
2102	     0	74.6	141.1	 589	OK
2103	     0	74.8	143.8	 589	OK
2104	     0	73.9	144.1	 581	OK
2105	     0	74.5	134.9	 572	OK
2106	     0	73.8	156.5	 566	OK
2107	     0	75.2	151.6	 593	OK
2108	     0	76.0	143.7	 580	OK
2109	  1000	71.5	162.4	 567	unbonded
2110	     0	75.8	172.0	 554	OK
2111	     0	74.7	169.1	 560	OK
2112	     0	74.8	142.4	 589	OK
2113	     0	75.0	142.4	 573	OK
2114	     0	73.2	164.9	 566	OK
2115	     0	74.0	143.0	 590	OK
2116	  1000	72.8	154.4	 556	unbonded
2117	     0	73.3	149.6	 578	OK
2118	     0	74.8	157.4	 578	OK
2119	     0	77.8	157.1	 572	OK
2120	     0	76.8	115.0	 563	OK
2121	     0	75.0	162.9	 579	OK
2122	     0	74.1	167.2	 580	OK
2123	     0	72.0	125.7	 565	OK
2124	     0	74.1	158.6	 572	OK
2125	     0	75.8	170.4	 572	OK
2126	     0	74.2	153.7	 585	OK
2127	     0	74.3	133.4	 569	OK
2128	     0	73.8	120.5	 576	OK
2129	     0	74.5	141.7	 586	OK
2130	     0	75.2	164.7	 560	OK
2131	     0	74.8	150.9	 569	OK
2132	     0	71.5	135.5	 583	OK
2133	     0	71.9	159.0	 579	OK
2134	     0	73.7	139.5	 600	OK
2135	     0	76.3	130.1	 567	OK
2136	     0	75.6	144.2	 590	OK
2137	     0	73.4	135.7	 577	OK
2138	     0	75.3	160.4	 566	OK
2139	     0	76.5	143.5	 584	OK
2140	     0	75.0	133.6	 566	OK
2141	     0	73.3	158.9	 572	OK
2142	     0	74.4	146.2	 601	OK
2143	     0	72.9	135.4	 574	OK
2144	     0	75.1	158.1	 557	OK
2145	     0	74.9	140.4	 595	OK
2146	     0	73.7	146.9	 580	OK
2147	     0	74.4	146.3	 586	OK
2148	     0	73.5	137.6	 580	OK
2149	     0	74.9	154.9	 571	OK
2150	     0	73.9	173.1	 573	OK
2151	     0	74.4	145.9	 574	OK
2152	     0	75.3	134.9	 595	OK
2153	     0	73.6	133.4	 580	OK
2154	     0	75.5	153.6	 578	OK
2155	     0	74.5	163.7	 571	OK
2156	     0	74.6	132.0	 568	OK
2157	     0	73.0	121.6	 571	OK
2158	     0	76.2	162.2	 561	OK
2159	     0	75.4	148.7	 585	OK
2160	     0	72.5	131.9	 580	OK
2161	     0	75.6	133.6	 576	OK
2162	     0	75.9	160.7	 587	OK
2163	     0	72.2	164.1	 571	OK
2164	     0	75.8	161.9	 564	OK
2165	     0	72.7	138.7	 587	OK
2166	     0	74.4	157.1	 574	OK
2167	     0	78.6	158.4	 594	OK
2168	     0	74.1	135.2	 594	OK
2169	     0	76.6	154.0	 576	OK
2170	     0	75.0	163.5	 564	OK
2171	     0	73.7	163.0	 556	OK
2172	     0	76.7	143.8	 602	OK
2173	     0	75.7	143.0	 571	OK
2174	     0	75.7	166.9	 572	OK
2175	     0	77.3	144.3	 579	OK
2176	     0	66.5	144.0	 645	OK
2177	  1000	64.2	148.1	 628	unbonded
2178	     0	65.5	148.7	 633	OK
2179	     0	65.8	149.1	 634	OK
2180	     0	64.1	143.7	 663	OK
2181	     0	66.2	154.2	 640	OK
2182	     0	66.7	120.2	 615	OK
2183	     0	64.3	154.4	 636	OK
2184	     0	62.6	148.3	 651	OK
2185	     0	65.3	164.1	 639	OK
2186	     0	65.3	145.6	 630	OK
2187	     0	65.2	154.9	 634	OK
2188	     0	64.4	144.3	 633	OK
2189	     0	66.3	134.0	 618	OK
2190	     0	67.7	130.2	 636	OK
2191	     0	66.6	145.6	 634	OK
2192	     0	64.1	145.0	 637	OK
2193	     0	66.0	150.0	 632	OK
2194	  1000	65.1	160.4	 615	unbonded
2195	     0	65.0	157.1	 627	OK
2196	  1000	66.4	133.3	 601	unbonded
2197	     0	66.2	147.3	 626	OK
2198	     0	65.6	145.8	 648	OK
2199	     0	64.7	150.3	 639	OK
2200	     0	64.8	146.7	 631	OK
2201	     0	70.0	147.6	 637	OK
2202	     0	66.3	148.1	 642	OK
2203	     0	65.0	147.3	 626	OK
2204	     0	66.3	147.4	 635	OK
2205	     0	67.0	146.2	 650	OK
2206	  1000	64.7	161.3	 610	unbonded
2207	     0	68.4	146.5	 632	OK
2208	     0	68.6	156.2	 639	OK
2209	     0	67.8	137.8	 651	OK
2210	     0	66.2	156.3	 622	OK
2211	     0	65.2	135.4	 644	OK
2212	     0	66.5	130.1	 623	OK
2213	     0	67.5	146.3	 649	OK
2214	     0	68.2	145.6	 653	OK
2215	     0	66.2	149.9	 627	OK
2216	     0	66.9	155.5	 624	OK
2217	     0	68.7	141.7	 640	OK
2218	     0	65.8	165.5	 620	OK
2219	     0	66.2	155.8	 632	OK
2220	     0	67.9	161.4	 629	OK
2221	     0	66.1	144.2	 652	OK
2222	     0	66.9	158.6	 635	OK
2223	     0	65.8	147.5	 630	OK
2224	  1000	64.8	164.9	 621	unbonded
2225	     0	66.7	132.9	 627	OK
2226	     0	68.4	154.4	 637	OK
2227	     0	67.5	125.4	 613	OK
2228	     0	70.0	157.5	 638	OK
2229	     0	66.3	130.3	 630	OK
2230	     0	66.4	136.6	 655	OK
2231	     0	69.4	144.5	 618	OK
2232	     0	67.7	152.9	 659	OK
2233	     0	71.0	150.3	 624	OK
2234	     0	68.3	145.3	 638	OK
2235	     0	69.8	133.4	 642	OK
2236	     0	65.7	150.3	 648	OK
2237	     0	69.9	147.8	 651	OK
2238	     0	67.2	133.6	 623	OK
2239	     0	69.0	140.8	 662	OK
2240	     0	67.7	163.7	 607	OK
2241	     0	68.8	153.2	 663	OK
2242	     0	70.6	130.5	 618	OK
2243	     0	68.0	163.6	 634	OK
2244	     0	69.4	157.7	 617	OK
2245	     0	68.2	140.0	 639	OK
2246	     0	69.8	170.1	 623	OK
2247	     0	66.9	133.9	 640	OK
2248	     0	68.3	152.1	 633	OK
2249	     0	67.2	176.7	 635	OK
2250	     0	67.8	136.1	 657	OK
2251	     0	66.7	139.2	 644	OK
2252	     0	69.1	171.4	 654	OK
2253	     0	67.5	149.4	 632	OK
2254	     0	68.4	165.7	 634	OK
2255	     0	68.2	152.6	 614	OK
2256	     0	67.8	128.0	 615	OK
2257	     0	67.6	129.6	 624	OK
2258	     0	69.1	161.3	 633	OK
2259	     0	65.9	151.9	 638	OK
2260	     0	66.8	157.0	 624	OK
2261	     0	68.0	148.7	 628	OK
2262	     0	68.5	164.6	 636	OK
2263	     0	69.4	138.7	 653	OK
2264	     0	69.5	162.3	 603	OK
2265	     0	69.5	151.3	 639	OK
2266	     0	66.9	137.3	 653	OK
2267	     0	71.3	148.4	 638	OK
2268	     0	68.2	143.0	 636	OK
2269	     0	67.5	146.1	 644	OK
2270	     0	68.3	140.4	 637	OK
2271	     0	67.8	161.0	 623	OK
2272	     0	66.4	137.5	 634	OK
2273	     0	67.9	173.5	 619	OK
2274	     0	68.9	141.3	 644	OK
2275	     0	68.5	126.4	 625	OK
2276	     0	68.5	151.5	 640	OK
2277	     0	67.3	164.1	 630	OK
2278	     0	68.5	148.1	 632	OK
2279	     0	65.9	159.7	 636	OK
2280	     0	66.3	140.0	 651	OK
2281	     0	68.6	132.0	 641	OK
2282	     0	69.3	135.1	 636	OK
2283	     0	68.3	160.8	 628	OK
2284	     0	67.0	153.1	 643	OK
2285	     0	68.5	147.0	 634	OK
2286	     0	65.0	148.1	 630	OK
2287	     0	67.6	137.2	 638	OK
2288	     0	67.2	138.7	 639	OK
2289	     0	68.4	152.3	 648	OK
2290	     0	68.7	148.8	 629	OK
2291	     0	66.8	144.6	 629	OK
2292	     0	69.0	152.1	 646	OK
2293	     0	67.5	132.2	 634	OK
2294	     0	66.7	141.3	 637	OK
2295	     0	66.9	139.7	 638	OK
2296	     0	67.5	147.6	 642	OK
2297	  1000	65.7	155.1	 614	unbonded
2298	     0	64.0	155.7	 645	OK
2299	     0	68.3	123.1	 607	OK
2300	     0	69.1	163.7	 626	OK
2301	     0	67.4	154.1	 625	OK
2302	     0	64.9	144.9	 632	OK
2303	     0	67.4	148.8	 629	OK
2304	     0	72.8	137.9	 570	OK
2305	     0	75.2	153.4	 582	OK
2306	     0	71.2	131.4	 572	OK
2307	     0	74.3	143.2	 569	OK
2308	     0	74.9	147.3	 577	OK
2309	     0	73.9	142.0	 585	OK
2310	     0	73.0	135.0	 599	OK
2311	     0	72.5	140.1	 601	OK
2312	     0	72.8	162.0	 576	OK
2313	     0	72.4	142.7	 591	OK
2314	     0	71.5	125.6	 585	OK
2315	     0	72.5	144.4	 585	OK
2316	     0	72.4	138.4	 588	OK
2317	     0	73.6	154.9	 575	OK
2318	     0	69.7	143.7	 597	OK
2319	     0	74.4	131.3	 601	OK
2320	     0	72.9	142.6	 568	OK
2321	     0	74.0	151.2	 588	OK
2322	     0	71.4	149.8	 593	OK
2323	     0	73.6	138.8	 582	OK
2324	     0	72.7	158.5	 576	OK
2325	     0	71.3	107.0	 572	OK
2326	     0	73.9	144.7	 570	OK
2327	     0	72.2	157.7	 582	OK
2328	     0	74.2	140.5	 596	OK
2329	     0	71.8	142.7	 583	OK
2330	     0	74.4	145.9	 585	OK
2331	     0	72.3	155.4	 594	OK
2332	     0	74.7	159.9	 578	OK
2333	     0	71.4	150.1	 591	OK
2334	     0	72.1	135.2	 593	OK
2335	     0	72.6	145.8	 598	OK
2336	     0	74.7	165.5	 570	OK
2337	     0	74.3	141.9	 600	OK
2338	     0	71.8	157.4	 586	OK
2339	     0	72.6	119.6	 572	OK
2340	     0	74.3	144.3	 582	OK
2341	     0	71.4	126.8	 593	OK
2342	     0	72.9	124.2	 567	OK
2343	     0	71.6	160.6	 572	OK
2344	     0	75.3	156.8	 595	OK
2345	     0	72.4	146.4	 601	OK
2346	     0	73.3	144.5	 588	OK
2347	     0	73.3	150.1	 588	OK
2348	     0	73.1	158.2	 593	OK
2349	     0	75.3	152.0	 588	OK
2350	     0	73.9	143.1	 589	OK
2351	     0	75.2	146.5	 613	OK
2352	     0	74.3	163.3	 565	OK
2353	     0	72.9	156.4	 575	OK
2354	     0	72.6	139.0	 583	OK
2355	     0	72.1	124.2	 598	OK
2356	     0	73.0	131.7	 583	OK
2357	     0	73.1	147.1	 593	OK
2358	     0	72.8	155.0	 571	OK
2359	     0	74.9	154.3	 598	OK
2360	     0	74.7	153.8	 582	OK
2361	     0	75.0	171.1	 593	OK
2362	     0	74.4	150.5	 579	OK
2363	     0	73.4	129.6	 579	OK
2364	     0	72.6	145.9	 573	OK
2365	     0	74.0	159.6	 583	OK
2366	     0	72.3	157.1	 577	OK
2367	     0	74.3	141.8	 572	OK
2368	     0	72.8	138.2	 571	OK
2369	     0	75.0	160.0	 581	OK
2370	     0	73.1	140.6	 588	OK
2371	     0	75.1	136.8	 598	OK
2372	     0	74.6	166.7	 555	OK
2373	     0	71.2	138.6	 585	OK
2374	     0	75.6	156.1	 587	OK
2375	     0	70.8	150.0	 602	OK
2376	     0	73.9	140.4	 576	OK
2377	     0	73.2	140.5	 585	OK
2378	     0	74.3	130.0	 574	OK
2379	     0	73.7	137.1	 581	OK
2380	     0	73.9	135.0	 573	OK
2381	     0	74.3	150.6	 585	OK
2382	     0	73.5	144.7	 581	OK
2383	     0	73.2	133.4	 588	OK
2384	     0	72.4	157.6	 580	OK
2385	     0	75.0	129.6	 584	OK
2386	     0	72.2	124.8	 592	OK
2387	     0	72.3	162.0	 590	OK
2388	     0	72.6	150.4	 589	OK
2389	     0	73.5	147.5	 580	OK
2390	     0	74.2	137.7	 576	OK
2391	     0	72.7	172.4	 577	OK
2392	     0	73.8	173.3	 561	OK
2393	     0	72.6	141.1	 590	OK
2394	     0	75.2	161.5	 560	OK
2395	     0	74.2	133.7	 584	OK
2396	     0	72.4	165.8	 580	OK
2397	     0	74.8	155.5	 595	OK
2398	     0	73.0	142.3	 602	OK
2399	     0	73.1	155.1	 580	OK
2400	     0	74.6	135.4	 588	OK
2401	     0	75.2	137.8	 584	OK
2402	     0	73.0	174.5	 583	OK
2403	     0	74.7	159.2	 577	OK
2404	     0	73.6	129.2	 553	OK
2405	     0	75.3	137.4	 573	OK
2406	     0	73.5	131.0	 585	OK
2407	     0	75.5	171.1	 553	OK
2408	     0	71.9	144.3	 594	OK
2409	     0	72.9	170.6	 564	OK
2410	     0	72.6	147.7	 583	OK
2411	     0	72.2	152.6	 591	OK
2412	     0	72.7	134.7	 577	OK
2413	     0	73.7	151.9	 596	OK
2414	     0	74.6	155.2	 582	OK
2415	     0	73.7	125.3	 569	OK
2416	     0	74.3	177.3	 583	OK
2417	     0	71.1	133.9	 579	OK
2418	     0	72.0	150.0	 589	OK
2419	     0	74.6	146.0	 598	OK
2420	     0	74.0	139.3	 580	OK
2421	     0	72.8	135.6	 585	OK
2422	     0	73.0	157.9	 596	OK
2423	     0	72.8	137.8	 578	OK
2424	     0	74.1	136.3	 583	OK
2425	     0	73.9	150.6	 590	OK
2426	     0	73.7	145.8	 624	OK
2427	     0	72.9	169.8	 563	OK
2428	     0	74.8	148.1	 594	OK
2429	     0	76.2	153.4	 567	OK
2430	     0	74.5	144.9	 579	OK
2431	     0	74.3	125.4	 593	OK
2432	     0	79.6	139.5	 580	OK
2433	     0	76.0	162.8	 554	OK
2434	     0	77.1	127.6	 564	OK
2435	     0	77.2	134.1	 581	OK
2436	     0	76.8	152.6	 568	OK
2437	     0	78.2	168.5	 552	OK
2438	     0	76.2	159.9	 550	OK
2439	     0	75.9	134.2	 568	OK
2440	     0	77.6	166.8	 534	OK
2441	     0	77.5	151.5	 574	OK
2442	     0	77.0	144.1	 558	OK
2443	     0	77.2	148.0	 565	OK
2444	     0	74.9	153.9	 575	OK
2445	     0	77.9	171.3	 560	OK
2446	     0	74.6	160.9	 562	OK
2447	     0	75.7	128.2	 566	OK
2448	     0	75.8	154.7	 573	OK
2449	     0	76.5	144.8	 572	OK
2450	     0	79.0	163.2	 544	OK
2451	     0	76.3	144.7	 562	OK
2452	     0	74.1	147.6	 561	OK
2453	     0	75.2	153.2	 561	OK
2454	     0	76.4	154.9	 589	OK
2455	     0	76.3	140.0	 576	OK
2456	     0	78.5	163.3	 539	OK
2457	     0	78.8	171.2	 568	OK
2458	     0	75.7	150.7	 591	OK
2459	     0	78.0	164.7	 564	OK
2460	     0	77.1	155.3	 547	OK
2461	     0	77.8	137.7	 565	OK
2462	     0	77.7	187.5	 572	OK
2463	     0	75.6	141.9	 563	OK
2464	     0	77.7	155.0	 554	OK
2465	     0	76.1	161.7	 543	OK
2466	     0	76.4	135.2	 582	OK
2467	     0	77.7	201.6	 555	OK
2468	     0	76.5	135.4	 567	OK
2469	     0	76.8	188.4	 579	OK
2470	     0	78.2	171.7	 573	OK
2471	     0	75.7	142.1	 584	OK
2472	     0	78.4	146.7	 575	OK
2473	     0	77.8	141.1	 595	OK
2474	     0	75.1	148.6	 592	OK
2475	     0	78.3	163.0	 555	OK
2476	     0	76.4	148.1	 592	OK
2477	     0	79.1	135.2	 573	OK
2478	     0	76.3	114.7	 557	OK
2479	     0	77.2	152.4	 569	OK
2480	     0	75.3	140.5	 577	OK
2481	     0	77.2	161.5	 570	OK
2482	     0	75.8	152.3	 569	OK
2483	     0	75.3	148.7	 575	OK
2484	     0	76.5	144.1	 586	OK
2485	     0	77.7	151.5	 559	OK
2486	     0	76.7	150.4	 569	OK
2487	     0	76.7	161.2	 573	OK
2488	     0	78.4	149.5	 577	OK
2489	     0	77.3	152.3	 560	OK
2490	     0	75.3	141.3	 572	OK
2491	     0	78.9	146.6	 578	OK
2492	     0	78.6	154.5	 573	OK
2493	     0	79.8	164.3	 554	OK
2494	     0	78.9	146.2	 575	OK
2495	     0	75.9	140.7	 573	OK
2496	     0	78.7	167.1	 567	OK
2497	     0	78.5	159.8	 570	OK
2498	     0	77.0	170.1	 558	OK
2499	     0	79.2	144.9	 563	OK
2500	     0	76.9	144.7	 584	OK
2501	     0	77.6	156.0	 559	OK
2502	     0	77.0	144.3	 568	OK
2503	     0	75.3	164.4	 573	OK
2504	     0	77.4	158.0	 558	OK
2505	     0	77.8	165.6	 538	OK
2506	     0	76.5	133.2	 588	OK
2507	     0	77.6	152.3	 557	OK
2508	     0	77.6	146.2	 574	OK
2509	     0	77.1	148.1	 568	OK
2510	     0	77.2	149.8	 556	OK
2511	     0	75.9	141.1	 569	OK
2512	     0	76.2	158.0	 566	OK
2513	     0	77.3	139.7	 582	OK
2514	     0	75.8	151.4	 599	OK
2515	     0	79.6	149.5	 561	OK
2516	     0	77.6	162.5	 558	OK
2517	     0	76.3	144.6	 548	OK
2518	     0	77.4	155.8	 572	OK
2519	     0	78.7	157.7	 557	OK
2520	     0	74.4	143.9	 567	OK
2521	     0	76.3	144.9	 577	OK
2522	     0	77.9	173.3	 556	OK
2523	     0	76.6	149.8	 577	OK
2524	     0	76.8	149.9	 556	OK
2525	     0	76.8	155.0	 567	OK
2526	     0	75.6	131.5	 565	OK
2527	     0	76.0	156.1	 573	OK
2528	     0	77.4	154.1	 559	OK
2529	     0	74.9	152.7	 565	OK
2530	     0	79.3	163.8	 558	OK
2531	     0	77.9	138.3	 566	OK
2532	     0	80.1	160.2	 546	OK
2533	     0	78.8	140.4	 560	OK
2534	     0	75.9	152.5	 575	OK
2535	     0	77.3	145.3	 571	OK
2536	     0	77.2	144.6	 567	OK
2537	     0	76.2	156.5	 541	OK
2538	     0	76.9	157.6	 539	OK
2539	     0	78.7	159.8	 555	OK
2540	     0	75.9	152.1	 555	OK
2541	     0	76.8	156.6	 549	OK
2542	     0	75.7	161.6	 547	OK
2543	     0	76.5	143.0	 556	OK
2544	     0	78.9	162.0	 561	OK
2545	     0	78.5	159.6	 557	OK
2546	     0	75.6	152.8	 572	OK
2547	     0	76.7	167.6	 542	OK
2548	     0	79.8	133.7	 571	OK
2549	     0	76.8	132.5	 550	OK
2550	     0	77.2	173.0	 563	OK
2551	     0	76.5	129.7	 569	OK
2552	     0	77.8	142.5	 589	OK
2553	     0	76.4	134.7	 551	OK
2554	     0	77.5	147.3	 565	OK
2555	     0	78.0	142.5	 572	OK
2556	  4000	79.0	175.5	 719	high noise
2557	     0	77.6	148.3	 567	OK
2558	     0	76.3	138.0	 578	OK
2559	     0	76.1	159.0	 561	OK
2560	     0	62.2	154.9	 677	OK
2561	     0	63.7	146.5	 641	OK
2562	  1000	60.8	139.8	 633	unbonded
2563	     0	64.8	149.6	 637	OK
2564	  1000	64.1	162.7	 623	unbonded
2565	  1000	64.2	162.5	 611	unbonded
2566	  1000	61.1	123.8	 618	unbonded
2567	  1000	63.7	129.0	 620	unbonded
2568	  1000	60.2	123.3	 623	unbonded
2569	  1000	65.1	136.8	 603	unbonded
2570	  1000	63.5	158.8	 631	unbonded
2571	  1000	62.7	141.0	 624	unbonded
2572	  1000	63.1	124.3	 610	unbonded
2573	  1000	63.4	171.0	 635	unbonded
2574	  1000	63.3	142.1	 621	unbonded
2575	  1000	65.9	136.9	 610	unbonded
2576	  1000	62.5	117.2	 630	unbonded
2577	  1000	63.5	156.9	 593	unbonded
2578	  1000	64.5	121.6	 594	unbonded
2579	  1000	65.0	161.1	 618	unbonded
2580	  1000	64.7	158.7	 605	unbonded
2581	  1000	64.7	125.5	 609	unbonded
2582	  1000	61.1	170.6	 634	unbonded
2583	  1000	63.4	145.7	 611	unbonded
2584	     0	65.8	137.4	 628	OK
2585	  1000	62.7	135.9	 647	unbonded
2586	  1000	62.8	135.5	 624	unbonded
2587	  1000	64.1	130.7	 610	unbonded
2588	  1000	63.5	168.9	 608	unbonded
2589	  1000	63.7	150.5	 601	unbonded
2590	     0	65.5	138.1	 636	OK
2591	  1000	63.1	139.2	 639	unbonded
2592	  1000	66.5	148.5	 607	unbonded
2593	     0	67.1	144.2	 619	OK
2594	  1000	60.6	158.7	 621	unbonded
2595	  1000	61.4	143.2	 615	unbonded
2596	     0	65.2	136.4	 644	OK
2597	  1000	65.2	125.2	 612	unbonded
2598	     0	63.8	139.9	 645	OK
2599	  1000	65.5	155.7	 595	unbonded
2600	  1000	63.8	141.5	 628	unbonded
2601	     0	65.5	153.0	 621	OK
2602	  1000	60.7	153.3	 634	unbonded
2603	     0	67.0	137.1	 626	OK
2604	     0	67.0	159.2	 615	OK
2605	     0	66.7	150.3	 611	OK
2606	  1000	63.6	163.2	 617	unbonded
2607	  1000	64.3	151.6	 623	unbonded
2608	     0	65.8	150.8	 638	OK
2609	     0	66.4	153.9	 631	OK
2610	     0	67.3	137.5	 630	OK
2611	  1000	64.7	163.5	 619	unbonded
2612	     0	65.3	145.2	 644	OK
2613	  1000	61.7	130.6	 630	unbonded
2614	  1000	62.5	155.1	 599	unbonded
2615	     0	67.4	156.6	 616	OK
2616	     0	65.1	150.7	 627	OK
2617	     0	68.1	160.8	 612	OK
2618	     0	66.2	145.4	 629	OK
2619	  1000	65.7	168.2	 605	unbonded
2620	  1000	63.4	160.1	 616	unbonded
2621	     0	67.2	143.7	 633	OK
2622	     0	66.5	148.3	 624	OK
2623	     0	65.4	141.8	 636	OK
2624	     0	67.0	144.6	 640	OK
2625	     0	68.4	152.0	 634	OK
2626	  1000	64.7	126.4	 604	unbonded
2627	     0	65.3	135.3	 655	OK
2628	     0	66.9	147.5	 628	OK
2629	     0	67.0	151.4	 629	OK
2630	  1000	67.2	142.2	 603	unbonded
2631	     0	67.0	133.3	 623	OK
2632	     0	68.7	146.8	 626	OK
2633	  1000	65.7	159.2	 602	unbonded
2634	  1000	66.3	124.1	 604	unbonded
2635	  1000	65.4	132.7	 607	unbonded
2636	     0	66.2	144.7	 625	OK
2637	     0	66.2	155.8	 624	OK
2638	     0	68.3	158.6	 632	OK
2639	  1000	66.5	168.2	 610	unbonded
2640	  1000	65.4	162.2	 615	unbonded
2641	     0	66.3	153.9	 625	OK
2642	     0	66.0	147.7	 625	OK
2643	  1000	65.9	134.6	 607	unbonded
2644	     0	67.5	149.5	 635	OK
2645	     0	68.1	152.2	 601	OK
2646	     0	65.3	141.2	 633	OK
2647	  1000	64.5	133.5	 623	unbonded
2648	  1000	64.4	168.2	 605	unbonded
2649	  1000	64.6	156.4	 597	unbonded
2650	     0	65.9	147.2	 620	OK
2651	     0	66.9	149.1	 638	OK
2652	  1000	64.4	120.6	 625	unbonded
2653	  1000	64.9	130.0	 618	unbonded
2654	  1000	64.2	147.4	 631	unbonded
2655	  1000	66.4	163.8	 605	unbonded
2656	  1000	65.0	153.5	 595	unbonded
2657	  1000	63.5	168.2	 609	unbonded
2658	     0	65.3	158.8	 625	OK
2659	  1000	67.2	125.5	 598	unbonded
2660	     0	66.3	150.3	 628	OK
2661	  1000	64.6	120.6	 598	unbonded
2662	     0	65.7	156.5	 634	OK
2663	  1000	64.1	137.4	 628	unbonded
2664	  1000	63.3	162.1	 618	unbonded
2665	  1000	64.6	161.1	 627	unbonded
2666	  1000	63.7	167.1	 629	unbonded
2667	  1000	63.4	149.6	 609	unbonded
2668	     0	65.3	146.4	 638	OK
2669	  1000	62.4	142.2	 623	unbonded
2670	  1000	62.0	149.9	 647	unbonded
2671	  1000	63.6	159.6	 612	unbonded
2672	  1000	61.6	147.1	 617	unbonded
2673	  1000	66.4	177.2	 600	unbonded
2674	     0	64.6	142.0	 631	OK
2675	  1000	66.4	129.6	 610	unbonded
2676	     0	65.9	149.2	 622	OK
2677	     0	64.2	173.4	 636	OK
2678	  1000	64.6	160.6	 614	unbonded
2679	  1000	63.1	158.9	 617	unbonded
2680	  1000	64.0	157.3	 600	unbonded
2681	  1000	62.9	157.4	 606	unbonded
2682	  1000	64.2	156.1	 599	unbonded
2683	  1000	64.2	146.7	 604	unbonded
2684	  1000	63.7	147.4	 627	unbonded
2685	     0	64.9	148.0	 633	OK
2686	  1000	63.7	140.4	 622	unbonded
2687	  1000	63.7	165.8	 595	unbonded
2688	     1	0.0	0.0	   0	dead
2689	     1	0.0	0.0	   0	dead
2690	     1	0.0	0.0	   0	dead
2691	     1	0.0	0.0	   0	dead
2692	     1	0.0	0.0	   0	dead
2693	     1	0.0	0.0	   0	dead
2694	     1	0.0	0.0	   0	dead
2695	     1	0.0	0.0	   0	dead
2696	     1	0.0	0.0	   0	dead
2697	     1	0.0	0.0	   0	dead
2698	     1	0.0	0.0	   0	dead
2699	     1	0.0	0.0	   0	dead
2700	     1	0.0	0.0	   0	dead
2701	     1	0.0	0.0	   0	dead
2702	     1	0.0	0.0	   0	dead
2703	     1	0.0	0.0	   0	dead
2704	     1	0.0	0.0	   0	dead
2705	     1	0.0	0.0	   0	dead
2706	     1	0.0	0.0	   0	dead
2707	     1	0.0	0.0	   0	dead
2708	     1	0.0	0.0	   0	dead
2709	     1	0.0	0.0	   0	dead
2710	     1	0.0	0.0	   0	dead
2711	     1	0.0	0.0	   0	dead
2712	     1	0.0	0.0	   0	dead
2713	     1	0.0	0.0	   0	dead
2714	     1	0.0	0.0	   0	dead
2715	     1	0.0	0.0	   0	dead
2716	     1	0.0	0.0	   0	dead
2717	     1	0.0	0.0	   0	dead
2718	     1	0.0	0.0	   0	dead
2719	     1	0.0	0.0	   0	dead
2720	     1	0.0	0.0	   0	dead
2721	     1	0.0	0.0	   0	dead
2722	     1	0.0	0.0	   0	dead
2723	     1	0.0	0.0	   0	dead
2724	     1	0.0	0.0	   0	dead
2725	     1	0.0	0.0	   0	dead
2726	     1	0.0	0.0	   0	dead
2727	     1	0.0	0.0	   0	dead
2728	     1	0.0	0.0	   0	dead
2729	     1	0.0	0.0	   0	dead
2730	     1	0.0	0.0	   0	dead
2731	     1	0.0	0.0	   0	dead
2732	     1	0.0	0.0	   0	dead
2733	     1	0.0	0.0	   0	dead
2734	     1	0.0	0.0	   0	dead
2735	     1	0.0	0.0	   0	dead
2736	     1	0.0	0.0	   0	dead
2737	     1	0.0	0.0	   0	dead
2738	     1	0.0	0.0	   0	dead
2739	     1	0.0	0.0	   0	dead
2740	     1	0.0	0.0	   0	dead
2741	     1	0.0	0.0	   0	dead
2742	     1	0.0	0.0	   0	dead
2743	     1	0.0	0.0	   0	dead
2744	     1	0.0	0.0	   0	dead
2745	     1	0.0	0.0	   0	dead
2746	     1	0.0	0.0	   0	dead
2747	     1	0.0	0.0	   0	dead
2748	     1	0.0	0.0	   0	dead
2749	     1	0.0	0.0	   0	dead
2750	     1	0.0	0.0	   0	dead
2751	     1	0.0	0.0	   0	dead
2752	     1	0.0	0.0	   0	dead
2753	     1	0.0	0.0	   0	dead
2754	     1	0.0	0.0	   0	dead
2755	     1	0.0	0.0	   0	dead
2756	     1	0.0	0.0	   0	dead
2757	     1	0.0	0.0	   0	dead
2758	     1	0.0	0.0	   0	dead
2759	     1	0.0	0.0	   0	dead
2760	     1	0.0	0.0	   0	dead
2761	     1	0.0	0.0	   0	dead
2762	     1	0.0	0.0	   0	dead
2763	     1	0.0	0.0	   0	dead
2764	     1	0.0	0.0	   0	dead
2765	     1	0.0	0.0	   0	dead
2766	     1	0.0	0.0	   0	dead
2767	     1	0.0	0.0	   0	dead
2768	     1	0.0	0.0	   0	dead
2769	     1	0.0	0.0	   0	dead
2770	     1	0.0	0.0	   0	dead
2771	     1	0.0	0.0	   0	dead
2772	     1	0.0	0.0	   0	dead
2773	     1	0.0	0.0	   0	dead
2774	     1	0.0	0.0	   0	dead
2775	     1	0.0	0.0	   0	dead
2776	     1	0.0	0.0	   0	dead
2777	     1	0.0	0.0	   0	dead
2778	     1	0.0	0.0	   0	dead
2779	     1	0.0	0.0	   0	dead
2780	     1	0.0	0.0	   0	dead
2781	     1	0.0	0.0	   0	dead
2782	     1	0.0	0.0	   0	dead
2783	     1	0.0	0.0	   0	dead
2784	     1	0.0	0.0	   0	dead
2785	     1	0.0	0.0	   0	dead
2786	     1	0.0	0.0	   0	dead
2787	     1	0.0	0.0	   0	dead
2788	     1	0.0	0.0	   0	dead
2789	     1	0.0	0.0	   0	dead
2790	     1	0.0	0.0	   0	dead
2791	     1	0.0	0.0	   0	dead
2792	     1	0.0	0.0	   0	dead
2793	     1	0.0	0.0	   0	dead
2794	     1	0.0	0.0	   0	dead
2795	     1	0.0	0.0	   0	dead
2796	     1	0.0	0.0	   0	dead
2797	     1	0.0	0.0	   0	dead
2798	     1	0.0	0.0	   0	dead
2799	     1	0.0	0.0	   0	dead
2800	     1	0.0	0.0	   0	dead
2801	     1	0.0	0.0	   0	dead
2802	     1	0.0	0.0	   0	dead
2803	     1	0.0	0.0	   0	dead
2804	     1	0.0	0.0	   0	dead
2805	     1	0.0	0.0	   0	dead
2806	     1	0.0	0.0	   0	dead
2807	     1	0.0	0.0	   0	dead
2808	     1	0.0	0.0	   0	dead
2809	     1	0.0	0.0	   0	dead
2810	     1	0.0	0.0	   0	dead
2811	     1	0.0	0.0	   0	dead
2812	     1	0.0	0.0	   0	dead
2813	     1	0.0	0.0	   0	dead
2814	     1	0.0	0.0	   0	dead
2815	     1	0.0	0.0	   0	dead
