#chan	code	gain	vt50	innse	comment
   0	     0	72.1	139.3	1638	OK
   1	     0	70.0	129.1	1682	OK
   2	     0	69.9	132.7	1618	OK
   3	     0	69.4	134.2	1643	OK
   4	     0	70.5	134.9	1629	OK
   5	     0	70.8	134.4	1645	OK
   6	     0	69.5	132.3	1640	OK
   7	     0	69.5	131.2	1651	OK
   8	     0	68.2	130.0	1664	OK
   9	     0	68.8	129.5	1639	OK
  10	     0	67.4	126.0	1648	OK
  11	     0	69.8	133.7	1675	OK
  12	     0	69.0	131.3	1641	OK
  13	     0	69.9	134.1	1626	OK
  14	     0	68.0	130.2	1655	OK
  15	     0	68.0	131.7	1623	OK
  16	     0	69.0	132.6	1650	OK
  17	     0	69.8	131.7	1669	OK
  18	     0	68.8	128.2	1651	OK
  19	     0	71.7	138.8	1641	OK
  20	     0	68.9	130.6	1653	OK
  21	     0	71.0	135.8	1647	OK
  22	     0	69.1	133.3	1627	OK
  23	     0	68.7	129.3	1679	OK
  24	     0	70.0	132.3	1635	OK
  25	     0	69.4	132.2	1647	OK
  26	     0	71.1	135.8	1648	OK
  27	     0	68.1	131.2	1634	OK
  28	     0	68.5	133.1	1633	OK
  29	     0	69.0	130.0	1670	OK
  30	     0	70.2	133.7	1650	OK
  31	     0	70.4	138.8	1651	OK
  32	     0	70.2	130.9	1650	OK
  33	     0	68.4	132.3	1629	OK
  34	     0	70.4	136.0	1682	OK
  35	     0	69.2	136.4	1662	OK
  36	     0	71.7	140.5	1617	OK
  37	     0	70.0	134.7	1652	OK
  38	     0	67.9	127.8	1672	OK
  39	     0	69.1	131.6	1679	OK
  40	     0	70.7	132.6	1640	OK
  41	     0	69.8	130.3	1638	OK
  42	     0	71.1	138.3	1641	OK
  43	     0	69.3	134.8	1627	OK
  44	     0	70.4	136.5	1657	OK
  45	     0	68.8	133.2	1649	OK
  46	     0	70.3	135.6	1643	OK
  47	     0	69.3	131.3	1655	OK
  48	     0	69.7	131.9	1679	OK
  49	     0	72.0	136.9	1654	OK
  50	     0	69.4	133.0	1646	OK
  51	     0	68.0	128.9	1636	OK
  52	 50000	-3.6	43.7	   0	very low gain
  53	     0	69.7	134.8	1624	OK
  54	     0	70.3	139.7	1628	OK
  55	     0	70.1	135.3	1693	OK
  56	     0	70.0	135.6	1643	OK
  57	     0	68.7	134.9	1666	OK
  58	     0	70.0	133.6	1656	OK
  59	     0	71.8	138.0	1642	OK
  60	     0	71.2	135.4	1683	OK
  61	     0	72.4	138.1	1644	OK
  62	     0	70.5	137.3	1673	OK
  63	     0	71.9	135.6	1651	OK
  64	     0	74.3	139.8	1662	OK
  65	     0	72.7	138.5	1625	OK
  66	     0	73.1	141.9	1661	OK
  67	     0	70.3	134.9	1676	OK
  68	     0	70.6	132.6	1661	OK
  69	     0	71.9	141.3	1660	OK
  70	     0	71.6	137.7	1646	OK
  71	     0	69.7	130.7	1655	OK
  72	     0	71.0	133.3	1664	OK
  73	     0	70.5	131.5	1655	OK
  74	     0	67.8	131.5	1651	OK
  75	     0	69.0	134.0	1641	OK
  76	     0	69.4	136.1	1631	OK
  77	     0	69.8	134.4	1625	OK
  78	     0	68.9	131.0	1663	OK
  79	     0	70.8	136.2	1664	OK
  80	     0	70.1	135.9	1643	OK
  81	     0	68.1	131.4	1662	OK
  82	     0	68.4	130.4	1633	OK
  83	     0	69.3	131.1	1667	OK
  84	     0	68.6	132.9	1645	OK
  85	     0	70.4	135.0	1653	OK
  86	     0	67.9	133.7	1659	OK
  87	     0	68.5	130.7	1641	OK
  88	     0	69.1	131.6	1652	OK
  89	     0	69.5	132.4	1646	OK
  90	     0	70.6	137.9	1652	OK
  91	     0	70.7	138.8	1616	OK
  92	     0	69.1	135.4	1660	OK
  93	     0	69.7	135.5	1631	OK
  94	     0	69.4	139.8	1655	OK
  95	     0	69.6	135.0	1634	OK
  96	     0	70.9	135.3	1639	OK
  97	     0	70.8	136.7	1628	OK
  98	     0	69.4	134.7	1614	OK
  99	     0	67.9	135.2	1653	OK
 100	     0	68.9	132.7	1638	OK
 101	     0	68.9	133.8	1650	OK
 102	     0	71.6	137.7	1640	OK
 103	     0	70.1	135.1	1665	OK
 104	     0	72.0	139.6	1639	OK
 105	     0	69.1	133.9	1650	OK
 106	     0	71.1	137.3	1652	OK
 107	     0	67.6	129.3	1655	OK
 108	     0	72.0	139.0	1628	OK
 109	     0	71.6	140.8	1624	OK
 110	     0	70.1	129.8	1641	OK
 111	     0	69.6	135.7	1657	OK
 112	     0	70.9	135.1	1657	OK
 113	     0	70.4	169.3	1617	OK
 114	     0	69.6	130.5	1654	OK
 115	     0	72.5	138.3	1622	OK
 116	     0	69.9	134.8	1626	OK
 117	     0	71.7	137.6	1627	OK
 118	     0	71.0	135.2	1642	OK
 119	     0	71.0	140.3	1618	OK
 120	     0	71.8	135.2	1611	OK
 121	     0	70.6	136.1	1636	OK
 122	     0	70.7	139.7	1627	OK
 123	     0	72.7	137.1	1616	OK
 124	     0	72.0	135.5	1630	OK
 125	     0	70.7	125.3	1640	OK
 126	     0	73.3	138.4	1676	OK
 127	     0	73.9	136.5	1707	OK
 128	     0	72.1	136.9	1615	OK
 129	     0	72.2	136.5	1610	OK
 130	     0	70.0	137.6	1617	OK
 131	     0	70.3	136.7	1616	OK
 132	     0	70.3	135.7	1626	OK
 133	     0	71.4	140.0	1617	OK
 134	     0	70.9	135.5	1626	OK
 135	     0	69.7	135.1	1615	OK
 136	     0	68.7	132.9	1606	OK
 137	     0	71.3	132.2	1592	OK
 138	     0	68.5	135.7	1611	OK
 139	     0	70.8	136.6	1617	OK
 140	     0	69.6	133.5	1597	OK
 141	     0	70.7	133.9	1611	OK
 142	     0	71.7	139.0	1614	OK
 143	     0	70.6	134.0	1622	OK
 144	     0	69.5	133.9	1587	OK
 145	     0	69.4	134.1	1600	OK
 146	     0	71.0	134.4	1625	OK
 147	     0	68.6	136.7	1619	OK
 148	     0	68.3	131.3	1612	OK
 149	     0	69.7	137.4	1603	OK
 150	     0	69.0	133.1	1606	OK
 151	     0	73.8	141.0	1590	OK
 152	     0	70.4	138.4	1618	OK
 153	     0	68.8	131.9	1599	OK
 154	     0	70.4	137.0	1611	OK
 155	     0	67.2	173.0	1596	OK
 156	     0	71.0	140.7	1609	OK
 157	     0	69.6	134.0	1629	OK
 158	     0	69.2	130.0	1630	OK
 159	     0	68.7	131.1	1598	OK
 160	     0	70.7	137.4	1623	OK
 161	     0	68.9	132.5	1610	OK
 162	     0	70.9	135.2	1606	OK
 163	     0	67.1	129.5	1637	OK
 164	     0	67.7	132.1	1625	OK
 165	     0	67.8	122.9	1609	OK
 166	     0	70.2	134.7	1616	OK
 167	     0	68.9	132.3	1614	OK
 168	     0	69.1	131.0	1609	OK
 169	     0	70.0	135.5	1641	OK
 170	     0	69.6	137.2	1625	OK
 171	     0	70.4	135.1	1629	OK
 172	     0	70.9	120.8	1592	OK
 173	     0	68.6	128.4	1626	OK
 174	     0	70.2	134.9	1611	OK
 175	     0	70.1	132.4	1634	OK
 176	     0	68.6	132.6	1643	OK
 177	     0	68.4	136.0	1632	OK
 178	     0	67.8	130.8	1650	OK
 179	     0	70.2	135.7	1604	OK
 180	     0	69.3	137.0	1622	OK
 181	     0	71.3	138.4	1644	OK
 182	     0	69.4	136.9	1648	OK
 183	     0	71.1	136.1	1621	OK
 184	     0	72.6	139.4	1637	OK
 185	     0	69.7	133.8	1638	OK
 186	     0	70.0	136.3	1632	OK
 187	     0	68.7	135.6	1651	OK
 188	     0	67.9	130.0	1635	OK
 189	     0	71.6	138.0	1600	OK
 190	     0	71.5	138.0	1626	OK
 191	     0	70.1	135.4	1642	OK
 192	     0	68.6	134.3	1619	OK
 193	     0	71.2	138.0	1627	OK
 194	     0	69.4	133.9	1627	OK
 195	     0	72.0	137.0	1606	OK
 196	     0	67.8	133.8	1630	OK
 197	     0	69.7	134.1	1611	OK
 198	     0	70.1	137.0	1621	OK
 199	     0	68.8	134.7	1646	OK
 200	     0	69.6	137.6	1606	OK
 201	     0	68.6	132.8	1638	OK
 202	     0	70.7	135.5	1650	OK
 203	     0	68.3	133.0	1618	OK
 204	     0	70.1	135.9	1629	OK
 205	     0	68.4	131.5	1630	OK
 206	     0	67.2	129.5	1618	OK
 207	     0	67.8	133.3	1644	OK
 208	     0	72.6	142.0	1654	OK
 209	     0	70.2	133.4	1607	OK
 210	     0	69.0	134.1	1637	OK
 211	     0	70.4	136.5	1614	OK
 212	     0	68.4	131.5	1614	OK
 213	     0	68.0	128.0	1630	OK
 214	     0	68.9	135.2	1625	OK
 215	     0	68.4	131.9	1642	OK
 216	     0	69.4	133.5	1628	OK
 217	     0	69.0	133.6	1623	OK
 218	     0	68.9	130.9	1631	OK
 219	     0	69.7	133.7	1616	OK
 220	     0	68.0	133.9	1665	OK
 221	     0	66.6	129.6	1635	OK
 222	     0	69.0	135.5	1617	OK
 223	     0	68.3	135.6	1626	OK
 224	     0	70.0	136.9	1618	OK
 225	     0	67.5	131.5	1611	OK
 226	     0	66.0	128.9	1613	OK
 227	     0	69.2	136.3	1615	OK
 228	     0	67.3	130.5	1624	OK
 229	     0	67.1	129.0	1625	OK
 230	     0	68.5	142.6	1617	OK
 231	     0	69.4	132.3	1631	OK
 232	     0	67.3	134.9	1624	OK
 233	     0	69.2	130.9	1641	OK
 234	     0	66.8	129.0	1615	OK
 235	     0	67.9	128.5	1588	OK
 236	     0	67.5	131.8	1638	OK
 237	     0	65.5	128.4	1603	OK
 238	     0	69.8	135.6	1603	OK
 239	     0	69.1	133.4	1623	OK
 240	     0	67.7	131.4	1624	OK
 241	     0	69.7	133.1	1609	OK
 242	     0	68.2	134.4	1650	OK
 243	     0	67.8	133.2	1609	OK
 244	     0	67.9	129.0	1640	OK
 245	     0	68.5	133.6	1579	OK
 246	     0	69.1	137.1	1615	OK
 247	     0	70.0	132.5	1640	OK
 248	     0	68.4	131.2	1589	OK
 249	     0	70.3	132.4	1635	OK
 250	     0	71.1	137.5	1624	OK
 251	     0	70.0	138.9	1617	OK
 252	     0	71.4	141.5	1624	OK
 253	     0	69.4	136.8	1621	OK
 254	     0	71.8	135.7	1609	OK
 255	     0	70.4	134.7	1609	OK
 256	     0	75.3	140.8	1590	OK
 257	     0	77.5	145.9	1579	OK
 258	     0	76.8	145.1	1572	OK
 259	     0	74.6	142.8	1603	OK
 260	     0	75.7	149.2	1586	OK
 261	     0	74.6	141.4	1627	OK
 262	     0	75.3	148.8	1595	OK
 263	     0	74.3	144.5	1627	OK
 264	     0	76.3	149.4	1621	OK
 265	     0	76.1	145.8	1614	OK
 266	     0	76.7	147.6	1616	OK
 267	  4000	77.7	145.4	1650	high noise
 268	  4000	74.5	142.9	1658	high noise
 269	     0	77.0	148.3	1633	OK
 270	  4000	77.8	150.4	1663	high noise
 271	     0	75.9	149.1	1611	OK
 272	     0	77.0	147.9	1633	OK
 273	     0	75.5	153.7	1593	OK
 274	     0	74.0	147.8	1621	OK
 275	     0	76.0	141.1	1619	OK
 276	     0	74.1	141.8	1592	OK
 277	     0	76.1	152.3	1604	OK
 278	     0	77.2	145.0	1594	OK
 279	     0	73.5	143.3	1577	OK
 280	     0	73.7	144.5	1574	OK
 281	     0	76.2	147.6	1584	OK
 282	     0	73.1	124.2	1559	OK
 283	     0	73.9	142.7	1563	OK
 284	     0	76.1	143.1	1582	OK
 285	     0	74.7	145.6	1567	OK
 286	     0	73.4	142.8	1551	OK
 287	     0	73.3	141.2	1555	OK
 288	     0	74.9	142.4	1536	OK
 289	     0	71.8	137.0	1553	OK
 290	     0	75.4	147.3	1546	OK
 291	     0	74.1	142.2	1529	OK
 292	     0	76.1	144.9	1518	OK
 293	     0	75.8	143.8	1551	OK
 294	     0	74.2	141.4	1538	OK
 295	     0	74.7	140.9	1544	OK
 296	     0	74.7	139.1	1541	OK
 297	     0	73.3	138.0	1534	OK
 298	     0	73.5	136.8	1532	OK
 299	     0	72.8	138.7	1539	OK
 300	     0	72.7	142.1	1518	OK
 301	     0	75.0	139.8	1532	OK
 302	     0	73.9	139.8	1537	OK
 303	     0	72.6	137.6	1533	OK
 304	     0	74.7	143.1	1539	OK
 305	     0	73.2	135.6	1521	OK
 306	     0	73.5	139.9	1523	OK
 307	     0	74.3	138.3	1565	OK
 308	     0	77.2	144.3	1530	OK
 309	     0	75.2	141.8	1519	OK
 310	     0	73.6	139.5	1532	OK
 311	     0	74.7	139.2	1520	OK
 312	     0	75.4	146.3	1527	OK
 313	     0	73.9	140.7	1515	OK
 314	     0	74.9	142.1	1532	OK
 315	     0	74.4	211.5	1567	OK
 316	     0	76.1	143.5	1510	OK
 317	     0	75.4	144.5	1521	OK
 318	     0	74.6	141.7	1524	OK
 319	     0	75.9	143.6	1521	OK
 320	     0	75.9	143.6	1515	OK
 321	     0	75.4	142.0	1543	OK
 322	     0	76.9	145.1	1534	OK
 323	     0	74.3	140.2	1532	OK
 324	     0	73.9	140.1	1551	OK
 325	     0	73.6	136.7	1568	OK
 326	     0	74.4	142.0	1555	OK
 327	     0	73.0	138.6	1537	OK
 328	     0	74.8	142.6	1559	OK
 329	     0	73.6	138.1	1544	OK
 330	     0	74.1	136.9	1537	OK
 331	     0	74.3	141.1	1541	OK
 332	     0	72.6	137.2	1559	OK
 333	     0	75.8	142.7	1534	OK
 334	     0	74.5	138.4	1562	OK
 335	     0	75.1	144.7	1529	OK
 336	     0	73.6	142.2	1546	OK
 337	     0	76.3	139.0	1570	OK
 338	     0	73.0	139.7	1559	OK
 339	     0	74.8	139.1	1546	OK
 340	     0	71.9	137.4	1550	OK
 341	     0	72.5	139.9	1581	OK
 342	     0	73.9	137.9	1574	OK
 343	     0	73.5	138.2	1582	OK
 344	     0	72.2	140.5	1550	OK
 345	     0	73.7	140.1	1613	OK
 346	     0	73.4	140.3	1605	OK
 347	     0	73.0	138.0	1628	OK
 348	     0	73.5	138.5	1620	OK
 349	     0	74.4	141.2	1603	OK
 350	     0	72.4	137.3	1630	OK
 351	     0	74.0	135.4	1639	OK
 352	     0	74.1	138.2	1632	OK
 353	  4000	73.4	141.1	1655	high noise
 354	  4000	72.8	140.1	1646	high noise
 355	  4000	70.7	134.0	1654	high noise
 356	  4000	73.4	140.0	1649	high noise
 357	  4000	73.3	137.9	1655	high noise
 358	     0	74.4	138.3	1632	OK
 359	     0	74.2	141.0	1633	OK
 360	     0	73.1	139.0	1616	OK
 361	     0	73.9	139.4	1590	OK
 362	     0	73.4	139.7	1595	OK
 363	     0	74.3	140.4	1587	OK
 364	     0	72.5	138.9	1570	OK
 365	     0	74.9	143.2	1573	OK
 366	     0	74.1	139.9	1587	OK
 367	     0	72.2	137.9	1572	OK
 368	     0	74.1	139.2	1563	OK
 369	     0	73.3	138.1	1560	OK
 370	     0	74.6	142.3	1554	OK
 371	     0	75.0	143.0	1553	OK
 372	     0	75.2	144.2	1568	OK
 373	     0	73.5	139.9	1565	OK
 374	     0	76.6	143.8	1555	OK
 375	     0	73.8	137.5	1548	OK
 376	     0	76.5	145.9	1559	OK
 377	     0	75.5	141.8	1525	OK
 378	     0	75.9	143.7	1541	OK
 379	     0	74.4	141.0	1551	OK
 380	     0	75.0	142.3	1534	OK
 381	     0	73.9	143.2	1528	OK
 382	     0	74.8	140.9	1535	OK
 383	     0	77.0	146.5	1531	OK
 384	     0	75.7	141.3	1622	OK
 385	     0	75.1	140.2	1605	OK
 386	     0	74.1	134.6	1616	OK
 387	     0	73.9	138.9	1634	OK
 388	     0	73.9	136.4	1633	OK
 389	     0	74.4	145.0	1603	OK
 390	     0	73.6	140.0	1637	OK
 391	     0	75.8	137.3	1608	OK
 392	     0	74.5	136.8	1626	OK
 393	     0	74.6	139.5	1617	OK
 394	     0	71.8	137.1	1605	OK
 395	     0	72.6	136.7	1610	OK
 396	     0	70.7	129.5	1607	OK
 397	     0	74.0	143.9	1629	OK
 398	     0	74.6	136.1	1599	OK
 399	     0	71.4	135.9	1610	OK
 400	     0	71.9	139.0	1616	OK
 401	     0	75.1	143.7	1628	OK
 402	     0	73.0	143.4	1560	OK
 403	     0	74.3	137.9	1607	OK
 404	     0	72.3	139.3	1555	OK
 405	     0	73.5	142.4	1604	OK
 406	     0	73.7	141.4	1596	OK
 407	     0	73.0	136.7	1581	OK
 408	     0	74.0	136.5	1586	OK
 409	     0	72.7	138.0	1583	OK
 410	     0	72.7	133.6	1560	OK
 411	     0	73.5	140.8	1567	OK
 412	     0	74.4	142.5	1543	OK
 413	     0	72.8	136.0	1553	OK
 414	     0	72.2	138.6	1540	OK
 415	     0	71.7	137.7	1573	OK
 416	     0	71.6	137.5	1531	OK
 417	     0	71.4	133.7	1576	OK
 418	     0	69.5	133.7	1540	OK
 419	     0	71.6	134.9	1528	OK
 420	     0	72.6	135.9	1552	OK
 421	     0	72.9	139.2	1525	OK
 422	     0	73.4	139.5	1528	OK
 423	     0	73.8	139.1	1509	OK
 424	     0	72.4	137.9	1509	OK
 425	     0	72.8	138.1	1527	OK
 426	     0	71.8	138.5	1530	OK
 427	     0	72.2	136.8	1528	OK
 428	     0	73.1	135.5	1524	OK
 429	     0	71.0	139.0	1519	OK
 430	     0	72.5	135.9	1518	OK
 431	     0	74.2	142.4	1517	OK
 432	     0	71.4	136.2	1531	OK
 433	     0	72.0	135.5	1520	OK
 434	     0	72.8	138.0	1515	OK
 435	     0	72.1	138.5	1509	OK
 436	     0	72.3	137.1	1494	OK
 437	     0	69.9	136.2	1514	OK
 438	     0	73.6	138.4	1511	OK
 439	     0	73.3	137.7	1490	OK
 440	     0	72.0	141.0	1514	OK
 441	     0	73.4	141.5	1502	OK
 442	     0	71.1	133.7	1525	OK
 443	     0	72.7	137.4	1525	OK
 444	     0	71.9	141.6	1520	OK
 445	     0	70.9	138.6	1516	OK
 446	     0	73.0	140.1	1506	OK
 447	     0	73.8	141.1	1536	OK
 448	     0	73.5	141.1	1510	OK
 449	     0	73.4	136.1	1540	OK
 450	     0	72.0	136.3	1520	OK
 451	     0	75.1	142.8	1527	OK
 452	     0	73.3	142.4	1534	OK
 453	     0	73.3	140.3	1529	OK
 454	     0	71.4	135.7	1519	OK
 455	     0	72.3	140.0	1557	OK
 456	     0	72.5	139.3	1526	OK
 457	     0	69.8	133.3	1544	OK
 458	     0	71.0	132.8	1546	OK
 459	     0	71.1	134.0	1530	OK
 460	     0	72.7	139.5	1566	OK
 461	     0	72.1	141.4	1583	OK
 462	     0	71.7	130.4	1576	OK
 463	     0	72.8	138.8	1584	OK
 464	     0	70.6	130.7	1576	OK
 465	     0	70.1	138.4	1595	OK
 466	     0	73.3	144.8	1594	OK
 467	     0	70.2	137.7	1624	OK
 468	     0	72.7	141.3	1669	OK
 469	     0	73.1	140.7	1671	OK
 470	  4000	72.4	146.9	1700	high noise
 471	  4000	70.2	139.4	1732	high noise
 472	  4000	71.0	132.8	1745	high noise
 473	  4000	73.7	142.6	1796	high noise
 474	  4000	72.5	138.0	1794	high noise
 475	  4000	73.0	134.4	1804	high noise
 476	  4000	72.5	139.7	1827	high noise
 477	  4000	70.5	137.6	1833	high noise
 478	  4000	73.6	144.8	1837	high noise
 479	  4000	72.4	140.2	1853	high noise
 480	  4000	71.3	135.7	1827	high noise
 481	  4000	71.1	144.3	1821	high noise
 482	  4000	74.2	141.3	1804	high noise
 483	  4000	70.8	138.1	1830	high noise
 484	  4000	71.4	134.5	1780	high noise
 485	  4000	72.3	139.5	1812	high noise
 486	  4000	70.5	137.2	1757	high noise
 487	  4000	73.5	141.1	1798	high noise
 488	  4000	71.4	134.8	1757	high noise
 489	  4000	70.8	135.9	1754	high noise
 490	  4000	69.1	131.5	1712	high noise
 491	  4000	70.3	132.2	1695	high noise
 492	  4000	72.5	140.3	1694	high noise
 493	     0	71.4	135.8	1674	OK
 494	     0	72.4	139.4	1667	OK
 495	     0	72.9	137.7	1652	OK
 496	     0	71.9	137.2	1671	OK
 497	     0	71.8	136.7	1678	OK
 498	  4000	71.9	136.7	1689	high noise
 499	  4000	70.7	134.7	1698	high noise
 500	     0	71.7	140.3	1647	OK
 501	     0	71.9	136.4	1654	OK
 502	     0	71.2	136.7	1657	OK
 503	     0	70.3	135.6	1645	OK
 504	     0	70.2	131.2	1651	OK
 505	     0	74.0	140.2	1626	OK
 506	     0	71.5	136.1	1623	OK
 507	     0	70.4	136.7	1631	OK
 508	     0	72.6	143.3	1634	OK
 509	     0	71.6	136.6	1629	OK
 510	     0	71.6	137.0	1610	OK
 511	     0	72.7	138.1	1609	OK
 512	     0	72.0	135.3	1546	OK
 513	     0	72.4	137.5	1536	OK
 514	     0	71.5	136.1	1532	OK
 515	     0	70.7	134.6	1543	OK
 516	     0	71.1	137.3	1541	OK
 517	     0	71.4	137.0	1559	OK
 518	     0	70.8	134.3	1503	OK
 519	     0	71.2	140.3	1549	OK
 520	     0	68.9	132.6	1518	OK
 521	     0	70.0	135.0	1535	OK
 522	     0	69.5	136.1	1511	OK
 523	     0	71.3	138.3	1542	OK
 524	     0	71.6	137.6	1528	OK
 525	     0	71.1	137.2	1516	OK
 526	     0	72.2	136.6	1526	OK
 527	     0	70.2	132.0	1532	OK
 528	     0	71.2	139.4	1528	OK
 529	     0	70.9	132.1	1531	OK
 530	     0	68.0	131.9	1538	OK
 531	     0	69.8	134.5	1544	OK
 532	     0	70.6	139.8	1556	OK
 533	     0	69.3	134.0	1517	OK
 534	     0	70.4	135.8	1531	OK
 535	     0	71.7	138.2	1536	OK
 536	     0	68.8	130.6	1509	OK
 537	     0	69.3	132.4	1542	OK
 538	     0	69.6	134.6	1499	OK
 539	     0	69.6	135.9	1540	OK
 540	     0	72.0	137.6	1494	OK
 541	     0	71.0	137.4	1499	OK
 542	     0	71.5	139.4	1513	OK
 543	     0	72.7	135.4	1559	OK
 544	     0	70.5	135.1	1513	OK
 545	     0	71.6	135.0	1559	OK
 546	     0	72.1	136.3	1534	OK
 547	     0	71.4	136.9	1494	OK
 548	     0	71.3	134.4	1530	OK
 549	     0	71.5	141.1	1525	OK
 550	     0	70.6	135.6	1528	OK
 551	     0	70.0	134.0	1529	OK
 552	     0	71.0	133.5	1533	OK
 553	     0	69.7	134.5	1530	OK
 554	     0	72.2	135.1	1510	OK
 555	     0	72.0	138.8	1543	OK
 556	     0	70.5	136.8	1520	OK
 557	     0	68.3	131.4	1501	OK
 558	     0	69.9	133.7	1514	OK
 559	     0	71.5	138.1	1517	OK
 560	     0	67.4	131.6	1516	OK
 561	     0	70.6	136.0	1518	OK
 562	     0	70.8	136.5	1515	OK
 563	     0	70.9	137.5	1528	OK
 564	     0	70.7	135.0	1515	OK
 565	     0	70.3	136.6	1509	OK
 566	     0	72.0	136.4	1507	OK
 567	     0	68.6	131.8	1529	OK
 568	     0	71.3	136.5	1530	OK
 569	     0	69.9	135.8	1515	OK
 570	     0	71.4	136.8	1520	OK
 571	     0	71.9	138.9	1497	OK
 572	     0	74.2	142.7	1517	OK
 573	     0	72.1	136.9	1553	OK
 574	     0	70.5	136.9	1513	OK
 575	     0	72.4	141.3	1528	OK
 576	     0	75.2	143.7	1499	OK
 577	     0	71.7	138.5	1520	OK
 578	     0	72.8	141.6	1521	OK
 579	     0	74.3	143.6	1505	OK
 580	     0	71.4	140.3	1506	OK
 581	     0	72.7	139.7	1510	OK
 582	     0	72.0	140.7	1504	OK
 583	     0	72.0	137.2	1500	OK
 584	     0	69.9	132.1	1512	OK
 585	     0	73.0	140.5	1514	OK
 586	     0	71.2	138.5	1523	OK
 587	     0	69.5	136.1	1504	OK
 588	     0	72.9	138.7	1520	OK
 589	     0	71.3	137.3	1523	OK
 590	     0	72.0	135.5	1530	OK
 591	     0	70.6	134.0	1529	OK
 592	     0	71.0	136.6	1500	OK
 593	     0	72.6	140.5	1523	OK
 594	     0	70.7	139.1	1519	OK
 595	     0	72.3	142.0	1508	OK
 596	     0	71.5	137.7	1522	OK
 597	     0	71.0	138.3	1550	OK
 598	     0	71.7	136.0	1542	OK
 599	     0	70.8	135.0	1540	OK
 600	     0	70.5	138.4	1526	OK
 601	     0	72.7	140.1	1527	OK
 602	     0	71.5	134.9	1550	OK
 603	     0	71.0	132.8	1535	OK
 604	     0	71.7	138.7	1531	OK
 605	     0	71.7	136.6	1542	OK
 606	     0	71.0	138.2	1525	OK
 607	     0	70.8	133.7	1541	OK
 608	     0	71.9	135.3	1528	OK
 609	     0	73.5	126.5	1520	OK
 610	     0	71.7	136.6	1532	OK
 611	     0	71.7	133.0	1574	OK
 612	     0	71.6	138.2	1540	OK
 613	     0	74.0	139.1	1561	OK
 614	     0	72.2	138.4	1543	OK
 615	     0	71.2	136.7	1563	OK
 616	     0	72.3	136.6	1556	OK
 617	     0	71.9	135.6	1576	OK
 618	     0	72.7	141.1	1550	OK
 619	     0	71.7	124.2	1562	OK
 620	     0	73.1	139.2	1572	OK
 621	     0	72.2	129.2	1573	OK
 622	     0	71.7	138.3	1574	OK
 623	     0	72.6	136.0	1579	OK
 624	     0	76.1	146.9	1558	OK
 625	     0	71.3	132.3	1565	OK
 626	     0	72.2	135.0	1584	OK
 627	     0	70.8	134.4	1581	OK
 628	     0	72.8	150.3	1576	OK
 629	     0	73.9	135.3	1586	OK
 630	     0	71.1	136.8	1558	OK
 631	     0	71.0	137.0	1568	OK
 632	     0	71.0	138.2	1551	OK
 633	     0	72.3	134.5	1574	OK
 634	     0	72.9	143.1	1587	OK
 635	     0	73.9	137.9	1588	OK
 636	     0	72.7	140.6	1598	OK
 637	     0	73.1	132.1	1582	OK
 638	     0	73.3	135.9	1615	OK
 639	     0	73.1	136.1	1600	OK
 640	     0	77.4	145.6	1470	OK
 641	     0	78.0	148.3	1467	OK
 642	     0	75.8	142.2	1481	OK
 643	     0	76.3	143.7	1459	OK
 644	     0	77.0	143.6	1479	OK
 645	     0	76.1	143.6	1444	OK
 646	     0	77.6	144.3	1459	OK
 647	     0	73.9	138.7	1466	OK
 648	     0	75.1	139.1	1451	OK
 649	     0	73.7	137.7	1445	OK
 650	     0	72.8	135.7	1455	OK
 651	     0	77.9	146.1	1459	OK
 652	     0	72.1	139.1	1452	OK
 653	     0	73.5	142.0	1418	OK
 654	     0	75.1	143.8	1454	OK
 655	     0	74.0	138.5	1419	OK
 656	     0	73.7	142.0	1421	OK
 657	     0	76.0	145.6	1456	OK
 658	     0	73.4	137.3	1428	OK
 659	     0	75.7	141.9	1437	OK
 660	     0	76.1	148.3	1446	OK
 661	     0	75.8	147.9	1439	OK
 662	     0	75.8	145.3	1420	OK
 663	     0	76.1	141.9	1433	OK
 664	     0	74.0	140.5	1402	OK
 665	     0	75.4	140.1	1463	OK
 666	     0	73.7	141.7	1447	OK
 667	     0	74.6	145.7	1440	OK
 668	     0	74.5	140.4	1442	OK
 669	     0	75.4	142.6	1443	OK
 670	     0	73.4	138.8	1448	OK
 671	     0	74.3	139.1	1427	OK
 672	     0	72.0	135.1	1426	OK
 673	     0	71.6	134.9	1449	OK
 674	     0	73.8	140.2	1443	OK
 675	     0	76.3	142.3	1417	OK
 676	     0	74.1	142.2	1422	OK
 677	     0	72.0	137.9	1440	OK
 678	     0	73.6	141.1	1442	OK
 679	     0	74.0	143.3	1435	OK
 680	     0	74.1	142.6	1430	OK
 681	     0	76.0	143.6	1429	OK
 682	     0	73.0	140.7	1428	OK
 683	     0	75.9	142.2	1440	OK
 684	     0	71.8	138.5	1451	OK
 685	     0	72.6	139.1	1474	OK
 686	     0	74.4	140.6	1451	OK
 687	     0	73.4	141.4	1448	OK
 688	     0	74.4	147.8	1460	OK
 689	     0	74.3	142.1	1474	OK
 690	     0	74.1	141.3	1463	OK
 691	     0	71.6	134.4	1477	OK
 692	     0	74.8	141.6	1461	OK
 693	     0	74.7	141.7	1456	OK
 694	     0	76.8	143.1	1472	OK
 695	     0	72.8	142.2	1459	OK
 696	     0	76.6	143.9	1480	OK
 697	     0	75.5	143.0	1479	OK
 698	     0	76.6	144.3	1443	OK
 699	     0	73.9	142.4	1468	OK
 700	     0	76.4	145.1	1495	OK
 701	     0	76.1	146.0	1471	OK
 702	     0	74.2	142.0	1472	OK
 703	     0	76.6	145.7	1478	OK
 704	     0	74.5	140.0	1464	OK
 705	     0	75.9	145.4	1484	OK
 706	     0	75.6	141.3	1483	OK
 707	     0	74.2	137.9	1489	OK
 708	     0	75.0	143.6	1460	OK
 709	     0	75.3	142.7	1502	OK
 710	     0	74.0	140.5	1451	OK
 711	     0	71.7	140.2	1482	OK
 712	     0	72.6	141.6	1504	OK
 713	     0	73.9	130.5	1494	OK
 714	     0	73.2	139.4	1504	OK
 715	     0	72.5	143.7	1471	OK
 716	     0	73.8	139.4	1485	OK
 717	     0	75.3	142.7	1495	OK
 718	     0	74.3	138.7	1468	OK
 719	     0	73.1	138.7	1485	OK
 720	     0	71.2	133.1	1488	OK
 721	     0	72.6	137.0	1470	OK
 722	     0	73.0	140.1	1476	OK
 723	     0	71.0	136.4	1478	OK
 724	     0	73.2	138.8	1484	OK
 725	     0	73.1	143.3	1455	OK
 726	     0	73.8	144.5	1501	OK
 727	     0	73.7	138.7	1493	OK
 728	     0	73.1	140.4	1482	OK
 729	     0	72.1	137.2	1488	OK
 730	     0	75.5	144.1	1473	OK
 731	     0	73.8	140.7	1488	OK
 732	     0	74.1	142.9	1486	OK
 733	     0	74.2	141.2	1504	OK
 734	     0	73.5	140.3	1469	OK
 735	     0	74.2	145.0	1493	OK
 736	     0	72.6	139.9	1489	OK
 737	     0	74.0	139.9	1481	OK
 738	     0	74.9	144.7	1497	OK
 739	     0	74.4	141.1	1492	OK
 740	     0	71.9	134.5	1466	OK
 741	     0	73.5	142.2	1472	OK
 742	     0	74.9	143.9	1480	OK
 743	     0	72.6	138.8	1500	OK
 744	     0	73.5	135.7	1504	OK
 745	     0	75.6	141.1	1496	OK
 746	     0	70.6	126.8	1506	OK
 747	     0	74.1	137.8	1488	OK
 748	     0	73.9	143.2	1489	OK
 749	     0	73.0	156.8	1507	OK
 750	     0	73.3	136.4	1501	OK
 751	     0	72.5	135.0	1490	OK
 752	     0	74.5	142.3	1490	OK
 753	     0	72.3	139.1	1516	OK
 754	     0	72.5	138.1	1509	OK
 755	     0	72.1	141.1	1503	OK
 756	     0	71.3	134.8	1481	OK
 757	     0	71.5	137.6	1517	OK
 758	     0	73.0	137.3	1458	OK
 759	     0	72.3	136.6	1516	OK
 760	     0	75.3	138.9	1508	OK
 761	     0	71.9	134.4	1491	OK
 762	     0	72.4	140.3	1483	OK
 763	     0	73.6	136.7	1513	OK
 764	     0	72.8	137.3	1493	OK
 765	     0	72.4	136.2	1511	OK
 766	     0	74.1	138.9	1516	OK
 767	     0	73.3	140.7	1502	OK
 768	     0	71.2	134.9	1491	OK
 769	     0	68.9	130.9	1517	OK
 770	     0	69.2	134.8	1499	OK
 771	     0	68.2	132.4	1469	OK
 772	     0	65.9	117.5	1526	OK
 773	     0	69.3	132.3	1495	OK
 774	     0	66.4	132.4	1522	OK
 775	     0	65.0	125.0	1498	OK
 776	     0	68.6	130.3	1484	OK
 777	     0	68.1	131.6	1486	OK
 778	     0	68.9	132.8	1461	OK
 779	     0	68.1	134.1	1473	OK
 780	     0	69.4	134.9	1497	OK
 781	     0	67.9	131.6	1483	OK
 782	     0	69.5	134.3	1485	OK
 783	     0	67.6	133.1	1477	OK
 784	     0	68.3	133.0	1477	OK
 785	     0	69.6	135.0	1499	OK
 786	     0	67.3	129.3	1472	OK
 787	     0	68.7	131.7	1470	OK
 788	     0	67.9	131.3	1479	OK
 789	     0	68.3	135.3	1480	OK
 790	     0	68.1	131.3	1473	OK
 791	     0	66.6	130.1	1436	OK
 792	     0	66.7	130.4	1461	OK
 793	     0	67.1	128.6	1471	OK
 794	     0	68.6	131.3	1477	OK
 795	     0	67.5	131.1	1497	OK
 796	     0	69.6	133.1	1499	OK
 797	     0	67.9	132.7	1452	OK
 798	     0	68.2	133.0	1468	OK
 799	     0	68.8	131.3	1476	OK
 800	     0	67.0	127.1	1453	OK
 801	     0	68.9	133.1	1464	OK
 802	     0	65.8	129.4	1466	OK
 803	     0	67.3	129.4	1480	OK
 804	     0	67.8	131.1	1472	OK
 805	     0	70.0	135.5	1481	OK
 806	     0	68.2	135.5	1523	OK
 807	     0	66.9	127.6	1492	OK
 808	     0	68.2	132.1	1521	OK
 809	     0	66.3	130.1	1477	OK
 810	     0	67.4	133.3	1510	OK
 811	     0	66.7	131.4	1500	OK
 812	     0	66.4	130.2	1519	OK
 813	     0	65.5	127.9	1505	OK
 814	     0	66.0	128.1	1541	OK
 815	     0	66.7	126.8	1504	OK
 816	     0	67.0	126.9	1523	OK
 817	     0	66.5	131.1	1527	OK
 818	     0	69.2	131.4	1527	OK
 819	     0	67.8	126.7	1498	OK
 820	     0	66.0	126.0	1509	OK
 821	     0	66.8	126.9	1509	OK
 822	     0	69.7	135.1	1513	OK
 823	     0	68.8	135.7	1544	OK
 824	     0	68.3	132.4	1501	OK
 825	     0	67.9	132.6	1537	OK
 826	     0	68.7	129.7	1510	OK
 827	     0	68.7	132.4	1509	OK
 828	     0	68.9	129.8	1515	OK
 829	     0	69.8	136.4	1504	OK
 830	     0	69.4	133.9	1503	OK
 831	     0	69.5	134.9	1516	OK
 832	     0	70.4	133.4	1521	OK
 833	     0	70.4	135.6	1503	OK
 834	     0	69.7	131.8	1522	OK
 835	     0	66.5	128.4	1495	OK
 836	     0	68.6	135.4	1521	OK
 837	     0	67.3	133.6	1503	OK
 838	     0	68.2	134.2	1489	OK
 839	     0	69.2	132.7	1513	OK
 840	     0	68.2	130.5	1529	OK
 841	     0	67.7	130.9	1532	OK
 842	     0	69.0	137.7	1511	OK
 843	     0	67.9	132.8	1505	OK
 844	     0	69.2	132.4	1519	OK
 845	     0	66.5	131.6	1537	OK
 846	     0	67.4	131.6	1511	OK
 847	     0	68.0	130.0	1516	OK
 848	     0	69.9	133.8	1531	OK
 849	     0	68.9	133.3	1529	OK
 850	     0	68.1	132.1	1528	OK
 851	     0	68.6	129.5	1519	OK
 852	     0	69.3	134.8	1527	OK
 853	     0	67.4	130.8	1534	OK
 854	     0	68.9	132.9	1504	OK
 855	     0	68.6	132.0	1499	OK
 856	     0	68.3	132.0	1510	OK
 857	     0	68.2	132.2	1536	OK
 858	     0	68.8	132.7	1509	OK
 859	     0	66.0	128.8	1521	OK
 860	     0	67.6	129.6	1491	OK
 861	     0	68.3	131.2	1498	OK
 862	     0	69.3	133.3	1492	OK
 863	     0	68.7	133.2	1521	OK
 864	     0	66.4	130.7	1515	OK
 865	     0	67.5	133.3	1505	OK
 866	     0	67.7	133.8	1502	OK
 867	     0	68.8	133.8	1492	OK
 868	     0	68.8	133.4	1509	OK
 869	     0	68.9	135.2	1500	OK
 870	     0	68.3	132.2	1524	OK
 871	     0	68.3	132.2	1512	OK
 872	     0	69.1	133.0	1500	OK
 873	     0	68.0	132.8	1507	OK
 874	     0	70.4	135.3	1513	OK
 875	     0	68.8	132.2	1482	OK
 876	     0	70.1	135.9	1521	OK
 877	     0	67.9	131.1	1480	OK
 878	     0	67.8	130.0	1518	OK
 879	     0	70.0	134.6	1505	OK
 880	     0	68.8	131.4	1477	OK
 881	     0	68.4	134.3	1511	OK
 882	     0	70.6	134.0	1486	OK
 883	     0	70.8	135.4	1509	OK
 884	     0	70.1	134.6	1485	OK
 885	     0	71.8	141.9	1466	OK
 886	     0	72.6	136.8	1507	OK
 887	     0	72.2	139.4	1497	OK
 888	     0	69.6	134.3	1520	OK
 889	     0	70.4	130.6	1486	OK
 890	     0	68.5	134.2	1484	OK
 891	     0	69.2	131.6	1489	OK
 892	     0	71.3	134.9	1473	OK
 893	     0	70.1	133.4	1496	OK
 894	     0	71.1	137.3	1494	OK
 895	     0	69.4	133.4	1486	OK
 896	     0	74.5	116.4	1533	OK
 897	     0	72.0	135.6	1470	OK
 898	     0	72.4	137.0	1431	OK
 899	     0	71.9	136.3	1448	OK
 900	     0	72.6	137.8	1448	OK
 901	     0	69.2	133.0	1431	OK
 902	     0	70.4	131.3	1435	OK
 903	     0	71.1	135.0	1440	OK
 904	     0	70.7	137.0	1445	OK
 905	     0	69.3	135.4	1452	OK
 906	     0	70.2	134.4	1458	OK
 907	     0	70.7	134.0	1442	OK
 908	     0	69.8	133.0	1457	OK
 909	     0	70.1	131.4	1430	OK
 910	     0	71.1	136.1	1471	OK
 911	     0	70.4	136.0	1457	OK
 912	     0	71.7	137.4	1454	OK
 913	     0	70.5	133.4	1452	OK
 914	     0	69.3	132.6	1460	OK
 915	     0	69.3	133.4	1456	OK
 916	     0	69.7	133.7	1436	OK
 917	     0	70.8	133.7	1481	OK
 918	     0	70.3	135.0	1475	OK
 919	     0	68.7	130.2	1485	OK
 920	     0	70.3	132.0	1505	OK
 921	     0	69.4	134.4	1515	OK
 922	     0	70.9	137.3	1498	OK
 923	     0	69.4	130.8	1500	OK
 924	     0	69.3	132.2	1499	OK
 925	     0	67.9	129.6	1527	OK
 926	     0	71.2	134.6	1496	OK
 927	     0	69.3	131.7	1507	OK
 928	     0	70.1	131.4	1513	OK
 929	     0	70.7	133.8	1491	OK
 930	     0	69.9	135.2	1524	OK
 931	     0	71.4	134.6	1513	OK
 932	     0	71.5	133.0	1492	OK
 933	     0	70.3	135.8	1511	OK
 934	     0	70.6	131.0	1521	OK
 935	     0	71.1	134.1	1510	OK
 936	     0	70.4	133.7	1529	OK
 937	     0	70.7	134.0	1520	OK
 938	     0	69.7	129.5	1505	OK
 939	     0	69.8	148.4	1542	OK
 940	     0	70.0	134.0	1530	OK
 941	     0	71.6	134.9	1529	OK
 942	     0	69.5	136.3	1533	OK
 943	     0	69.6	130.0	1530	OK
 944	     0	69.6	133.4	1521	OK
 945	     0	69.8	133.5	1547	OK
 946	     0	71.2	135.0	1550	OK
 947	     0	68.9	131.3	1552	OK
 948	     0	69.0	134.1	1554	OK
 949	     0	70.2	132.8	1525	OK
 950	     0	73.3	137.8	1526	OK
 951	     0	71.1	135.2	1551	OK
 952	     0	71.8	137.9	1543	OK
 953	     0	71.9	135.5	1524	OK
 954	     0	71.9	141.5	1531	OK
 955	     0	72.4	134.1	1546	OK
 956	     0	74.9	138.1	1526	OK
 957	     0	72.0	135.2	1555	OK
 958	     0	72.6	126.3	1527	OK
 959	     0	70.6	133.9	1520	OK
 960	     0	73.2	140.3	1539	OK
 961	     0	72.6	144.5	1559	OK
 962	     0	73.9	137.6	1528	OK
 963	     0	71.0	133.2	1544	OK
 964	     0	71.9	138.3	1529	OK
 965	     0	72.4	141.2	1532	OK
 966	     0	69.0	136.9	1523	OK
 967	     0	69.7	133.7	1551	OK
 968	     0	72.4	138.2	1545	OK
 969	     0	71.2	134.9	1523	OK
 970	     0	71.3	134.4	1550	OK
 971	     0	70.1	133.4	1527	OK
 972	     0	68.6	133.3	1551	OK
 973	     0	71.5	138.3	1542	OK
 974	     0	67.4	128.5	1514	OK
 975	     0	71.1	137.0	1546	OK
 976	     0	69.6	131.1	1540	OK
 977	     0	72.0	135.0	1531	OK
 978	     0	69.7	132.6	1522	OK
 979	     0	69.3	135.5	1537	OK
 980	     0	70.7	135.3	1527	OK
 981	     0	70.0	136.3	1546	OK
 982	     0	69.1	130.6	1542	OK
 983	     0	70.6	131.8	1552	OK
 984	     0	71.7	134.9	1552	OK
 985	     0	69.9	130.5	1520	OK
 986	     0	70.0	135.9	1533	OK
 987	     0	69.0	131.9	1533	OK
 988	     0	70.2	138.7	1559	OK
 989	     0	70.9	134.6	1516	OK
 990	     0	70.0	134.1	1550	OK
 991	     0	70.7	135.5	1528	OK
 992	     0	70.7	135.3	1521	OK
 993	     0	68.6	131.7	1549	OK
 994	     0	68.5	136.1	1551	OK
 995	     0	71.6	136.5	1548	OK
 996	     0	69.2	130.2	1523	OK
 997	     0	71.3	134.8	1539	OK
 998	     0	70.1	133.6	1551	OK
 999	     0	69.0	130.6	1525	OK
1000	     0	70.9	133.3	1520	OK
1001	     0	69.6	135.2	1533	OK
1002	     0	70.8	133.9	1542	OK
1003	     0	70.3	130.1	1533	OK
1004	     0	70.5	133.0	1527	OK
1005	     0	68.7	135.4	1513	OK
1006	     0	72.5	133.4	1540	OK
1007	     0	69.5	133.2	1539	OK
1008	     0	70.4	132.0	1539	OK
1009	     0	69.9	134.1	1509	OK
1010	     0	69.0	134.1	1543	OK
1011	     0	70.6	137.5	1542	OK
1012	     0	70.3	131.7	1500	OK
1013	     0	70.5	133.9	1518	OK
1014	     0	71.6	133.0	1531	OK
1015	     0	71.5	138.5	1481	OK
1016	     0	69.7	129.3	1510	OK
1017	     0	70.7	133.4	1517	OK
1018	     0	71.4	136.0	1528	OK
1019	     0	73.0	138.2	1523	OK
1020	     0	68.9	131.3	1483	OK
1021	     0	68.8	132.8	1501	OK
1022	     0	72.2	137.7	1486	OK
1023	     0	71.0	137.1	1515	OK
1024	     0	71.7	132.8	1586	OK
1025	     0	73.2	138.2	1574	OK
1026	     0	71.1	136.4	1567	OK
1027	     0	68.9	131.3	1548	OK
1028	     0	69.1	132.4	1578	OK
1029	     0	68.6	131.6	1608	OK
1030	     0	69.1	133.6	1595	OK
1031	     0	69.4	137.1	1581	OK
1032	     0	68.5	131.4	1599	OK
1033	     0	68.0	127.4	1584	OK
1034	     0	69.2	136.4	1583	OK
1035	     0	66.9	125.5	1558	OK
1036	     0	69.6	133.2	1595	OK
1037	     0	70.7	139.2	1571	OK
1038	     0	68.4	133.5	1591	OK
1039	     0	67.2	127.3	1562	OK
1040	     0	69.6	135.0	1561	OK
1041	     0	69.6	130.9	1566	OK
1042	     0	67.6	132.1	1550	OK
1043	     0	68.0	133.8	1585	OK
1044	     0	69.9	133.2	1562	OK
1045	     0	68.7	132.8	1567	OK
1046	     0	69.0	131.6	1559	OK
1047	     0	68.9	133.1	1564	OK
1048	     0	68.5	134.9	1576	OK
1049	     0	70.2	135.2	1582	OK
1050	     0	70.4	137.3	1566	OK
1051	     0	73.2	138.4	1576	OK
1052	     0	71.1	135.3	1545	OK
1053	     0	72.2	138.8	1557	OK
1054	     0	72.0	135.2	1573	OK
1055	     0	70.8	136.2	1577	OK
1056	     0	73.0	138.8	1577	OK
1057	     0	68.2	129.4	1597	OK
1058	     0	71.2	138.5	1581	OK
1059	     0	69.4	133.1	1557	OK
1060	     0	72.0	137.5	1610	OK
1061	     0	70.8	133.7	1593	OK
1062	     0	68.6	132.5	1599	OK
1063	     0	69.1	132.7	1564	OK
1064	     0	69.3	132.2	1588	OK
1065	     0	69.9	135.6	1594	OK
1066	     0	71.4	140.5	1587	OK
1067	     0	70.2	133.2	1583	OK
1068	     0	70.9	136.4	1587	OK
1069	     0	69.8	133.0	1546	OK
1070	     0	71.1	134.5	1568	OK
1071	     0	70.3	136.2	1583	OK
1072	     0	68.9	131.3	1593	OK
1073	     0	68.5	132.8	1601	OK
1074	     0	68.9	133.2	1601	OK
1075	     0	69.1	134.7	1577	OK
1076	     0	71.0	135.9	1607	OK
1077	     0	70.1	132.7	1584	OK
1078	     0	70.9	134.7	1564	OK
1079	     0	70.1	135.8	1562	OK
1080	     0	68.6	132.3	1591	OK
1081	     0	71.2	139.2	1584	OK
1082	     0	72.9	137.3	1597	OK
1083	     0	73.3	139.3	1574	OK
1084	     0	70.3	134.0	1578	OK
1085	     0	69.1	135.1	1569	OK
1086	     0	73.1	140.9	1600	OK
1087	     0	73.0	143.3	1564	OK
1088	     0	72.9	133.0	1592	OK
1089	     0	68.3	172.0	1575	OK
1090	     0	71.5	138.7	1578	OK
1091	     0	70.2	133.2	1582	OK
1092	     0	69.5	134.3	1606	OK
1093	     0	70.0	132.3	1573	OK
1094	     0	71.1	137.4	1587	OK
1095	     0	70.7	136.6	1559	OK
1096	     0	72.6	137.6	1586	OK
1097	     0	74.9	144.1	1562	OK
1098	     0	71.7	136.0	1576	OK
1099	     0	69.0	142.6	1554	OK
1100	     0	69.6	135.3	1554	OK
1101	     0	69.9	133.2	1562	OK
1102	     0	69.6	135.8	1586	OK
1103	     0	70.4	134.1	1587	OK
1104	     0	68.1	135.4	1589	OK
1105	     0	70.6	135.3	1585	OK
1106	     0	72.0	136.4	1581	OK
1107	     0	68.1	130.4	1600	OK
1108	     0	68.1	133.8	1603	OK
1109	     0	70.3	135.2	1569	OK
1110	     0	70.4	132.2	1568	OK
1111	     0	67.0	129.0	1584	OK
1112	     0	70.4	136.4	1565	OK
1113	     0	69.9	135.7	1568	OK
1114	     0	70.8	138.0	1570	OK
1115	     0	68.7	130.8	1557	OK
1116	     0	71.1	139.3	1541	OK
1117	     0	69.9	134.9	1602	OK
1118	     0	69.2	129.7	1558	OK
1119	     0	71.2	138.5	1584	OK
1120	     0	70.5	135.8	1566	OK
1121	     0	69.0	136.9	1589	OK
1122	     0	69.9	134.7	1577	OK
1123	     0	69.8	137.0	1575	OK
1124	     0	70.3	134.5	1589	OK
1125	     0	69.7	131.5	1582	OK
1126	     0	70.0	133.3	1560	OK
1127	     0	73.0	138.1	1563	OK
1128	     0	72.2	140.4	1569	OK
1129	     0	70.9	134.3	1576	OK
1130	     0	69.9	131.0	1584	OK
1131	     0	71.4	134.4	1595	OK
1132	     0	69.3	130.9	1564	OK
1133	     0	73.5	140.8	1563	OK
1134	     0	71.1	136.9	1575	OK
1135	     0	70.4	136.0	1558	OK
1136	     0	69.0	132.0	1587	OK
1137	     0	69.8	135.1	1593	OK
1138	     0	71.4	133.7	1576	OK
1139	     0	70.3	135.1	1559	OK
1140	     0	71.4	137.7	1581	OK
1141	     0	72.6	137.8	1559	OK
1142	     0	69.9	132.4	1593	OK
1143	     0	71.1	135.0	1572	OK
1144	     0	71.5	135.6	1561	OK
1145	     0	71.7	136.8	1561	OK
1146	     0	72.1	135.6	1571	OK
1147	     0	72.7	139.3	1572	OK
1148	     0	71.8	135.4	1594	OK
1149	     0	70.6	134.9	1597	OK
1150	  4000	73.7	137.2	1647	high noise
1151	  4000	75.1	144.0	1655	high noise
1152	     0	69.3	134.3	1530	OK
1153	     0	69.8	136.3	1553	OK
1154	     0	71.1	136.5	1551	OK
1155	     0	69.4	132.0	1547	OK
1156	     0	70.0	132.9	1537	OK
1157	     0	72.5	139.3	1543	OK
1158	     0	71.0	138.1	1556	OK
1159	     0	69.3	136.5	1517	OK
1160	     0	71.8	136.4	1540	OK
1161	     0	71.9	138.6	1558	OK
1162	     0	69.2	135.7	1547	OK
1163	     0	71.0	137.6	1562	OK
1164	     0	68.4	135.5	1569	OK
1165	     0	67.7	129.3	1533	OK
1166	     0	69.6	132.7	1537	OK
1167	     0	68.5	130.2	1554	OK
1168	     0	69.0	133.5	1529	OK
1169	     0	70.1	135.7	1563	OK
1170	     0	69.2	131.6	1532	OK
1171	     0	70.9	135.1	1553	OK
1172	     0	68.9	132.2	1551	OK
1173	     0	71.7	138.2	1544	OK
1174	     0	70.0	134.8	1536	OK
1175	     0	68.3	134.5	1560	OK
1176	     0	69.4	133.8	1559	OK
1177	     0	68.6	131.3	1584	OK
1178	     0	69.7	134.3	1543	OK
1179	     0	71.4	139.4	1561	OK
1180	     0	69.3	134.1	1550	OK
1181	     0	69.3	134.5	1532	OK
1182	     0	67.9	130.1	1542	OK
1183	     0	67.2	130.0	1555	OK
1184	     0	67.5	128.9	1543	OK
1185	     0	69.3	134.8	1536	OK
1186	     0	68.9	135.5	1553	OK
1187	     0	70.6	139.5	1568	OK
1188	     0	68.7	135.1	1564	OK
1189	     0	69.6	133.2	1546	OK
1190	     0	68.8	135.9	1548	OK
1191	     0	69.1	134.1	1546	OK
1192	     0	69.2	136.1	1555	OK
1193	     0	69.3	135.2	1583	OK
1194	     0	68.2	133.5	1539	OK
1195	     0	69.2	135.1	1561	OK
1196	     0	71.6	142.8	1574	OK
1197	     0	68.4	130.3	1558	OK
1198	     0	70.0	133.6	1559	OK
1199	     0	69.0	134.3	1566	OK
1200	     0	71.3	160.6	1542	OK
1201	     0	70.4	134.4	1568	OK
1202	     0	69.6	132.2	1579	OK
1203	     0	66.8	130.0	1561	OK
1204	     0	70.1	136.1	1580	OK
1205	     0	70.8	137.7	1564	OK
1206	     0	69.4	133.9	1569	OK
1207	     0	73.2	144.2	1558	OK
1208	     0	68.8	133.6	1561	OK
1209	     0	70.0	137.9	1557	OK
1210	     0	69.8	134.7	1575	OK
1211	     0	67.7	130.8	1566	OK
1212	     0	69.5	136.5	1554	OK
1213	     0	70.4	133.6	1547	OK
1214	     0	67.9	136.1	1566	OK
1215	     0	70.6	136.5	1569	OK
1216	     0	68.8	130.6	1560	OK
1217	     0	69.8	138.8	1566	OK
1218	     0	69.6	132.6	1570	OK
1219	     0	70.3	137.5	1543	OK
1220	     0	69.7	134.2	1561	OK
1221	     0	68.5	133.3	1537	OK
1222	     0	68.2	131.8	1573	OK
1223	     0	68.3	131.7	1551	OK
1224	     0	67.7	133.7	1553	OK
1225	     0	69.0	132.0	1544	OK
1226	     0	69.5	135.8	1550	OK
1227	     0	67.7	128.2	1566	OK
1228	     0	69.9	146.5	1578	OK
1229	     0	69.7	133.5	1561	OK
1230	     0	70.2	133.8	1544	OK
1231	     0	68.4	132.0	1553	OK
1232	     0	69.8	130.4	1582	OK
1233	     0	70.0	137.1	1594	OK
1234	     0	69.8	136.3	1550	OK
1235	     0	67.5	132.7	1598	OK
1236	     0	69.2	133.3	1567	OK
1237	     0	68.1	134.3	1534	OK
1238	     0	69.1	138.2	1550	OK
1239	     0	69.1	132.5	1551	OK
1240	     0	68.9	135.7	1571	OK
1241	     0	70.0	136.0	1573	OK
1242	     0	69.2	135.5	1569	OK
1243	     0	67.4	131.7	1554	OK
1244	     0	68.0	131.7	1540	OK
1245	     0	66.5	129.0	1532	OK
1246	     0	68.7	132.7	1538	OK
1247	     0	68.9	136.6	1577	OK
1248	     0	69.7	136.8	1555	OK
1249	     0	69.0	133.5	1552	OK
1250	     0	70.0	136.9	1552	OK
1251	     0	67.5	131.6	1546	OK
1252	     0	66.9	128.3	1542	OK
1253	     0	68.0	129.9	1580	OK
1254	     0	67.2	135.6	1546	OK
1255	     0	69.8	131.9	1566	OK
1256	     0	67.2	130.4	1550	OK
1257	     0	68.8	134.9	1560	OK
1258	     0	66.4	133.6	1574	OK
1259	     0	69.4	130.8	1561	OK
1260	     0	69.1	132.4	1563	OK
1261	     0	69.3	132.4	1545	OK
1262	     0	68.6	133.7	1519	OK
1263	     0	67.2	131.2	1570	OK
1264	     0	67.6	131.8	1544	OK
1265	     0	68.6	133.5	1539	OK
1266	     0	70.0	135.3	1571	OK
1267	     0	67.8	129.6	1546	OK
1268	     0	69.4	137.7	1546	OK
1269	     0	69.1	133.4	1537	OK
1270	     0	68.9	134.2	1551	OK
1271	     0	67.4	132.1	1535	OK
1272	     0	69.8	134.0	1564	OK
1273	     0	69.0	134.6	1571	OK
1274	     0	69.4	131.6	1564	OK
1275	     0	69.0	135.3	1549	OK
1276	     0	71.0	133.4	1566	OK
1277	     0	69.1	135.8	1562	OK
1278	     0	71.5	135.1	1547	OK
1279	     0	70.5	133.6	1571	OK
1280	     0	75.2	144.0	1446	OK
1281	     0	75.1	142.9	1445	OK
1282	     0	75.2	144.7	1419	OK
1283	     0	77.3	149.3	1403	OK
1284	     0	76.9	143.1	1429	OK
1285	     0	75.3	142.4	1431	OK
1286	     0	77.7	149.7	1435	OK
1287	     0	77.7	145.7	1412	OK
1288	     0	76.3	144.6	1427	OK
1289	     0	75.9	148.2	1425	OK
1290	     0	73.8	140.7	1405	OK
1291	     0	78.1	146.9	1452	OK
1292	     0	76.5	142.7	1439	OK
1293	     0	74.7	141.6	1418	OK
1294	     0	79.0	149.1	1404	OK
1295	     0	75.1	145.7	1427	OK
1296	     0	76.0	144.9	1417	OK
1297	     0	74.5	141.4	1419	OK
1298	     0	75.2	143.2	1443	OK
1299	     0	75.7	144.7	1407	OK
1300	     0	75.9	142.2	1452	OK
1301	     0	74.4	142.7	1425	OK
1302	     0	73.5	139.7	1444	OK
1303	     0	73.9	143.4	1433	OK
1304	     0	76.1	146.3	1431	OK
1305	     0	72.7	138.3	1436	OK
1306	     0	73.8	154.7	1434	OK
1307	     0	74.3	143.5	1430	OK
1308	     0	73.5	140.2	1453	OK
1309	     0	73.1	140.2	1444	OK
1310	     0	75.6	140.2	1446	OK
1311	     0	75.6	145.4	1446	OK
1312	     0	73.5	141.9	1414	OK
1313	     0	74.5	139.5	1439	OK
1314	     0	75.6	143.0	1420	OK
1315	     0	73.8	143.1	1428	OK
1316	     0	76.1	142.5	1439	OK
1317	     0	75.7	142.9	1446	OK
1318	     0	74.0	140.9	1420	OK
1319	     0	74.0	142.1	1437	OK
1320	     0	76.8	144.8	1450	OK
1321	     0	74.8	143.6	1458	OK
1322	     0	74.2	141.5	1435	OK
1323	     0	75.1	143.9	1440	OK
1324	     0	74.0	140.0	1441	OK
1325	     0	75.5	146.0	1443	OK
1326	     0	75.0	142.2	1439	OK
1327	     0	74.3	143.1	1431	OK
1328	     0	75.9	142.7	1427	OK
1329	     0	74.1	141.2	1449	OK
1330	     0	74.9	142.9	1452	OK
1331	     0	73.9	141.3	1434	OK
1332	     0	76.9	149.1	1472	OK
1333	     0	76.3	145.7	1457	OK
1334	     0	74.1	144.5	1421	OK
1335	     0	75.4	145.3	1456	OK
1336	     0	73.3	137.0	1469	OK
1337	     0	75.0	143.1	1433	OK
1338	     0	74.0	142.3	1459	OK
1339	     0	75.4	144.3	1445	OK
1340	     0	75.7	144.8	1455	OK
1341	     0	74.3	139.9	1460	OK
1342	     0	78.2	147.5	1448	OK
1343	     0	77.6	146.3	1444	OK
1344	     0	74.7	143.3	1451	OK
1345	     0	75.6	141.6	1435	OK
1346	     0	73.2	141.0	1469	OK
1347	     0	73.6	143.6	1466	OK
1348	     0	73.7	139.7	1464	OK
1349	     0	75.1	144.7	1468	OK
1350	     0	72.9	138.5	1451	OK
1351	     0	73.7	140.4	1437	OK
1352	     0	74.7	143.2	1466	OK
1353	     0	75.5	147.1	1466	OK
1354	     0	75.5	142.5	1461	OK
1355	     0	73.8	141.6	1459	OK
1356	     0	73.9	138.6	1451	OK
1357	     0	73.6	140.2	1469	OK
1358	     0	76.0	145.4	1457	OK
1359	     0	72.5	141.3	1471	OK
1360	     0	73.4	140.5	1479	OK
1361	     0	74.4	141.7	1463	OK
1362	     0	73.8	137.7	1452	OK
1363	     0	74.7	141.2	1455	OK
1364	     0	75.5	142.5	1457	OK
1365	     0	74.1	145.3	1454	OK
1366	     0	74.5	145.8	1469	OK
1367	     0	73.4	138.2	1472	OK
1368	     0	73.5	141.3	1441	OK
1369	     0	71.7	140.4	1471	OK
1370	     0	72.6	137.5	1462	OK
1371	     0	73.7	142.0	1444	OK
1372	     0	73.5	142.7	1456	OK
1373	     0	74.2	141.1	1448	OK
1374	     0	73.9	141.0	1456	OK
1375	     0	74.6	142.6	1469	OK
1376	     0	72.2	137.8	1441	OK
1377	     0	71.1	136.6	1424	OK
1378	     0	75.1	139.8	1468	OK
1379	     0	74.9	141.8	1439	OK
1380	     0	74.5	140.9	1451	OK
1381	     0	73.9	137.5	1441	OK
1382	     0	72.8	138.8	1443	OK
1383	     0	72.5	140.6	1460	OK
1384	     0	71.9	135.9	1466	OK
1385	     0	72.8	139.6	1434	OK
1386	     0	74.5	140.9	1462	OK
1387	     0	73.8	143.0	1442	OK
1388	     0	73.6	139.6	1452	OK
1389	     0	73.2	141.3	1464	OK
1390	     0	74.2	139.7	1448	OK
1391	     0	76.0	144.3	1455	OK
1392	     0	74.6	145.9	1431	OK
1393	     0	75.6	142.9	1442	OK
1394	     0	73.6	139.0	1429	OK
1395	     0	73.2	140.4	1457	OK
1396	     0	74.6	139.9	1469	OK
1397	     0	76.0	147.5	1463	OK
1398	     0	73.3	140.2	1453	OK
1399	     0	75.8	144.1	1458	OK
1400	     0	73.8	139.4	1454	OK
1401	     0	74.2	140.8	1450	OK
1402	     0	75.0	143.5	1470	OK
1403	     0	76.2	148.9	1453	OK
1404	     0	75.6	142.6	1444	OK
1405	     0	75.7	155.3	1479	OK
1406	     0	74.6	140.7	1446	OK
1407	     0	75.9	146.4	1468	OK
1408	     0	76.1	144.1	1450	OK
1409	     0	74.3	142.2	1432	OK
1410	     0	74.9	141.3	1481	OK
1411	     0	74.9	145.2	1452	OK
1412	     0	72.0	139.9	1455	OK
1413	     0	74.0	143.2	1458	OK
1414	     0	72.3	138.5	1439	OK
1415	     0	73.1	138.0	1483	OK
1416	     0	75.5	145.5	1455	OK
1417	     0	71.7	139.1	1464	OK
1418	     0	75.8	143.5	1443	OK
1419	     0	72.4	134.1	1474	OK
1420	     0	70.5	135.7	1470	OK
1421	     0	72.0	140.1	1457	OK
1422	     0	72.3	134.7	1444	OK
1423	     0	74.1	142.5	1450	OK
1424	     0	72.1	134.4	1471	OK
1425	     0	73.1	140.4	1471	OK
1426	     0	73.0	142.3	1460	OK
1427	     0	70.2	132.2	1447	OK
1428	     0	73.1	138.8	1467	OK
1429	     0	73.5	139.9	1456	OK
1430	     0	73.6	139.3	1483	OK
1431	     0	73.2	139.2	1467	OK
1432	     0	71.9	136.4	1455	OK
1433	     0	72.4	139.6	1452	OK
1434	     0	71.8	135.9	1498	OK
1435	     0	72.5	140.6	1490	OK
1436	     0	74.0	142.5	1468	OK
1437	     0	71.8	135.9	1481	OK
1438	     0	72.2	137.1	1481	OK
1439	     0	73.1	138.7	1462	OK
1440	     0	71.8	137.9	1473	OK
1441	     0	72.3	139.1	1475	OK
1442	     0	72.3	140.1	1460	OK
1443	     0	73.9	140.6	1493	OK
1444	     0	73.8	141.4	1477	OK
1445	     0	71.9	138.1	1480	OK
1446	     0	73.8	139.7	1468	OK
1447	     0	72.4	134.3	1477	OK
1448	     0	74.0	143.3	1479	OK
1449	     0	72.1	139.1	1463	OK
1450	     0	71.8	139.4	1486	OK
1451	     0	70.7	137.5	1485	OK
1452	     0	71.4	135.2	1498	OK
1453	     0	70.6	135.2	1471	OK
1454	     0	71.3	135.5	1507	OK
1455	     0	73.8	139.0	1477	OK
1456	     0	73.2	141.7	1464	OK
1457	     0	71.0	137.1	1491	OK
1458	     0	72.9	142.1	1470	OK
1459	     0	74.3	139.1	1488	OK
1460	     0	72.3	138.6	1487	OK
1461	     0	74.0	148.1	1469	OK
1462	     0	73.2	137.8	1506	OK
1463	     0	71.8	136.9	1486	OK
1464	     0	73.1	142.5	1461	OK
1465	     0	75.3	144.0	1460	OK
1466	     0	70.6	135.6	1501	OK
1467	     0	70.2	133.9	1505	OK
1468	     0	72.1	136.2	1496	OK
1469	     0	72.7	136.7	1468	OK
1470	     0	73.3	142.9	1498	OK
1471	     0	77.1	145.6	1473	OK
1472	     0	72.7	141.8	1466	OK
1473	     0	72.0	140.8	1485	OK
1474	     0	72.6	140.0	1520	OK
1475	     0	72.5	136.5	1466	OK
1476	     0	71.0	136.5	1490	OK
1477	     0	73.5	138.1	1491	OK
1478	     0	70.0	138.2	1469	OK
1479	     0	70.7	134.6	1480	OK
1480	     0	72.9	139.6	1460	OK
1481	     0	72.9	136.1	1482	OK
1482	     0	69.7	135.0	1479	OK
1483	     0	73.3	139.0	1464	OK
1484	     0	71.0	135.6	1482	OK
1485	     0	72.1	138.4	1490	OK
1486	     0	70.7	137.0	1499	OK
1487	     0	71.5	136.6	1480	OK
1488	     0	72.6	136.6	1450	OK
1489	     0	72.1	136.6	1478	OK
1490	     0	69.0	131.9	1498	OK
1491	     0	71.1	138.5	1467	OK
1492	     0	71.0	135.9	1483	OK
1493	     0	72.4	137.6	1485	OK
1494	     0	71.4	136.5	1487	OK
1495	     0	72.1	135.5	1486	OK
1496	     0	74.2	145.1	1477	OK
1497	     0	70.9	137.5	1508	OK
1498	     0	73.6	143.9	1482	OK
1499	     0	70.9	135.0	1489	OK
1500	     0	71.3	137.6	1477	OK
1501	     0	71.0	135.0	1482	OK
1502	     0	71.0	136.3	1483	OK
1503	     0	70.4	135.9	1460	OK
1504	     0	72.3	141.9	1460	OK
1505	     0	71.4	139.0	1450	OK
1506	     0	72.0	141.6	1470	OK
1507	     0	71.0	134.1	1489	OK
1508	     0	71.0	133.2	1485	OK
1509	     0	73.4	142.9	1479	OK
1510	     0	71.7	140.0	1479	OK
1511	     0	71.3	135.6	1479	OK
1512	     0	70.4	133.8	1482	OK
1513	     0	70.1	136.4	1472	OK
1514	     0	71.5	135.6	1497	OK
1515	     0	69.8	134.4	1487	OK
1516	     0	72.1	136.5	1494	OK
1517	     0	73.1	207.4	1536	OK
1518	     0	69.3	136.2	1479	OK
1519	     0	72.4	141.0	1501	OK
1520	     0	71.4	137.7	1484	OK
1521	     0	71.4	138.5	1495	OK
1522	     0	72.5	141.2	1479	OK
1523	     0	72.0	140.2	1485	OK
1524	     0	73.7	142.5	1482	OK
1525	     0	69.5	133.9	1483	OK
1526	     0	69.6	134.8	1490	OK
1527	     0	70.7	135.1	1490	OK
1528	     0	73.7	141.0	1465	OK
1529	     0	74.8	144.9	1473	OK
1530	     0	72.0	137.2	1517	OK
1531	     0	71.4	135.4	1482	OK
1532	     0	73.9	141.3	1520	OK
1533	     0	72.9	141.2	1493	OK
1534	     0	73.4	141.9	1498	OK
1535	     0	73.3	141.2	1478	OK
1536	     0	69.3	134.7	1479	OK
1537	     0	72.2	142.2	1440	OK
1538	     0	70.2	138.4	1477	OK
1539	     0	71.2	137.2	1459	OK
1540	     0	71.8	137.4	1446	OK
1541	     0	70.0	134.4	1450	OK
1542	     0	72.0	136.0	1451	OK
1543	     0	69.2	138.1	1447	OK
1544	     0	71.6	138.0	1452	OK
1545	     0	69.3	134.9	1422	OK
1546	     0	70.7	138.7	1443	OK
1547	     0	71.5	136.8	1445	OK
1548	     0	71.6	139.5	1463	OK
1549	     0	71.1	134.7	1430	OK
1550	     0	70.1	134.9	1440	OK
1551	     0	69.8	135.4	1433	OK
1552	     0	71.4	136.8	1462	OK
1553	     0	70.2	134.6	1465	OK
1554	     0	69.3	133.3	1447	OK
1555	     0	69.4	134.7	1435	OK
1556	     0	69.4	137.0	1463	OK
1557	     0	71.3	133.0	1443	OK
1558	     0	68.6	133.3	1426	OK
1559	     0	72.6	138.1	1450	OK
1560	     0	71.3	135.5	1451	OK
1561	     0	71.2	139.2	1458	OK
1562	     0	71.5	138.7	1436	OK
1563	     0	71.7	138.4	1448	OK
1564	     0	71.0	138.7	1462	OK
1565	     0	70.1	135.7	1453	OK
1566	     0	69.9	136.8	1442	OK
1567	     0	71.4	147.7	1427	OK
1568	     0	70.5	135.9	1467	OK
1569	     0	69.7	134.6	1440	OK
1570	     0	72.2	136.9	1459	OK
1571	     0	72.1	134.2	1423	OK
1572	     0	69.0	136.2	1436	OK
1573	     0	71.4	139.6	1452	OK
1574	     0	71.4	135.9	1441	OK
1575	     0	71.5	135.6	1439	OK
1576	     0	70.0	136.1	1456	OK
1577	     0	71.5	137.0	1461	OK
1578	     0	70.6	135.2	1460	OK
1579	     0	71.8	137.6	1453	OK
1580	     0	72.2	138.7	1466	OK
1581	     0	70.3	134.6	1474	OK
1582	     0	69.7	132.3	1455	OK
1583	     0	69.0	134.3	1447	OK
1584	     0	70.6	139.4	1465	OK
1585	     0	71.9	136.9	1456	OK
1586	     0	69.1	130.6	1447	OK
1587	     0	70.0	134.6	1460	OK
1588	     0	69.5	139.2	1459	OK
1589	     0	72.2	138.8	1446	OK
1590	     0	72.8	138.6	1456	OK
1591	     0	72.2	136.9	1457	OK
1592	     0	69.2	133.9	1458	OK
1593	     0	70.9	138.4	1458	OK
1594	     0	73.2	137.8	1445	OK
1595	     0	73.1	140.9	1461	OK
1596	     0	71.5	134.8	1456	OK
1597	     0	71.6	139.4	1465	OK
1598	     0	73.4	140.3	1436	OK
1599	     0	74.0	140.3	1439	OK
1600	     0	71.9	134.1	1438	OK
1601	     0	71.8	139.9	1452	OK
1602	     0	72.3	134.8	1450	OK
1603	     0	72.2	138.2	1452	OK
1604	     0	70.9	134.6	1462	OK
1605	     0	72.4	141.2	1450	OK
1606	     0	70.1	135.0	1451	OK
1607	     0	71.7	138.8	1456	OK
1608	     0	71.3	135.9	1438	OK
1609	     0	70.9	136.3	1438	OK
1610	     0	72.4	139.5	1449	OK
1611	     0	72.8	139.2	1433	OK
1612	     0	70.1	135.4	1437	OK
1613	     0	71.7	138.5	1445	OK
1614	     0	71.0	138.6	1448	OK
1615	     0	71.9	137.6	1478	OK
1616	     0	70.0	115.1	1437	OK
1617	     0	72.4	139.6	1444	OK
1618	     0	71.8	135.4	1438	OK
1619	     0	70.7	138.8	1444	OK
1620	     0	71.8	138.3	1456	OK
1621	     0	70.0	136.7	1436	OK
1622	     0	71.2	137.6	1451	OK
1623	     0	72.0	140.8	1446	OK
1624	     0	73.0	140.8	1440	OK
1625	     0	69.9	133.3	1464	OK
1626	     0	71.2	141.2	1465	OK
1627	     0	72.3	139.0	1434	OK
1628	     0	71.2	134.4	1460	OK
1629	     0	70.3	135.9	1463	OK
1630	     0	71.9	139.2	1427	OK
1631	     0	72.4	147.2	1435	OK
1632	     0	71.7	138.6	1453	OK
1633	     0	71.5	139.6	1449	OK
1634	     0	70.6	138.0	1456	OK
1635	     0	70.3	133.1	1432	OK
1636	     0	70.6	137.6	1429	OK
1637	     0	70.6	135.9	1450	OK
1638	     0	69.9	133.4	1438	OK
1639	     0	72.5	139.1	1438	OK
1640	     0	74.3	142.5	1458	OK
1641	     0	72.7	140.0	1440	OK
1642	     0	71.9	151.1	1436	OK
1643	     0	70.5	132.8	1439	OK
1644	     0	70.6	138.2	1431	OK
1645	     0	71.8	137.5	1428	OK
1646	     0	72.0	136.7	1438	OK
1647	     0	72.8	136.4	1435	OK
1648	     0	70.3	137.4	1429	OK
1649	     0	73.8	137.9	1449	OK
1650	     0	73.2	137.9	1429	OK
1651	     0	72.4	141.4	1449	OK
1652	     0	74.0	138.7	1430	OK
1653	     0	72.1	138.6	1446	OK
1654	     0	72.0	159.4	1457	OK
1655	     0	72.7	138.8	1421	OK
1656	     0	71.3	137.7	1429	OK
1657	     0	72.2	140.4	1430	OK
1658	     0	72.4	138.0	1426	OK
1659	     0	72.6	140.8	1437	OK
1660	     0	71.9	135.0	1401	OK
1661	     0	73.6	138.7	1441	OK
1662	     0	73.6	136.7	1445	OK
1663	     0	74.8	144.9	1422	OK
1664	     0	75.8	142.7	1389	OK
1665	     0	76.3	143.7	1385	OK
1666	     0	75.7	143.0	1396	OK
1667	     0	76.0	142.1	1380	OK
1668	     0	75.8	144.2	1364	OK
1669	     0	75.9	143.7	1382	OK
1670	     0	76.3	143.6	1390	OK
1671	     0	75.7	145.9	1382	OK
1672	     0	72.7	140.6	1384	OK
1673	     0	74.6	143.3	1392	OK
1674	     0	74.1	140.3	1372	OK
1675	     0	75.5	143.7	1410	OK
1676	     0	72.5	136.6	1397	OK
1677	     0	73.5	138.8	1375	OK
1678	     0	75.4	143.1	1380	OK
1679	     0	75.6	143.4	1378	OK
1680	     0	75.5	146.2	1379	OK
1681	     0	72.9	142.0	1415	OK
1682	     0	72.0	138.1	1371	OK
1683	     0	74.5	140.6	1386	OK
1684	     0	74.4	142.3	1402	OK
1685	     0	75.0	141.5	1398	OK
1686	     0	74.6	143.2	1369	OK
1687	     0	74.7	141.9	1405	OK
1688	     0	72.7	139.8	1409	OK
1689	     0	72.1	136.3	1378	OK
1690	     0	75.1	141.4	1394	OK
1691	     0	73.3	139.6	1414	OK
1692	     0	74.2	139.7	1379	OK
1693	     0	72.2	139.4	1399	OK
1694	     0	75.1	139.3	1372	OK
1695	     0	75.1	145.4	1419	OK
1696	     0	72.0	137.2	1397	OK
1697	     0	74.8	140.7	1415	OK
1698	     0	75.1	142.5	1392	OK
1699	     0	72.3	138.4	1415	OK
1700	     0	74.3	141.7	1415	OK
1701	     0	73.2	138.8	1382	OK
1702	     0	75.1	139.5	1409	OK
1703	     0	73.5	139.3	1397	OK
1704	     0	75.0	140.7	1406	OK
1705	     0	72.6	136.2	1422	OK
1706	     0	74.6	141.6	1383	OK
1707	     0	75.8	144.1	1405	OK
1708	     0	73.9	140.8	1378	OK
1709	     0	73.2	138.9	1431	OK
1710	     0	73.8	143.7	1408	OK
1711	     0	74.3	141.8	1400	OK
1712	     0	75.2	144.1	1409	OK
1713	     0	75.4	146.1	1414	OK
1714	     0	74.5	141.0	1417	OK
1715	     0	77.9	146.6	1423	OK
1716	     0	76.6	146.6	1393	OK
1717	     0	74.5	144.1	1393	OK
1718	     0	77.9	148.0	1410	OK
1719	     0	73.5	140.3	1425	OK
1720	     0	74.3	144.9	1408	OK
1721	     0	75.8	145.5	1400	OK
1722	     0	72.8	138.6	1416	OK
1723	     0	74.7	144.8	1414	OK
1724	     0	76.1	144.0	1403	OK
1725	     0	75.0	144.2	1440	OK
1726	     0	76.5	143.9	1425	OK
1727	     0	76.7	144.5	1389	OK
1728	     0	76.2	143.4	1404	OK
1729	     0	70.5	140.5	1410	OK
1730	     0	75.1	146.2	1408	OK
1731	     0	73.9	143.7	1408	OK
1732	     0	75.6	144.9	1434	OK
1733	     0	75.3	144.6	1415	OK
1734	     0	73.1	141.3	1407	OK
1735	     0	74.0	140.0	1426	OK
1736	     0	74.9	143.7	1435	OK
1737	     0	71.0	136.4	1403	OK
1738	     0	73.5	137.4	1414	OK
1739	     0	72.0	136.6	1409	OK
1740	     0	74.5	139.5	1434	OK
1741	     0	74.2	143.4	1430	OK
1742	     0	72.2	139.4	1401	OK
1743	     0	70.1	134.9	1403	OK
1744	     0	73.0	141.3	1404	OK
1745	     0	72.1	139.5	1431	OK
1746	     0	72.5	136.0	1414	OK
1747	     0	71.7	139.0	1423	OK
1748	     0	72.1	139.4	1412	OK
1749	     0	70.3	134.7	1418	OK
1750	     0	72.1	138.1	1404	OK
1751	     0	71.6	148.5	1400	OK
1752	     0	73.0	140.6	1404	OK
1753	     0	74.1	140.8	1414	OK
1754	     0	74.0	141.2	1414	OK
1755	     0	72.8	141.4	1425	OK
1756	     0	76.6	128.2	1402	OK
1757	     0	73.9	141.2	1403	OK
1758	     0	73.0	139.3	1411	OK
1759	     0	76.7	148.1	1424	OK
1760	     0	74.8	145.5	1402	OK
1761	     0	74.9	143.7	1415	OK
1762	     0	72.8	138.2	1398	OK
1763	     0	72.2	138.4	1432	OK
1764	     0	73.3	141.1	1398	OK
1765	     0	73.7	139.5	1431	OK
1766	     0	72.6	137.9	1421	OK
1767	     0	70.0	136.4	1427	OK
1768	     0	72.4	140.5	1430	OK
1769	     0	72.4	135.6	1385	OK
1770	     0	71.9	136.1	1411	OK
1771	     0	73.6	136.6	1415	OK
1772	     0	72.0	138.6	1408	OK
1773	     0	74.8	142.8	1413	OK
1774	     0	73.8	142.7	1402	OK
1775	     0	72.3	142.0	1417	OK
1776	     0	72.8	138.5	1406	OK
1777	     0	73.7	141.9	1440	OK
1778	     0	72.1	139.5	1421	OK
1779	     0	74.0	141.5	1413	OK
1780	     0	72.9	138.7	1420	OK
1781	     0	73.2	138.9	1388	OK
1782	     0	75.0	141.7	1420	OK
1783	     0	71.6	137.9	1413	OK
1784	     0	74.1	141.6	1440	OK
1785	     0	75.7	145.6	1428	OK
1786	     0	73.9	142.0	1431	OK
1787	     0	71.8	138.1	1427	OK
1788	     0	72.6	137.3	1406	OK
1789	     0	74.8	141.6	1392	OK
1790	     0	75.2	142.2	1435	OK
1791	     0	76.1	147.0	1411	OK
1792	     0	69.1	135.6	1401	OK
1793	     0	69.5	134.0	1452	OK
1794	     0	70.2	134.2	1436	OK
1795	     0	68.5	132.0	1404	OK
1796	     0	68.2	131.3	1438	OK
1797	     0	66.9	131.2	1432	OK
1798	     0	67.1	130.5	1400	OK
1799	     0	66.1	128.1	1391	OK
1800	     0	66.1	128.1	1396	OK
1801	     0	68.6	135.7	1442	OK
1802	     0	68.9	132.0	1420	OK
1803	     0	68.7	132.9	1415	OK
1804	     0	68.0	130.5	1413	OK
1805	     0	68.2	132.2	1430	OK
1806	     0	68.8	135.8	1428	OK
1807	     0	68.7	134.4	1398	OK
1808	     0	67.5	131.1	1424	OK
1809	     0	67.2	130.7	1417	OK
1810	     0	67.5	130.5	1407	OK
1811	     0	70.2	133.0	1417	OK
1812	     0	66.1	129.1	1394	OK
1813	     0	66.4	130.7	1432	OK
1814	     0	68.1	133.9	1424	OK
1815	     0	67.4	132.4	1400	OK
1816	     0	68.3	132.4	1410	OK
1817	     0	66.2	130.2	1424	OK
1818	     0	66.0	131.8	1404	OK
1819	     0	68.8	133.9	1413	OK
1820	     0	69.0	133.0	1415	OK
1821	     0	69.3	133.4	1426	OK
1822	     0	66.0	131.0	1407	OK
1823	     0	67.2	130.4	1405	OK
1824	     0	68.1	131.5	1401	OK
1825	     0	65.7	130.7	1410	OK
1826	     0	67.3	129.7	1427	OK
1827	     0	65.2	130.0	1402	OK
1828	     0	67.4	133.7	1422	OK
1829	     0	66.9	128.9	1419	OK
1830	     0	69.7	136.3	1417	OK
1831	     0	68.3	133.0	1424	OK
1832	     0	67.1	128.5	1399	OK
1833	     0	67.2	130.5	1435	OK
1834	     0	66.9	130.0	1432	OK
1835	     0	68.4	132.6	1438	OK
1836	     0	66.8	130.7	1449	OK
1837	     0	68.3	128.3	1398	OK
1838	     0	66.7	129.2	1416	OK
1839	     0	66.7	131.5	1419	OK
1840	     0	68.7	132.8	1423	OK
1841	     0	67.2	131.2	1440	OK
1842	     0	67.6	130.4	1394	OK
1843	     0	67.3	130.7	1429	OK
1844	     0	68.9	133.9	1428	OK
1845	     0	68.5	134.4	1455	OK
1846	     0	68.7	134.1	1410	OK
1847	     0	67.6	129.8	1419	OK
1848	     0	67.6	130.9	1420	OK
1849	     0	68.4	135.1	1459	OK
1850	     0	67.9	130.6	1417	OK
1851	     0	70.6	136.6	1423	OK
1852	     0	68.4	132.7	1453	OK
1853	     0	71.3	137.9	1438	OK
1854	     0	68.5	131.3	1427	OK
1855	     0	70.5	134.3	1445	OK
1856	     0	70.3	134.4	1423	OK
1857	     0	69.1	136.6	1432	OK
1858	     0	67.3	131.3	1423	OK
1859	     0	68.9	134.5	1410	OK
1860	     0	70.6	134.3	1429	OK
1861	     0	70.0	141.8	1441	OK
1862	     0	68.9	131.3	1413	OK
1863	     0	70.4	136.9	1424	OK
1864	     0	70.3	135.2	1399	OK
1865	     0	69.1	134.2	1398	OK
1866	     0	69.3	130.6	1426	OK
1867	     0	70.2	134.6	1419	OK
1868	     0	68.7	131.6	1405	OK
1869	     0	69.7	137.6	1425	OK
1870	     0	66.0	126.7	1414	OK
1871	     0	68.4	136.1	1436	OK
1872	     0	67.2	132.5	1427	OK
1873	     0	69.8	136.1	1429	OK
1874	     0	66.6	131.4	1398	OK
1875	     0	70.1	136.8	1438	OK
1876	     0	70.4	136.0	1440	OK
1877	     0	68.6	131.8	1443	OK
1878	     0	66.7	129.2	1416	OK
1879	     0	69.1	132.6	1416	OK
1880	     0	68.9	134.6	1405	OK
1881	     0	69.3	133.5	1430	OK
1882	     0	66.5	129.0	1412	OK
1883	     0	66.8	129.4	1391	OK
1884	     0	67.3	134.2	1415	OK
1885	     0	68.5	131.8	1416	OK
1886	     0	69.6	135.8	1430	OK
1887	     0	67.9	129.9	1406	OK
1888	     0	66.5	130.0	1409	OK
1889	     0	68.4	133.9	1434	OK
1890	     0	69.6	132.9	1416	OK
1891	     0	68.5	135.7	1431	OK
1892	     0	68.6	130.4	1419	OK
1893	     0	69.6	132.1	1424	OK
1894	     0	67.1	132.4	1413	OK
1895	     0	68.1	134.0	1420	OK
1896	     0	69.0	135.8	1402	OK
1897	     0	67.2	128.9	1429	OK
1898	     0	68.8	133.8	1398	OK
1899	     0	68.3	131.2	1400	OK
1900	     0	66.9	131.2	1389	OK
1901	     0	69.2	130.6	1412	OK
1902	     0	71.2	134.1	1402	OK
1903	     0	69.2	133.3	1403	OK
1904	     0	70.0	133.7	1398	OK
1905	     0	69.2	132.1	1400	OK
1906	     0	68.8	133.8	1436	OK
1907	     0	70.3	133.0	1409	OK
1908	     0	69.3	133.7	1421	OK
1909	     0	70.9	135.8	1406	OK
1910	     0	69.1	135.0	1438	OK
1911	     0	68.3	132.8	1394	OK
1912	     0	71.4	136.9	1400	OK
1913	     0	71.3	135.7	1406	OK
1914	     0	70.7	137.0	1411	OK
1915	     0	71.2	137.3	1405	OK
1916	     0	70.4	135.8	1433	OK
1917	     0	72.1	139.0	1410	OK
1918	     0	73.6	143.3	1400	OK
1919	     0	69.9	135.7	1410	OK
1920	     0	73.9	134.7	1469	OK
1921	     0	72.9	137.5	1449	OK
1922	     0	70.7	131.3	1426	OK
1923	     0	71.4	137.0	1398	OK
1924	     0	72.4	136.3	1410	OK
1925	     0	70.0	136.0	1401	OK
1926	     0	71.8	137.4	1413	OK
1927	     0	73.7	139.8	1416	OK
1928	     0	69.4	133.7	1388	OK
1929	     0	71.2	133.9	1382	OK
1930	     0	70.5	134.6	1413	OK
1931	     0	72.6	137.7	1424	OK
1932	     0	71.5	132.7	1387	OK
1933	     0	72.5	139.7	1419	OK
1934	     0	72.2	137.5	1403	OK
1935	     0	70.5	135.6	1416	OK
1936	     0	70.1	133.3	1421	OK
1937	     0	72.3	138.1	1418	OK
1938	     0	68.8	131.0	1378	OK
1939	     0	70.9	132.8	1402	OK
1940	     0	69.2	130.4	1399	OK
1941	     0	70.2	133.5	1401	OK
1942	     0	69.1	136.5	1411	OK
1943	     0	68.5	132.9	1425	OK
1944	     0	71.0	138.3	1419	OK
1945	     0	68.4	132.2	1383	OK
1946	     0	68.4	130.4	1415	OK
1947	     0	69.8	134.8	1421	OK
1948	     0	71.2	134.9	1408	OK
1949	     0	69.8	136.6	1404	OK
1950	     0	70.4	136.5	1427	OK
1951	     0	71.3	136.1	1413	OK
1952	     0	69.4	132.6	1427	OK
1953	     0	69.8	132.6	1415	OK
1954	     0	70.7	135.6	1421	OK
1955	     0	68.9	134.3	1415	OK
1956	     0	69.6	134.9	1396	OK
1957	     0	71.6	133.6	1432	OK
1958	     0	70.2	133.3	1433	OK
1959	     0	70.5	135.2	1422	OK
1960	     0	68.7	136.2	1432	OK
1961	     0	70.6	133.5	1405	OK
1962	     0	71.6	137.9	1380	OK
1963	     0	70.7	136.8	1384	OK
1964	     0	70.1	132.6	1408	OK
1965	     0	70.2	132.9	1421	OK
1966	     0	71.0	136.1	1411	OK
1967	     0	72.6	139.9	1437	OK
1968	     0	70.1	135.7	1399	OK
1969	     0	68.2	129.2	1415	OK
1970	     0	70.2	135.2	1418	OK
1971	     0	72.5	138.7	1403	OK
1972	     0	71.9	135.3	1395	OK
1973	     0	71.9	138.4	1430	OK
1974	     0	71.3	134.3	1392	OK
1975	     0	69.5	135.2	1418	OK
1976	     0	71.0	136.5	1429	OK
1977	     0	72.2	135.5	1447	OK
1978	     0	71.5	136.9	1413	OK
1979	     0	70.5	134.8	1418	OK
1980	     0	70.1	134.3	1439	OK
1981	     0	72.1	139.9	1416	OK
1982	     0	71.4	135.8	1439	OK
1983	     0	72.9	141.0	1435	OK
1984	     0	72.6	140.3	1411	OK
1985	     0	69.6	133.9	1423	OK
1986	     0	72.1	136.7	1409	OK
1987	     0	72.3	136.4	1415	OK
1988	     0	73.0	134.6	1434	OK
1989	     0	69.6	132.4	1424	OK
1990	     0	68.2	128.9	1421	OK
1991	     0	70.5	133.5	1435	OK
1992	     0	71.0	133.9	1414	OK
1993	     0	71.0	137.8	1426	OK
1994	     0	72.4	136.4	1408	OK
1995	     0	69.4	133.1	1417	OK
1996	     0	71.0	136.0	1420	OK
1997	     0	70.1	132.7	1415	OK
1998	     0	68.0	132.2	1439	OK
1999	     0	70.0	134.3	1398	OK
2000	     0	71.3	136.9	1420	OK
2001	     0	70.7	132.7	1424	OK
2002	     0	71.0	134.1	1397	OK
2003	     0	71.1	137.5	1415	OK
2004	     0	69.2	130.6	1395	OK
2005	     0	71.4	136.5	1416	OK
2006	     0	69.1	132.9	1420	OK
2007	     0	70.6	136.7	1407	OK
2008	     0	68.5	131.9	1405	OK
2009	     0	69.0	130.2	1408	OK
2010	     0	72.4	137.9	1419	OK
2011	     0	71.2	139.0	1405	OK
2012	     0	70.9	133.9	1414	OK
2013	     0	70.4	136.3	1402	OK
2014	     0	69.8	130.9	1408	OK
2015	     0	72.1	135.7	1435	OK
2016	     0	71.6	139.1	1427	OK
2017	     0	70.9	136.2	1397	OK
2018	     0	71.0	137.1	1413	OK
2019	     0	70.3	136.7	1429	OK
2020	     0	71.5	137.6	1423	OK
2021	     0	72.5	136.8	1409	OK
2022	     0	69.5	132.2	1410	OK
2023	     0	70.2	134.7	1407	OK
2024	     0	70.3	134.7	1424	OK
2025	     0	69.4	131.7	1434	OK
2026	     0	70.5	132.3	1400	OK
2027	     0	71.5	137.2	1408	OK
2028	     0	71.9	138.5	1430	OK
2029	     0	70.6	138.3	1413	OK
2030	     0	71.3	137.2	1421	OK
2031	     0	70.5	137.8	1380	OK
2032	     0	72.2	136.1	1436	OK
2033	     0	72.2	138.8	1432	OK
2034	     0	70.5	135.7	1406	OK
2035	     0	70.0	135.4	1377	OK
2036	     0	69.6	134.3	1402	OK
2037	     0	69.0	133.0	1444	OK
2038	     0	69.6	132.1	1388	OK
2039	     0	71.3	134.7	1409	OK
2040	     0	70.9	132.3	1409	OK
2041	     0	71.5	134.7	1418	OK
2042	     0	72.3	135.8	1410	OK
2043	     0	72.5	138.4	1416	OK
2044	     0	74.4	140.1	1427	OK
2045	     0	71.4	138.2	1401	OK
2046	     0	73.2	141.7	1426	OK
2047	     0	71.1	135.3	1434	OK
