#chan	code	gain	vt50	innse	comment
   0	     0	64.7	117.8	1561	OK
   1	     0	62.4	111.1	1578	OK
   2	     0	62.5	111.2	1588	OK
   3	     0	62.0	110.7	1556	OK
   4	     0	63.1	113.6	1584	OK
   5	     0	63.3	112.4	1590	OK
   6	     0	62.1	108.3	1582	OK
   7	     0	62.1	76.2	1587	OK
   8	     0	60.9	108.4	1567	OK
   9	     0	61.5	108.0	1607	OK
  10	     0	60.5	105.5	1569	OK
  11	     0	62.6	109.4	1606	OK
  12	     0	62.0	109.5	1567	OK
  13	     0	62.6	109.5	1561	OK
  14	     0	60.9	108.8	1599	OK
  15	     0	61.2	107.6	1583	OK
  16	     0	61.7	108.1	1578	OK
  17	     0	63.0	109.7	1582	OK
  18	     0	61.7	109.5	1598	OK
  19	     0	63.6	110.3	1628	OK
  20	     0	62.0	109.3	1559	OK
  21	     0	63.8	113.8	1561	OK
  22	     0	62.2	108.2	1587	OK
  23	     0	61.7	110.9	1558	OK
  24	     0	62.6	111.0	1592	OK
  25	     0	62.5	107.5	1604	OK
  26	     0	63.6	109.5	1615	OK
  27	     0	61.3	109.8	1545	OK
  28	     0	61.4	107.5	1606	OK
  29	     0	62.3	111.5	1555	OK
  30	     0	62.8	108.9	1566	OK
  31	     0	63.1	110.5	1603	OK
  32	     0	62.9	109.1	1605	OK
  33	     0	61.5	116.5	1575	OK
  34	     0	63.2	110.4	1595	OK
  35	     0	61.9	108.5	1558	OK
  36	     0	64.2	112.3	1565	OK
  37	     0	62.8	112.7	1540	OK
  38	     0	60.8	106.8	1591	OK
  39	     0	62.0	110.4	1575	OK
  40	     0	63.7	111.3	1558	OK
  41	     0	62.4	111.6	1565	OK
  42	     0	63.5	109.8	1593	OK
  43	     0	62.1	113.3	1567	OK
  44	     0	63.0	114.2	1573	OK
  45	     0	61.8	108.6	1547	OK
  46	     0	62.9	110.1	1568	OK
  47	     0	61.9	110.3	1593	OK
  48	     0	62.1	110.8	1628	OK
  49	     0	64.1	113.2	1599	OK
  50	     0	62.2	108.7	1576	OK
  51	     0	61.1	107.6	1587	OK
  52	 50000	-4.4	42.0	   0	very low gain
  53	     0	62.6	113.0	1571	OK
  54	     0	63.1	110.6	1565	OK
  55	     0	63.1	115.6	1579	OK
  56	     0	63.0	116.9	1543	OK
  57	     0	61.4	109.8	1590	OK
  58	     0	62.2	108.6	1603	OK
  59	     0	63.8	115.7	1591	OK
  60	     0	63.4	112.8	1611	OK
  61	     0	64.7	114.4	1580	OK
  62	     0	62.8	111.2	1627	OK
  63	     0	63.7	109.9	1596	OK
  64	     0	65.7	116.5	1605	OK
  65	     0	64.5	113.0	1589	OK
  66	     0	65.4	115.1	1596	OK
  67	     0	63.0	112.1	1611	OK
  68	     0	63.2	110.3	1570	OK
  69	     0	64.1	112.1	1600	OK
  70	     0	63.8	115.6	1635	OK
  71	     0	62.1	108.2	1602	OK
  72	     0	63.6	117.1	1559	OK
  73	     0	62.5	105.8	1615	OK
  74	     0	60.4	107.1	1635	OK
  75	     0	61.5	111.7	1599	OK
  76	     0	62.3	110.6	1574	OK
  77	     0	62.5	112.0	1564	OK
  78	     0	61.8	108.9	1582	OK
  79	     0	63.0	113.0	1594	OK
  80	     0	62.8	110.3	1621	OK
  81	     0	61.2	109.7	1580	OK
  82	     0	61.0	108.1	1582	OK
  83	     0	61.7	109.0	1593	OK
  84	     0	61.5	111.0	1574	OK
  85	     0	63.2	112.0	1582	OK
  86	     0	60.6	106.4	1597	OK
  87	     0	61.3	108.3	1619	OK
  88	     0	61.7	106.8	1623	OK
  89	     0	61.9	107.2	1607	OK
  90	     0	63.0	109.1	1568	OK
  91	     0	62.8	112.1	1600	OK
  92	     0	61.7	112.7	1581	OK
  93	     0	62.5	112.3	1584	OK
  94	     0	61.9	107.9	1610	OK
  95	     0	62.4	110.6	1541	OK
  96	     0	63.3	112.7	1551	OK
  97	     0	62.8	109.0	1603	OK
  98	     0	62.6	112.1	1559	OK
  99	     0	60.7	107.2	1564	OK
 100	     0	62.0	107.4	1581	OK
 101	     0	61.7	108.1	1551	OK
 102	     0	64.1	115.0	1563	OK
 103	     0	62.0	108.7	1622	OK
 104	     0	63.8	129.3	1603	OK
 105	     0	62.4	108.7	1566	OK
 106	     0	63.0	110.5	1639	OK
 107	     0	60.5	104.8	1570	OK
 108	     0	64.1	112.1	1607	OK
 109	     0	63.3	111.4	1580	OK
 110	     0	62.7	110.8	1562	OK
 111	     0	62.4	110.0	1567	OK
 112	     0	62.7	109.9	1602	OK
 113	     0	62.6	113.2	1571	OK
 114	     0	62.1	107.9	1597	OK
 115	     0	64.6	111.4	1597	OK
 116	     0	62.2	109.0	1575	OK
 117	     0	63.4	108.3	1581	OK
 118	     0	63.2	106.5	1592	OK
 119	     0	62.9	113.5	1593	OK
 120	     0	63.8	114.5	1567	OK
 121	     0	63.0	110.3	1600	OK
 122	     0	63.0	111.2	1560	OK
 123	     0	64.6	113.6	1562	OK
 124	     0	63.8	111.9	1580	OK
 125	     0	62.8	110.9	1593	OK
 126	     0	64.4	104.6	1634	OK
 127	  4000	64.4	101.8	1704	high noise
 128	     0	63.4	117.8	1597	OK
 129	     0	63.8	115.0	1591	OK
 130	     0	62.4	113.6	1599	OK
 131	     0	62.5	97.7	1597	OK
 132	     0	63.2	113.8	1584	OK
 133	     0	63.4	114.8	1601	OK
 134	     0	63.3	111.9	1617	OK
 135	     0	61.8	114.2	1556	OK
 136	     0	61.4	111.9	1598	OK
 137	     0	63.7	114.2	1594	OK
 138	     0	61.6	109.5	1563	OK
 139	     0	63.0	111.9	1593	OK
 140	     0	62.1	109.9	1568	OK
 141	     0	63.2	109.1	1593	OK
 142	     0	64.4	115.2	1589	OK
 143	     0	62.4	112.9	1577	OK
 144	     0	62.0	113.0	1582	OK
 145	     0	61.9	113.5	1586	OK
 146	     0	62.6	115.9	1591	OK
 147	     0	61.8	112.7	1566	OK
 148	     0	61.3	110.4	1570	OK
 149	     0	62.3	113.1	1593	OK
 150	     0	62.0	115.6	1559	OK
 151	     0	65.4	125.1	1584	OK
 152	     0	63.2	116.8	1563	OK
 153	     0	62.2	110.9	1556	OK
 154	     0	63.1	110.9	1583	OK
 155	     0	60.2	108.4	1563	OK
 156	     0	63.4	110.8	1589	OK
 157	     0	62.0	113.4	1603	OK
 158	     0	61.6	109.5	1604	OK
 159	     0	61.7	111.6	1574	OK
 160	     0	62.8	113.1	1610	OK
 161	     0	61.4	109.3	1588	OK
 162	     0	63.5	114.2	1562	OK
 163	     0	60.3	109.8	1566	OK
 164	     0	60.9	109.0	1518	OK
 165	     0	61.2	110.8	1552	OK
 166	     0	63.2	113.3	1565	OK
 167	     0	61.5	109.1	1574	OK
 168	     0	61.9	108.4	1559	OK
 169	     0	62.5	114.8	1580	OK
 170	     0	62.2	112.8	1593	OK
 171	     0	63.0	114.2	1580	OK
 172	     0	63.2	113.6	1594	OK
 173	     0	61.3	110.4	1554	OK
 174	     0	62.5	113.9	1588	OK
 175	     0	62.6	111.6	1601	OK
 176	     0	61.4	112.2	1568	OK
 177	     0	61.3	108.7	1596	OK
 178	     0	60.4	111.0	1540	OK
 179	     0	62.8	111.1	1566	OK
 180	     0	61.9	116.1	1546	OK
 181	     0	63.7	113.6	1615	OK
 182	     0	61.9	110.4	1630	OK
 183	     0	63.3	112.4	1615	OK
 184	     0	64.6	112.8	1614	OK
 185	     0	62.4	115.5	1565	OK
 186	     0	62.6	109.9	1582	OK
 187	     0	61.2	112.1	1597	OK
 188	     0	60.8	106.6	1585	OK
 189	     0	63.9	116.3	1619	OK
 190	     0	63.8	111.5	1635	OK
 191	     0	62.7	113.9	1561	OK
 192	     0	61.9	113.6	1571	OK
 193	     0	63.2	116.7	1601	OK
 194	     0	62.3	110.5	1561	OK
 195	     0	63.7	112.7	1642	OK
 196	     0	60.6	110.0	1608	OK
 197	     0	62.6	116.3	1552	OK
 198	     0	62.9	112.9	1573	OK
 199	     0	62.1	110.8	1593	OK
 200	     0	62.4	116.0	1585	OK
 201	     0	61.6	111.9	1561	OK
 202	     0	63.1	110.7	1624	OK
 203	     0	61.4	112.1	1566	OK
 204	     0	62.5	112.1	1578	OK
 205	     0	61.3	108.8	1600	OK
 206	     0	60.2	108.6	1552	OK
 207	     0	60.1	110.3	1592	OK
 208	     0	64.5	117.5	1617	OK
 209	     0	62.7	118.0	1593	OK
 210	     0	61.5	109.9	1595	OK
 211	     0	62.9	114.3	1621	OK
 212	     0	61.2	111.1	1592	OK
 213	     0	61.0	108.3	1596	OK
 214	     0	61.5	113.8	1602	OK
 215	     0	61.3	113.9	1615	OK
 216	     0	62.1	112.1	1604	OK
 217	     0	61.6	115.5	1592	OK
 218	     0	61.7	110.3	1571	OK
 219	     0	62.1	112.1	1619	OK
 220	     0	61.3	109.7	1557	OK
 221	     0	59.8	106.1	1599	OK
 222	     0	62.0	114.5	1591	OK
 223	     0	60.8	111.8	1568	OK
 224	     0	62.6	118.7	1598	OK
 225	     0	60.9	111.4	1563	OK
 226	     0	59.8	109.0	1548	OK
 227	     0	61.9	109.8	1594	OK
 228	     0	60.3	110.2	1577	OK
 229	     0	59.8	111.6	1562	OK
 230	     0	61.0	109.4	1605	OK
 231	     0	61.8	111.4	1601	OK
 232	     0	60.4	111.2	1572	OK
 233	     0	61.8	112.4	1601	OK
 234	     0	59.7	105.5	1563	OK
 235	     0	60.8	108.6	1585	OK
 236	     0	60.8	128.6	1567	OK
 237	     0	58.8	105.5	1583	OK
 238	     0	62.2	111.2	1584	OK
 239	     0	61.7	109.1	1602	OK
 240	     0	61.0	110.6	1571	OK
 241	     0	62.2	109.3	1578	OK
 242	     0	60.6	107.2	1602	OK
 243	     0	60.6	109.9	1560	OK
 244	     0	61.3	108.8	1525	OK
 245	     0	60.7	116.5	1575	OK
 246	     0	62.0	107.1	1544	OK
 247	     0	62.5	111.0	1611	OK
 248	     0	60.9	108.2	1598	OK
 249	     0	62.5	108.9	1597	OK
 250	     0	63.4	112.3	1583	OK
 251	     0	62.4	112.8	1568	OK
 252	     0	63.2	113.6	1613	OK
 253	     0	62.0	110.3	1577	OK
 254	     0	63.8	113.7	1595	OK
 255	     0	62.0	113.0	1605	OK
 256	     0	66.8	120.1	1604	OK
 257	     0	69.5	125.0	1568	OK
 258	     0	69.0	124.4	1568	OK
 259	     0	66.6	122.8	1582	OK
 260	     0	67.8	124.4	1557	OK
 261	     0	66.8	121.2	1572	OK
 262	     0	67.7	121.0	1608	OK
 263	     0	66.4	120.9	1620	OK
 264	     0	68.7	124.8	1612	OK
 265	     0	68.2	121.7	1614	OK
 266	  4000	69.0	123.2	1635	high noise
 267	     0	69.8	123.6	1620	OK
 268	  4000	66.6	120.4	1631	high noise
 269	  4000	69.1	127.1	1642	high noise
 270	     0	69.9	125.7	1605	OK
 271	     0	68.1	124.5	1612	OK
 272	     0	69.1	124.3	1604	OK
 273	  4000	68.1	136.4	1655	high noise
 274	     0	66.3	120.8	1604	OK
 275	     0	67.9	123.1	1604	OK
 276	     0	66.3	121.2	1567	OK
 277	     0	68.5	121.5	1582	OK
 278	     0	69.3	123.6	1546	OK
 279	     0	66.0	119.4	1559	OK
 280	     0	65.9	120.7	1562	OK
 281	     0	68.4	122.7	1582	OK
 282	     0	65.7	118.3	1565	OK
 283	     0	66.3	121.6	1557	OK
 284	     0	68.2	122.1	1569	OK
 285	     0	67.1	124.2	1541	OK
 286	     0	65.8	121.9	1508	OK
 287	     0	65.8	120.8	1527	OK
 288	     0	67.1	121.4	1511	OK
 289	     0	64.3	117.0	1513	OK
 290	     0	67.8	120.3	1525	OK
 291	     0	66.6	121.7	1516	OK
 292	     0	68.0	118.1	1534	OK
 293	     0	68.2	122.3	1491	OK
 294	     0	66.6	120.6	1506	OK
 295	     0	66.9	120.1	1483	OK
 296	     0	66.7	118.2	1499	OK
 297	     0	65.6	117.9	1489	OK
 298	     0	65.9	119.2	1488	OK
 299	     0	65.0	115.9	1484	OK
 300	     0	65.3	121.4	1501	OK
 301	     0	67.1	119.0	1539	OK
 302	     0	65.9	118.6	1489	OK
 303	     0	64.9	117.9	1475	OK
 304	     0	66.8	118.9	1473	OK
 305	     0	65.6	115.1	1529	OK
 306	     0	65.8	120.1	1499	OK
 307	     0	66.6	119.9	1514	OK
 308	     0	69.2	122.5	1506	OK
 309	     0	67.7	120.9	1512	OK
 310	     0	65.9	118.6	1501	OK
 311	     0	67.0	121.2	1469	OK
 312	     0	67.7	121.9	1495	OK
 313	     0	66.0	117.1	1511	OK
 314	     0	67.2	119.9	1532	OK
 315	     0	68.0	123.7	1515	OK
 316	     0	68.0	122.5	1502	OK
 317	     0	67.5	122.7	1500	OK
 318	     0	66.7	118.1	1476	OK
 319	     0	68.0	119.7	1533	OK
 320	     0	68.5	122.5	1504	OK
 321	     0	67.6	118.1	1543	OK
 322	     0	69.1	120.3	1518	OK
 323	     0	66.7	119.0	1522	OK
 324	     0	66.1	119.1	1522	OK
 325	     0	65.9	118.5	1531	OK
 326	     0	66.9	123.6	1514	OK
 327	     0	65.3	117.9	1508	OK
 328	     0	66.9	117.6	1530	OK
 329	     0	66.2	123.2	1502	OK
 330	     0	66.2	115.9	1469	OK
 331	     0	66.6	123.1	1511	OK
 332	     0	64.9	116.1	1538	OK
 333	     0	68.0	121.2	1496	OK
 334	     0	66.4	117.1	1552	OK
 335	     0	67.3	120.1	1514	OK
 336	     0	66.0	121.3	1534	OK
 337	     0	68.3	120.3	1498	OK
 338	     0	65.3	119.2	1531	OK
 339	     0	66.8	120.4	1525	OK
 340	     0	64.2	114.0	1510	OK
 341	     0	64.5	116.5	1533	OK
 342	     0	65.9	119.8	1507	OK
 343	     0	65.6	117.0	1552	OK
 344	     0	64.5	116.9	1556	OK
 345	     0	65.6	115.8	1592	OK
 346	     0	65.4	117.2	1572	OK
 347	     0	65.3	117.1	1588	OK
 348	     0	65.7	117.5	1582	OK
 349	     0	66.5	119.6	1596	OK
 350	     0	64.7	114.2	1601	OK
 351	     0	66.1	117.0	1618	OK
 352	     0	66.3	122.8	1599	OK
 353	     0	65.5	117.9	1607	OK
 354	     0	65.2	119.0	1622	OK
 355	     0	63.0	114.2	1615	OK
 356	  4000	65.6	118.3	1633	high noise
 357	     0	65.4	116.6	1624	OK
 358	     0	66.7	116.8	1618	OK
 359	     0	66.2	119.7	1590	OK
 360	     0	65.5	120.7	1572	OK
 361	     0	66.1	118.7	1599	OK
 362	     0	65.4	115.7	1564	OK
 363	     0	66.5	118.5	1564	OK
 364	     0	64.8	117.4	1574	OK
 365	     0	67.0	121.4	1553	OK
 366	     0	66.2	118.7	1544	OK
 367	     0	64.6	116.7	1546	OK
 368	     0	66.4	121.0	1554	OK
 369	     0	65.3	117.0	1545	OK
 370	     0	66.8	120.5	1527	OK
 371	     0	67.0	118.7	1511	OK
 372	     0	67.1	119.7	1536	OK
 373	     0	65.7	119.1	1526	OK
 374	     0	68.6	122.0	1534	OK
 375	     0	65.9	119.5	1504	OK
 376	     0	68.3	120.5	1535	OK
 377	     0	67.6	123.1	1500	OK
 378	     0	67.7	118.8	1537	OK
 379	     0	66.3	119.1	1528	OK
 380	     0	67.4	188.3	1536	OK
 381	     0	66.1	121.8	1514	OK
 382	     0	66.9	120.0	1499	OK
 383	     0	69.4	125.4	1476	OK
 384	     0	69.0	122.8	1641	OK
 385	     0	68.0	121.6	1625	OK
 386	     0	67.2	121.4	1618	OK
 387	     0	66.9	120.3	1600	OK
 388	     0	66.9	118.0	1630	OK
 389	     0	67.3	122.2	1639	OK
 390	     0	66.8	121.0	1630	OK
 391	     0	68.4	121.2	1608	OK
 392	     0	67.8	124.0	1614	OK
 393	     0	67.7	126.2	1616	OK
 394	     0	65.0	119.1	1609	OK
 395	     0	65.7	116.1	1616	OK
 396	     0	64.1	117.6	1592	OK
 397	     0	66.5	114.9	1633	OK
 398	     0	67.5	123.7	1578	OK
 399	     0	64.3	114.6	1633	OK
 400	     0	64.9	120.6	1569	OK
 401	     0	68.0	124.2	1557	OK
 402	     0	66.1	121.4	1564	OK
 403	     0	67.3	121.7	1582	OK
 404	     0	65.4	120.1	1587	OK
 405	     0	66.2	119.7	1574	OK
 406	     0	66.6	122.4	1557	OK
 407	     0	66.1	120.7	1549	OK
 408	     0	66.9	122.4	1556	OK
 409	     0	65.6	119.0	1560	OK
 410	     0	65.8	118.2	1533	OK
 411	     0	66.4	120.7	1526	OK
 412	     0	67.2	122.5	1569	OK
 413	     0	65.6	117.1	1547	OK
 414	     0	65.2	118.8	1524	OK
 415	     0	64.9	121.4	1504	OK
 416	     0	64.6	117.6	1564	OK
 417	     0	64.8	120.9	1508	OK
 418	     0	62.7	112.5	1530	OK
 419	     0	64.5	116.2	1525	OK
 420	     0	65.5	119.2	1513	OK
 421	     0	65.8	122.7	1501	OK
 422	     0	66.3	120.0	1483	OK
 423	     0	66.3	119.4	1509	OK
 424	     0	65.1	119.1	1510	OK
 425	     0	65.3	116.0	1498	OK
 426	     0	64.6	116.3	1485	OK
 427	     0	65.1	120.1	1495	OK
 428	     0	65.8	115.7	1518	OK
 429	     0	64.0	116.3	1479	OK
 430	     0	65.3	117.4	1474	OK
 431	     0	66.9	122.7	1500	OK
 432	     0	64.4	114.7	1494	OK
 433	     0	64.9	118.6	1481	OK
 434	     0	65.4	118.5	1483	OK
 435	     0	64.7	116.8	1475	OK
 436	     0	64.7	114.6	1511	OK
 437	     0	63.0	117.0	1488	OK
 438	     0	66.2	119.0	1502	OK
 439	     0	65.8	117.7	1471	OK
 440	     0	64.8	118.6	1499	OK
 441	     0	66.0	121.3	1475	OK
 442	     0	63.9	114.7	1494	OK
 443	     0	65.3	117.8	1467	OK
 444	     0	64.7	118.4	1492	OK
 445	     0	63.8	116.5	1501	OK
 446	     0	65.6	120.4	1472	OK
 447	     0	66.4	120.9	1508	OK
 448	     0	66.3	121.4	1536	OK
 449	     0	66.2	122.0	1507	OK
 450	     0	64.9	116.4	1532	OK
 451	     0	67.5	122.5	1538	OK
 452	     0	65.9	119.5	1531	OK
 453	     0	65.9	120.4	1552	OK
 454	     0	64.1	116.8	1572	OK
 455	     0	65.4	157.0	1646	OK
 456	     0	65.0	116.3	1576	OK
 457	     0	62.6	112.1	1584	OK
 458	     0	63.9	113.7	1590	OK
 459	     0	64.2	114.5	1604	OK
 460	     0	65.3	98.2	1643	OK
 461	     0	64.6	117.7	1616	OK
 462	     0	64.1	110.7	1654	OK
 463	     0	65.5	121.4	1620	OK
 464	     0	63.6	116.9	1650	OK
 465	     0	63.0	112.4	1656	OK
 466	  4000	65.6	115.9	1722	high noise
 467	  4000	63.1	112.6	1738	high noise
 468	  4000	65.1	118.3	1732	high noise
 469	  4000	65.3	117.8	1829	high noise
 470	  4000	64.9	121.1	1794	high noise
 471	  4000	63.0	116.5	1811	high noise
 472	  4000	63.9	118.8	1854	high noise
 473	  4000	66.1	119.4	1909	high noise
 474	  4000	65.2	118.2	1927	high noise
 475	  4000	65.4	116.5	1961	high noise
 476	  4000	65.2	123.1	1964	high noise
 477	  4000	63.4	117.8	1937	high noise
 478	  4000	65.7	118.0	1984	high noise
 479	  4000	65.0	120.2	1983	high noise
 480	  4000	64.0	118.6	1964	high noise
 481	  4000	63.5	116.0	1993	high noise
 482	  4000	66.4	121.1	1954	high noise
 483	  4000	63.2	118.6	1978	high noise
 484	  4000	64.2	114.9	1942	high noise
 485	  4000	64.8	119.6	1930	high noise
 486	  4000	63.4	120.7	1862	high noise
 487	  4000	65.6	117.3	1900	high noise
 488	  4000	64.0	115.6	1885	high noise
 489	  4000	63.4	116.3	1862	high noise
 490	  4000	61.8	112.2	1844	high noise
 491	  4000	62.8	115.5	1814	high noise
 492	  4000	64.9	120.6	1799	high noise
 493	  4000	63.8	116.0	1788	high noise
 494	  4000	64.9	116.2	1790	high noise
 495	  4000	65.3	117.3	1759	high noise
 496	  4000	64.3	119.8	1750	high noise
 497	  4000	64.0	116.4	1749	high noise
 498	  4000	64.0	114.1	1750	high noise
 499	  4000	63.2	115.5	1722	high noise
 500	  4000	64.0	117.3	1723	high noise
 501	  4000	64.3	116.0	1706	high noise
 502	  4000	63.6	113.9	1696	high noise
 503	     0	63.1	115.2	1667	OK
 504	     0	63.2	114.9	1638	OK
 505	     0	66.0	122.4	1650	OK
 506	     0	63.7	116.8	1651	OK
 507	     0	63.3	112.7	1664	OK
 508	     0	64.7	117.0	1638	OK
 509	     0	63.6	111.4	1635	OK
 510	     0	64.0	114.7	1646	OK
 511	     0	65.3	118.6	1608	OK
 512	     0	64.6	116.6	1530	OK
 513	     0	64.6	118.8	1522	OK
 514	     0	64.3	119.6	1507	OK
 515	     0	63.2	116.1	1521	OK
 516	     0	63.5	116.2	1523	OK
 517	     0	64.4	118.1	1535	OK
 518	     0	63.8	121.3	1527	OK
 519	     0	63.7	118.4	1521	OK
 520	     0	61.9	114.9	1519	OK
 521	     0	62.8	113.8	1511	OK
 522	     0	62.3	114.0	1534	OK
 523	     0	64.2	119.0	1542	OK
 524	     0	64.5	121.5	1489	OK
 525	     0	64.2	121.6	1511	OK
 526	     0	64.8	115.2	1550	OK
 527	     0	63.2	119.4	1546	OK
 528	     0	64.2	117.5	1505	OK
 529	     0	63.8	116.3	1552	OK
 530	     0	61.1	113.6	1520	OK
 531	     0	62.7	116.4	1516	OK
 532	     0	63.7	117.9	1561	OK
 533	     0	62.5	118.4	1509	OK
 534	     0	63.4	114.3	1502	OK
 535	     0	64.5	119.4	1529	OK
 536	     0	62.1	115.8	1492	OK
 537	     0	62.4	114.1	1523	OK
 538	     0	62.8	116.0	1520	OK
 539	     0	62.8	114.6	1508	OK
 540	     0	64.7	116.5	1521	OK
 541	     0	63.9	116.8	1493	OK
 542	     0	64.3	117.2	1512	OK
 543	     0	65.5	116.5	1516	OK
 544	     0	63.5	116.4	1530	OK
 545	     0	64.8	118.9	1526	OK
 546	     0	65.0	118.0	1481	OK
 547	     0	64.6	117.7	1526	OK
 548	     0	64.4	118.7	1516	OK
 549	     0	64.8	118.9	1503	OK
 550	     0	63.7	119.9	1528	OK
 551	     0	63.2	116.4	1474	OK
 552	     0	64.0	118.1	1506	OK
 553	     0	63.1	119.1	1503	OK
 554	     0	65.4	116.9	1512	OK
 555	     0	64.8	114.3	1536	OK
 556	     0	63.8	115.5	1485	OK
 557	     0	61.5	114.0	1521	OK
 558	     0	63.0	112.6	1503	OK
 559	     0	64.7	119.3	1504	OK
 560	     0	60.8	114.3	1521	OK
 561	     0	63.9	117.8	1504	OK
 562	     0	64.1	115.3	1487	OK
 563	     0	64.2	116.3	1520	OK
 564	     0	64.0	117.2	1505	OK
 565	     0	63.8	121.8	1489	OK
 566	     0	65.6	126.6	1531	OK
 567	     0	62.3	114.4	1531	OK
 568	     0	64.8	121.6	1527	OK
 569	     0	63.4	115.2	1480	OK
 570	     0	64.9	119.1	1502	OK
 571	     0	65.6	120.9	1500	OK
 572	     0	67.5	124.2	1497	OK
 573	     0	65.6	121.2	1531	OK
 574	     0	64.1	119.3	1516	OK
 575	     0	65.7	119.5	1522	OK
 576	     0	68.9	124.8	1491	OK
 577	     0	65.1	121.3	1473	OK
 578	     0	66.8	123.6	1494	OK
 579	     0	67.9	124.9	1527	OK
 580	     0	64.9	119.2	1493	OK
 581	     0	66.0	118.8	1515	OK
 582	     0	65.5	116.6	1489	OK
 583	     0	65.6	118.8	1510	OK
 584	     0	63.8	117.5	1501	OK
 585	     0	66.3	122.5	1495	OK
 586	     0	64.9	120.0	1507	OK
 587	     0	63.2	118.5	1495	OK
 588	     0	66.3	120.4	1493	OK
 589	     0	65.0	119.3	1484	OK
 590	     0	65.5	120.5	1507	OK
 591	     0	64.1	116.4	1525	OK
 592	     0	64.6	118.1	1546	OK
 593	     0	66.2	118.8	1504	OK
 594	     0	64.5	120.9	1509	OK
 595	     0	65.8	120.7	1504	OK
 596	     0	65.0	119.8	1509	OK
 597	     0	64.4	116.9	1509	OK
 598	     0	65.3	121.1	1505	OK
 599	     0	64.5	120.4	1518	OK
 600	     0	64.8	135.1	1616	OK
 601	     0	66.2	121.6	1495	OK
 602	     0	65.0	116.7	1532	OK
 603	     0	64.7	117.8	1479	OK
 604	     0	65.1	117.6	1532	OK
 605	     0	65.3	119.1	1513	OK
 606	     0	64.5	120.2	1519	OK
 607	     0	64.3	116.4	1542	OK
 608	     0	65.4	117.7	1534	OK
 609	     0	67.2	121.4	1541	OK
 610	     0	65.2	119.1	1525	OK
 611	     0	65.1	118.0	1534	OK
 612	     0	65.0	119.7	1542	OK
 613	     0	67.1	120.7	1540	OK
 614	     0	65.8	123.1	1587	OK
 615	     0	64.4	118.7	1543	OK
 616	     0	65.7	117.9	1558	OK
 617	     0	65.4	117.1	1550	OK
 618	     0	65.9	119.9	1577	OK
 619	     0	65.4	120.0	1570	OK
 620	     0	66.6	121.1	1558	OK
 621	     0	65.6	116.7	1585	OK
 622	     0	65.4	129.5	1589	OK
 623	     0	66.0	120.3	1569	OK
 624	     0	69.2	127.1	1570	OK
 625	     0	64.8	120.1	1571	OK
 626	     0	65.7	119.6	1590	OK
 627	     0	64.2	116.5	1589	OK
 628	     0	66.1	123.1	1581	OK
 629	     0	67.2	119.6	1596	OK
 630	     0	64.7	122.0	1606	OK
 631	     0	64.5	122.1	1569	OK
 632	     0	64.3	120.6	1574	OK
 633	     0	65.5	116.6	1605	OK
 634	     0	66.0	121.4	1584	OK
 635	     0	67.0	121.7	1597	OK
 636	     0	66.1	122.5	1611	OK
 637	     0	66.4	122.5	1563	OK
 638	     0	66.4	120.5	1621	OK
 639	     0	65.8	118.0	1598	OK
 640	     0	69.3	122.7	1504	OK
 641	     0	69.6	125.7	1499	OK
 642	     0	68.0	122.1	1463	OK
 643	     0	68.0	125.0	1481	OK
 644	     0	69.0	123.2	1496	OK
 645	     0	68.4	120.1	1465	OK
 646	     0	69.8	120.8	1464	OK
 647	     0	66.2	119.3	1446	OK
 648	     0	67.3	115.9	1454	OK
 649	     0	66.3	120.9	1482	OK
 650	     0	65.3	116.2	1474	OK
 651	     0	70.1	125.6	1453	OK
 652	     0	64.9	117.4	1446	OK
 653	     0	65.9	119.9	1454	OK
 654	     0	67.6	123.6	1433	OK
 655	     0	66.3	116.5	1451	OK
 656	     0	66.2	116.3	1446	OK
 657	     0	68.4	122.9	1447	OK
 658	     0	65.7	118.7	1454	OK
 659	     0	68.1	121.9	1445	OK
 660	     0	68.3	119.8	1454	OK
 661	     0	68.4	121.4	1423	OK
 662	     0	68.5	122.6	1459	OK
 663	     0	68.5	122.1	1447	OK
 664	     0	67.2	130.9	1457	OK
 665	     0	67.8	123.5	1480	OK
 666	     0	66.5	118.7	1471	OK
 667	     0	67.4	122.8	1481	OK
 668	     0	67.1	120.7	1455	OK
 669	     0	68.2	123.2	1463	OK
 670	     0	66.1	119.7	1468	OK
 671	     0	66.8	119.3	1466	OK
 672	     0	64.5	116.5	1458	OK
 673	     0	64.4	116.7	1458	OK
 674	     0	66.7	117.9	1477	OK
 675	     0	69.2	137.7	1469	OK
 676	     0	66.5	116.9	1452	OK
 677	     0	64.9	119.0	1440	OK
 678	     0	66.4	122.0	1480	OK
 679	     0	66.3	121.6	1434	OK
 680	     0	66.6	120.0	1446	OK
 681	     0	68.2	121.6	1456	OK
 682	     0	65.6	118.8	1442	OK
 683	     0	68.5	125.4	1472	OK
 684	     0	64.7	116.7	1471	OK
 685	     0	65.0	117.2	1484	OK
 686	     0	66.8	121.1	1437	OK
 687	     0	65.9	118.9	1452	OK
 688	     0	66.9	121.5	1466	OK
 689	     0	66.7	119.3	1473	OK
 690	     0	66.4	121.4	1496	OK
 691	     0	63.9	115.2	1469	OK
 692	     0	67.1	119.4	1487	OK
 693	     0	67.3	121.6	1499	OK
 694	     0	69.0	126.3	1478	OK
 695	     0	65.2	117.1	1491	OK
 696	     0	68.8	123.5	1523	OK
 697	     0	68.1	126.3	1488	OK
 698	     0	68.8	121.6	1500	OK
 699	     0	66.8	135.3	1503	OK
 700	     0	68.6	125.1	1493	OK
 701	     0	68.4	123.2	1465	OK
 702	     0	66.6	118.6	1483	OK
 703	     0	69.0	135.1	1505	OK
 704	     0	67.5	120.5	1481	OK
 705	     0	68.5	122.9	1526	OK
 706	     0	68.3	121.9	1492	OK
 707	     0	67.0	118.2	1474	OK
 708	     0	67.6	124.2	1514	OK
 709	     0	68.0	122.5	1489	OK
 710	     0	66.3	118.5	1508	OK
 711	     0	64.3	121.1	1482	OK
 712	     0	65.1	116.1	1494	OK
 713	     0	66.3	119.8	1473	OK
 714	     0	65.5	117.2	1490	OK
 715	     0	65.1	117.6	1507	OK
 716	     0	66.3	119.7	1503	OK
 717	     0	67.8	122.9	1498	OK
 718	     0	66.6	121.9	1484	OK
 719	     0	65.8	119.3	1500	OK
 720	     0	63.8	114.3	1502	OK
 721	     0	65.2	117.4	1497	OK
 722	     0	65.5	117.6	1497	OK
 723	     0	63.5	115.1	1475	OK
 724	     0	66.0	119.4	1481	OK
 725	     0	65.6	85.5	1512	OK
 726	     0	66.4	124.6	1509	OK
 727	     0	66.3	119.8	1485	OK
 728	     0	65.7	118.0	1495	OK
 729	     0	64.9	118.0	1493	OK
 730	     0	67.9	121.5	1485	OK
 731	     0	66.7	121.3	1485	OK
 732	     0	66.9	122.3	1499	OK
 733	     0	67.0	121.8	1491	OK
 734	     0	66.1	120.5	1491	OK
 735	     0	66.8	119.2	1497	OK
 736	     0	65.1	117.5	1501	OK
 737	     0	66.7	119.9	1502	OK
 738	     0	67.5	121.0	1496	OK
 739	     0	67.0	121.0	1523	OK
 740	     0	64.2	115.4	1512	OK
 741	     0	66.1	119.6	1460	OK
 742	     0	67.7	124.0	1521	OK
 743	     0	65.1	118.9	1493	OK
 744	     0	66.1	119.1	1506	OK
 745	     0	67.8	121.1	1515	OK
 746	     0	63.7	116.7	1527	OK
 747	     0	66.5	117.9	1504	OK
 748	     0	66.5	121.0	1504	OK
 749	     0	65.7	119.5	1552	OK
 750	     0	65.9	116.9	1503	OK
 751	     0	65.0	115.3	1524	OK
 752	     0	67.0	122.0	1515	OK
 753	     0	65.0	119.7	1518	OK
 754	     0	65.0	115.6	1489	OK
 755	     0	64.6	118.5	1516	OK
 756	     0	64.0	115.9	1510	OK
 757	     0	64.4	118.4	1526	OK
 758	     0	65.5	118.1	1502	OK
 759	     0	64.8	117.2	1468	OK
 760	     0	67.9	121.3	1510	OK
 761	     0	64.4	115.3	1516	OK
 762	     0	64.9	115.1	1510	OK
 763	     0	66.0	116.7	1492	OK
 764	     0	65.5	118.4	1489	OK
 765	     0	64.9	117.3	1503	OK
 766	     0	66.5	122.7	1487	OK
 767	     0	65.7	122.1	1535	OK
 768	     0	63.6	111.8	1548	OK
 769	     0	61.7	117.7	1512	OK
 770	     0	62.1	112.6	1527	OK
 771	     0	61.2	113.1	1512	OK
 772	     0	59.5	111.7	1513	OK
 773	     0	62.0	113.2	1543	OK
 774	     0	59.5	110.4	1518	OK
 775	     0	58.2	103.9	1525	OK
 776	     0	61.4	111.8	1480	OK
 777	     0	61.0	112.6	1495	OK
 778	     0	61.9	113.8	1519	OK
 779	     0	61.1	111.5	1500	OK
 780	     0	62.3	115.4	1497	OK
 781	     0	60.8	110.0	1483	OK
 782	     0	62.5	114.9	1500	OK
 783	     0	60.8	114.1	1487	OK
 784	     0	61.3	111.4	1500	OK
 785	     0	62.5	113.0	1488	OK
 786	     0	60.2	110.8	1500	OK
 787	     0	61.7	112.6	1470	OK
 788	     0	60.8	109.3	1506	OK
 789	     0	61.4	113.1	1484	OK
 790	     0	61.0	109.2	1495	OK
 791	     0	59.7	108.2	1499	OK
 792	     0	60.0	111.7	1522	OK
 793	     0	60.2	110.6	1517	OK
 794	     0	61.8	112.3	1504	OK
 795	     0	60.9	112.6	1484	OK
 796	     0	62.6	111.0	1494	OK
 797	     0	61.0	111.4	1499	OK
 798	     0	61.5	111.3	1467	OK
 799	     0	61.9	112.1	1493	OK
 800	     0	60.6	109.1	1456	OK
 801	     0	61.9	111.1	1505	OK
 802	     0	59.2	108.0	1511	OK
 803	     0	60.7	111.2	1453	OK
 804	     0	61.0	112.4	1491	OK
 805	     0	62.9	116.1	1497	OK
 806	     0	61.1	113.5	1507	OK
 807	     0	59.6	109.2	1538	OK
 808	     0	61.0	112.8	1516	OK
 809	     0	59.7	110.7	1532	OK
 810	     0	60.1	107.6	1541	OK
 811	     0	59.4	109.8	1505	OK
 812	     0	59.3	108.0	1522	OK
 813	     0	58.6	109.2	1538	OK
 814	     0	58.9	109.5	1537	OK
 815	     0	59.5	108.2	1556	OK
 816	     0	59.7	108.5	1540	OK
 817	     0	59.4	109.1	1523	OK
 818	     0	61.6	111.8	1559	OK
 819	     0	60.6	110.4	1537	OK
 820	     0	59.3	107.6	1527	OK
 821	     0	60.1	114.2	1528	OK
 822	     0	62.3	112.4	1524	OK
 823	     0	61.7	112.7	1559	OK
 824	     0	61.5	110.6	1520	OK
 825	     0	61.0	113.0	1536	OK
 826	     0	61.6	110.3	1572	OK
 827	     0	61.5	110.3	1499	OK
 828	     0	62.0	107.7	1551	OK
 829	     0	62.7	116.0	1537	OK
 830	     0	62.0	114.8	1533	OK
 831	     0	62.4	114.7	1517	OK
 832	     0	63.6	114.0	1530	OK
 833	     0	63.5	118.5	1535	OK
 834	     0	63.0	115.0	1543	OK
 835	     0	60.0	109.9	1518	OK
 836	     0	61.5	112.7	1509	OK
 837	     0	60.3	114.6	1535	OK
 838	     0	61.1	111.3	1553	OK
 839	     0	61.9	110.8	1538	OK
 840	     0	61.3	111.3	1555	OK
 841	     0	60.8	111.3	1529	OK
 842	     0	62.0	112.7	1576	OK
 843	     0	60.9	111.1	1543	OK
 844	     0	62.2	118.5	1532	OK
 845	     0	60.1	121.8	1522	OK
 846	     0	60.4	112.7	1543	OK
 847	     0	61.1	110.7	1503	OK
 848	     0	62.8	114.3	1533	OK
 849	     0	62.0	113.9	1539	OK
 850	     0	61.2	116.1	1536	OK
 851	     0	61.5	110.3	1553	OK
 852	     0	63.0	127.3	1498	OK
 853	     0	60.4	111.6	1534	OK
 854	     0	61.5	113.6	1539	OK
 855	     0	61.6	112.9	1518	OK
 856	     0	61.4	110.3	1541	OK
 857	     0	61.3	113.0	1554	OK
 858	     0	61.6	110.7	1552	OK
 859	     0	59.4	110.4	1551	OK
 860	     0	61.0	113.7	1513	OK
 861	     0	61.5	112.1	1554	OK
 862	     0	62.6	113.8	1502	OK
 863	     0	61.4	111.1	1555	OK
 864	     0	59.6	109.5	1544	OK
 865	     0	60.4	111.0	1531	OK
 866	     0	60.6	111.3	1530	OK
 867	     0	61.6	111.3	1529	OK
 868	     0	61.5	111.6	1501	OK
 869	     0	61.7	113.3	1532	OK
 870	     0	61.5	110.5	1553	OK
 871	     0	60.9	110.5	1527	OK
 872	     0	62.2	110.9	1535	OK
 873	     0	61.3	113.9	1539	OK
 874	     0	63.2	112.6	1543	OK
 875	     0	61.6	110.9	1519	OK
 876	     0	63.1	113.6	1516	OK
 877	     0	61.0	111.9	1532	OK
 878	     0	60.9	108.1	1560	OK
 879	     0	63.1	115.0	1536	OK
 880	     0	61.4	109.7	1503	OK
 881	     0	61.4	112.6	1549	OK
 882	     0	63.2	114.5	1517	OK
 883	     0	63.8	115.1	1528	OK
 884	     0	63.0	112.3	1531	OK
 885	     0	64.4	115.7	1503	OK
 886	     0	65.2	116.5	1526	OK
 887	     0	64.5	113.9	1501	OK
 888	     0	62.4	112.6	1503	OK
 889	     0	63.3	111.3	1518	OK
 890	     0	61.6	114.9	1514	OK
 891	     0	62.1	112.7	1485	OK
 892	     0	63.8	113.2	1504	OK
 893	     0	62.8	111.3	1509	OK
 894	     0	63.6	114.3	1523	OK
 895	     0	62.1	114.2	1498	OK
 896	     0	65.9	110.0	1583	OK
 897	     0	63.8	115.3	1510	OK
 898	     0	65.0	117.4	1471	OK
 899	     0	64.7	116.7	1424	OK
 900	     0	65.3	117.7	1467	OK
 901	     0	62.3	110.6	1461	OK
 902	     0	63.4	112.0	1455	OK
 903	     0	63.7	115.7	1456	OK
 904	     0	63.7	115.0	1433	OK
 905	     0	62.2	110.3	1449	OK
 906	     0	63.0	115.4	1480	OK
 907	     0	63.9	115.1	1440	OK
 908	     0	63.4	116.4	1450	OK
 909	     0	63.4	112.4	1444	OK
 910	     0	63.6	116.1	1449	OK
 911	     0	63.5	113.7	1462	OK
 912	     0	64.7	117.6	1425	OK
 913	     0	63.4	107.9	1494	OK
 914	     0	62.3	113.5	1466	OK
 915	     0	62.8	114.4	1451	OK
 916	     0	63.1	111.4	1438	OK
 917	     0	63.5	114.3	1480	OK
 918	     0	63.4	116.0	1455	OK
 919	     0	62.3	111.0	1476	OK
 920	     0	63.2	112.6	1526	OK
 921	     0	62.7	111.4	1467	OK
 922	     0	63.5	114.1	1523	OK
 923	     0	62.5	111.6	1495	OK
 924	     0	62.3	112.3	1506	OK
 925	     0	61.4	110.6	1495	OK
 926	     0	64.2	117.4	1493	OK
 927	     0	62.2	112.0	1526	OK
 928	     0	63.0	111.4	1500	OK
 929	     0	63.3	111.3	1534	OK
 930	     0	62.9	115.2	1495	OK
 931	     0	64.4	120.0	1515	OK
 932	     0	64.5	115.7	1509	OK
 933	     0	63.5	112.1	1512	OK
 934	     0	63.6	114.1	1507	OK
 935	     0	63.5	113.8	1497	OK
 936	     0	63.1	113.8	1525	OK
 937	     0	63.4	113.7	1538	OK
 938	     0	62.4	112.7	1525	OK
 939	     0	62.5	109.6	1540	OK
 940	     0	63.1	113.8	1532	OK
 941	     0	63.8	111.9	1553	OK
 942	     0	62.8	116.7	1493	OK
 943	     0	62.4	110.5	1516	OK
 944	     0	62.3	113.8	1509	OK
 945	     0	62.8	110.7	1537	OK
 946	     0	64.0	112.2	1556	OK
 947	     0	62.1	111.9	1511	OK
 948	     0	62.1	111.5	1532	OK
 949	     0	62.6	109.9	1569	OK
 950	     0	65.6	120.1	1537	OK
 951	     0	63.9	114.8	1524	OK
 952	     0	64.7	114.7	1561	OK
 953	     0	64.4	115.2	1537	OK
 954	     0	64.6	117.2	1534	OK
 955	     0	65.0	116.7	1550	OK
 956	     0	66.9	120.5	1526	OK
 957	     0	64.9	114.4	1565	OK
 958	     0	65.3	114.3	1554	OK
 959	     0	63.2	114.0	1556	OK
 960	     0	65.5	120.0	1542	OK
 961	     0	64.6	114.2	1580	OK
 962	     0	66.4	116.9	1554	OK
 963	     0	64.0	113.3	1521	OK
 964	     0	64.4	112.7	1524	OK
 965	     0	65.2	113.9	1562	OK
 966	     0	62.0	113.4	1521	OK
 967	     0	62.6	113.7	1551	OK
 968	     0	64.9	117.7	1546	OK
 969	     0	63.8	114.5	1571	OK
 970	     0	63.8	114.0	1523	OK
 971	     0	63.0	113.0	1545	OK
 972	     0	61.5	113.4	1551	OK
 973	     0	63.7	118.2	1545	OK
 974	     0	60.8	110.0	1532	OK
 975	     0	63.8	116.6	1513	OK
 976	     0	62.9	111.8	1544	OK
 977	     0	64.7	115.0	1537	OK
 978	     0	62.7	112.8	1590	OK
 979	     0	62.1	109.9	1538	OK
 980	     0	63.6	115.1	1536	OK
 981	     0	62.6	112.8	1538	OK
 982	     0	62.4	111.0	1520	OK
 983	     0	63.1	111.3	1586	OK
 984	     0	63.9	112.9	1548	OK
 985	     0	62.4	111.0	1536	OK
 986	     0	63.0	112.4	1517	OK
 987	     0	61.9	112.4	1545	OK
 988	     0	63.2	112.5	1499	OK
 989	     0	63.2	114.2	1557	OK
 990	     0	62.5	111.4	1582	OK
 991	     0	62.8	115.9	1539	OK
 992	     0	63.6	115.6	1531	OK
 993	     0	61.5	111.8	1538	OK
 994	     0	61.4	110.8	1530	OK
 995	     0	63.9	122.3	1529	OK
 996	     0	62.1	110.5	1540	OK
 997	     0	63.7	112.2	1527	OK
 998	     0	62.6	113.8	1558	OK
 999	     0	61.3	111.3	1553	OK
1000	     0	63.2	110.2	1562	OK
1001	     0	62.3	111.8	1566	OK
1002	     0	63.1	113.8	1545	OK
1003	     0	62.8	112.9	1551	OK
1004	     0	63.0	112.9	1564	OK
1005	     0	61.6	112.3	1535	OK
1006	     0	64.7	116.2	1530	OK
1007	     0	62.4	113.6	1533	OK
1008	     0	63.0	111.7	1545	OK
1009	     0	62.8	114.4	1506	OK
1010	     0	61.7	113.8	1548	OK
1011	     0	63.0	117.5	1504	OK
1012	     0	62.7	112.3	1561	OK
1013	     0	62.8	111.1	1572	OK
1014	     0	63.9	113.5	1524	OK
1015	     0	63.9	114.9	1535	OK
1016	     0	62.5	113.1	1512	OK
1017	     0	62.9	113.5	1549	OK
1018	     0	64.1	116.5	1488	OK
1019	     0	65.1	114.9	1548	OK
1020	     0	61.9	112.8	1498	OK
1021	     0	61.5	111.7	1494	OK
1022	     0	64.4	117.6	1509	OK
1023	     0	63.3	118.1	1486	OK
1024	     0	64.6	115.1	1515	OK
1025	     0	65.6	114.1	1540	OK
1026	     0	63.5	116.1	1520	OK
1027	     0	62.4	113.8	1516	OK
1028	     0	62.4	117.6	1506	OK
1029	     0	62.0	111.3	1483	OK
1030	     0	62.6	112.9	1502	OK
1031	     0	62.3	107.2	1511	OK
1032	     0	62.0	110.7	1501	OK
1033	     0	61.5	107.0	1524	OK
1034	     0	62.4	112.2	1499	OK
1035	     0	61.0	108.3	1519	OK
1036	     0	63.1	115.1	1513	OK
1037	     0	63.6	115.2	1526	OK
1038	     0	61.6	112.7	1513	OK
1039	     0	60.9	110.0	1476	OK
1040	     0	62.6	114.1	1541	OK
1041	     0	62.4	112.2	1494	OK
1042	     0	61.1	111.3	1522	OK
1043	     0	61.3	110.6	1516	OK
1044	     0	63.0	114.8	1511	OK
1045	     0	62.3	112.3	1520	OK
1046	     0	62.2	111.0	1468	OK
1047	     0	62.1	112.4	1537	OK
1048	     0	61.9	114.0	1493	OK
1049	     0	63.2	111.9	1539	OK
1050	     0	63.6	115.5	1536	OK
1051	     0	65.5	114.0	1534	OK
1052	     0	64.0	114.3	1506	OK
1053	     0	65.1	117.7	1534	OK
1054	     0	64.7	113.9	1522	OK
1055	     0	63.8	111.8	1516	OK
1056	     0	65.6	113.7	1515	OK
1057	     0	61.0	112.4	1541	OK
1058	     0	63.9	113.9	1521	OK
1059	     0	62.3	112.6	1519	OK
1060	     0	64.5	116.0	1530	OK
1061	     0	63.6	109.9	1545	OK
1062	     0	61.7	111.1	1520	OK
1063	     0	62.6	112.7	1501	OK
1064	     0	62.5	111.3	1489	OK
1065	     0	63.0	111.4	1508	OK
1066	     0	64.1	111.6	1523	OK
1067	     0	63.2	112.2	1521	OK
1068	     0	63.7	114.9	1520	OK
1069	     0	62.7	111.8	1531	OK
1070	     0	63.6	113.8	1573	OK
1071	     0	63.6	114.6	1491	OK
1072	     0	62.2	111.5	1514	OK
1073	     0	61.9	112.7	1491	OK
1074	     0	61.7	112.9	1536	OK
1075	     0	62.4	114.3	1519	OK
1076	     0	63.6	111.5	1536	OK
1077	     0	63.1	111.5	1559	OK
1078	     0	63.9	113.8	1519	OK
1079	     0	63.1	114.1	1516	OK
1080	     0	62.5	113.6	1480	OK
1081	     0	63.9	111.9	1540	OK
1082	     0	65.0	112.8	1538	OK
1083	     0	65.5	114.1	1561	OK
1084	     0	63.0	113.4	1539	OK
1085	     0	62.5	111.3	1565	OK
1086	     0	65.0	116.1	1549	OK
1087	     0	65.1	118.4	1542	OK
1088	     0	65.2	116.3	1552	OK
1089	     0	62.1	115.1	1508	OK
1090	     0	64.1	113.9	1527	OK
1091	     0	62.7	111.8	1551	OK
1092	     0	62.6	113.1	1564	OK
1093	     0	62.9	122.9	1552	OK
1094	     0	63.5	112.8	1540	OK
1095	     0	63.7	112.2	1514	OK
1096	     0	64.8	115.6	1517	OK
1097	     0	66.7	117.3	1551	OK
1098	     0	64.5	117.1	1540	OK
1099	     0	61.8	110.2	1529	OK
1100	     0	62.4	114.1	1545	OK
1101	     0	62.2	109.3	1550	OK
1102	     0	62.7	114.3	1539	OK
1103	     0	63.0	115.7	1535	OK
1104	     0	61.0	110.8	1529	OK
1105	     0	63.1	112.8	1527	OK
1106	     0	64.4	116.8	1543	OK
1107	     0	61.6	115.9	1508	OK
1108	     0	61.4	109.7	1525	OK
1109	     0	63.2	113.7	1520	OK
1110	     0	63.8	110.9	1527	OK
1111	     0	60.4	108.5	1518	OK
1112	     0	63.2	108.6	1551	OK
1113	     0	62.8	113.9	1515	OK
1114	     0	63.1	112.9	1546	OK
1115	     0	61.6	106.9	1525	OK
1116	     0	63.2	114.9	1518	OK
1117	     0	62.7	113.1	1509	OK
1118	     0	62.4	111.8	1528	OK
1119	     0	63.8	107.9	1497	OK
1120	     0	63.3	111.4	1522	OK
1121	     0	62.1	118.9	1521	OK
1122	     0	62.8	119.6	1550	OK
1123	     0	62.7	112.7	1535	OK
1124	     0	63.2	113.0	1527	OK
1125	     0	62.5	176.3	1573	OK
1126	     0	62.4	109.8	1535	OK
1127	     0	65.0	115.6	1551	OK
1128	     0	64.6	114.3	1528	OK
1129	     0	63.5	112.1	1536	OK
1130	     0	62.8	112.8	1547	OK
1131	     0	63.9	115.6	1546	OK
1132	     0	62.2	109.8	1518	OK
1133	     0	65.2	115.2	1547	OK
1134	     0	63.3	112.4	1545	OK
1135	     0	63.1	114.1	1514	OK
1136	     0	61.5	110.8	1550	OK
1137	     0	62.4	114.0	1522	OK
1138	     0	63.9	114.7	1533	OK
1139	     0	63.0	114.0	1512	OK
1140	     0	64.2	115.9	1498	OK
1141	     0	64.8	113.9	1532	OK
1142	     0	62.6	111.7	1501	OK
1143	     0	63.6	113.4	1530	OK
1144	     0	63.7	114.2	1494	OK
1145	     0	63.8	115.0	1519	OK
1146	     0	64.6	114.3	1527	OK
1147	     0	64.6	117.1	1565	OK
1148	     0	64.1	112.8	1512	OK
1149	     0	62.6	114.0	1570	OK
1150	     0	65.2	113.8	1602	OK
1151	  4000	65.3	108.5	1662	high noise
1152	     0	62.1	113.8	1494	OK
1153	     0	62.3	121.9	1528	OK
1154	     0	63.3	112.9	1531	OK
1155	     0	62.0	114.6	1502	OK
1156	     0	62.6	115.9	1503	OK
1157	     0	64.4	119.0	1517	OK
1158	     0	64.0	115.1	1535	OK
1159	     0	62.0	116.4	1509	OK
1160	     0	64.3	113.0	1511	OK
1161	     0	64.1	116.0	1546	OK
1162	     0	62.8	115.4	1526	OK
1163	     0	63.5	116.6	1542	OK
1164	     0	61.4	115.4	1567	OK
1165	     0	60.9	112.8	1524	OK
1166	     0	62.2	112.9	1515	OK
1167	     0	61.1	110.3	1516	OK
1168	     0	62.2	113.5	1496	OK
1169	     0	62.9	112.6	1512	OK
1170	     0	62.3	111.5	1502	OK
1171	     0	63.6	115.3	1521	OK
1172	     0	61.9	114.9	1517	OK
1173	     0	63.6	114.7	1551	OK
1174	     0	63.3	117.4	1516	OK
1175	     0	61.6	114.4	1507	OK
1176	     0	62.8	116.5	1515	OK
1177	     0	61.8	112.0	1501	OK
1178	     0	62.8	111.5	1493	OK
1179	     0	63.4	116.4	1523	OK
1180	     0	62.4	111.3	1519	OK
1181	     0	62.5	114.6	1514	OK
1182	     0	61.4	110.0	1536	OK
1183	     0	60.6	110.5	1500	OK
1184	     0	61.0	112.2	1511	OK
1185	     0	62.1	114.5	1505	OK
1186	     0	62.2	115.5	1508	OK
1187	     0	63.3	115.6	1528	OK
1188	     0	61.9	112.4	1548	OK
1189	     0	62.4	116.0	1486	OK
1190	     0	61.6	113.3	1528	OK
1191	     0	62.1	111.2	1529	OK
1192	     0	62.2	112.9	1488	OK
1193	     0	62.6	114.6	1488	OK
1194	     0	61.3	113.4	1507	OK
1195	     0	62.1	117.8	1526	OK
1196	     0	63.8	112.9	1524	OK
1197	     0	61.6	110.7	1500	OK
1198	     0	63.1	113.4	1528	OK
1199	     0	61.8	111.4	1519	OK
1200	     0	64.1	115.2	1538	OK
1201	     0	63.1	116.9	1515	OK
1202	     0	62.6	112.1	1535	OK
1203	     0	60.2	112.6	1544	OK
1204	     0	63.1	115.7	1522	OK
1205	     0	63.3	114.0	1538	OK
1206	     0	61.9	113.7	1579	OK
1207	     0	65.1	110.6	1547	OK
1208	     0	61.8	113.8	1537	OK
1209	     0	62.6	113.9	1531	OK
1210	     0	62.8	111.9	1509	OK
1211	     0	61.1	108.7	1530	OK
1212	     0	62.2	113.9	1530	OK
1213	     0	63.2	115.9	1530	OK
1214	     0	61.2	113.1	1525	OK
1215	     0	63.2	113.4	1504	OK
1216	     0	61.6	114.0	1528	OK
1217	     0	63.1	115.8	1508	OK
1218	     0	62.3	112.1	1545	OK
1219	     0	63.4	114.0	1515	OK
1220	     0	62.3	114.3	1520	OK
1221	     0	61.5	111.0	1520	OK
1222	     0	61.8	109.9	1518	OK
1223	     0	61.9	111.9	1514	OK
1224	     0	61.3	111.1	1547	OK
1225	     0	62.3	115.3	1504	OK
1226	     0	62.6	109.9	1550	OK
1227	     0	60.9	108.6	1504	OK
1228	     0	62.6	113.8	1535	OK
1229	     0	62.6	113.2	1556	OK
1230	     0	62.7	111.0	1544	OK
1231	     0	61.5	109.5	1505	OK
1232	     0	62.7	109.9	1511	OK
1233	     0	62.5	114.5	1548	OK
1234	     0	63.0	110.5	1507	OK
1235	     0	61.0	110.1	1495	OK
1236	     0	62.3	113.4	1541	OK
1237	     0	61.5	114.0	1524	OK
1238	     0	61.7	111.7	1547	OK
1239	     0	62.2	112.8	1523	OK
1240	     0	62.1	112.0	1550	OK
1241	     0	62.9	118.6	1522	OK
1242	     0	62.7	112.2	1489	OK
1243	     0	60.8	111.7	1531	OK
1244	     0	61.7	112.1	1484	OK
1245	     0	59.7	107.1	1538	OK
1246	     0	61.4	112.9	1526	OK
1247	     0	61.7	110.3	1536	OK
1248	     0	62.5	113.2	1519	OK
1249	     0	61.6	113.7	1534	OK
1250	     0	63.3	116.3	1499	OK
1251	     0	60.8	108.7	1509	OK
1252	     0	60.7	108.8	1502	OK
1253	     0	61.1	112.8	1529	OK
1254	     0	60.5	109.5	1512	OK
1255	     0	62.7	109.4	1520	OK
1256	     0	60.3	108.1	1535	OK
1257	     0	62.1	120.3	1530	OK
1258	     0	59.7	108.1	1505	OK
1259	     0	62.3	110.8	1503	OK
1260	     0	62.3	112.6	1511	OK
1261	     0	62.1	111.5	1529	OK
1262	     0	61.7	116.8	1500	OK
1263	     0	60.0	114.6	1531	OK
1264	     0	61.1	109.6	1482	OK
1265	     0	61.8	113.4	1505	OK
1266	     0	62.7	111.9	1535	OK
1267	     0	60.8	110.3	1519	OK
1268	     0	62.3	112.6	1492	OK
1269	     0	61.9	110.3	1554	OK
1270	     0	61.7	111.5	1514	OK
1271	     0	60.7	109.8	1508	OK
1272	     0	62.4	110.8	1547	OK
1273	     0	61.8	114.6	1526	OK
1274	     0	62.2	111.0	1533	OK
1275	     0	62.4	114.9	1480	OK
1276	     0	63.5	112.7	1520	OK
1277	     0	61.6	112.9	1550	OK
1278	     0	64.1	128.8	1527	OK
1279	     0	62.2	113.5	1561	OK
1280	     0	68.0	123.3	1440	OK
1281	     0	68.0	119.7	1423	OK
1282	     0	68.0	124.9	1447	OK
1283	     0	70.4	126.6	1469	OK
1284	     0	70.1	125.5	1407	OK
1285	     0	68.3	122.3	1411	OK
1286	     0	70.9	126.2	1423	OK
1287	     0	70.7	128.4	1441	OK
1288	     0	69.3	125.0	1464	OK
1289	     0	68.9	124.8	1433	OK
1290	     0	66.6	118.2	1421	OK
1291	     0	70.9	129.2	1406	OK
1292	     0	69.6	125.5	1415	OK
1293	     0	67.7	121.6	1414	OK
1294	     0	71.9	128.4	1413	OK
1295	     0	68.3	125.7	1386	OK
1296	     0	69.0	124.6	1430	OK
1297	     0	67.6	121.4	1433	OK
1298	     0	68.3	123.0	1408	OK
1299	     0	68.7	124.7	1439	OK
1300	     0	69.0	122.4	1435	OK
1301	     0	67.5	123.2	1409	OK
1302	     0	66.7	119.7	1432	OK
1303	     0	67.1	121.2	1409	OK
1304	     0	69.1	125.9	1477	OK
1305	     0	65.9	121.9	1410	OK
1306	     0	67.1	125.1	1432	OK
1307	     0	67.8	130.0	1441	OK
1308	     0	66.6	120.5	1423	OK
1309	     0	66.2	118.0	1420	OK
1310	     0	68.7	123.2	1413	OK
1311	     0	68.8	127.8	1440	OK
1312	     0	66.7	122.5	1420	OK
1313	     0	67.4	119.1	1412	OK
1314	     0	68.9	125.7	1435	OK
1315	     0	66.9	123.2	1436	OK
1316	     0	69.1	121.8	1419	OK
1317	     0	68.6	122.9	1414	OK
1318	     0	67.0	120.9	1418	OK
1319	     0	66.8	120.1	1428	OK
1320	     0	69.7	124.1	1433	OK
1321	     0	67.9	123.6	1412	OK
1322	     0	67.2	122.0	1400	OK
1323	     0	68.2	123.1	1425	OK
1324	     0	66.9	120.4	1421	OK
1325	     0	68.4	122.3	1415	OK
1326	     0	67.6	120.2	1421	OK
1327	     0	67.3	123.4	1422	OK
1328	     0	68.8	122.3	1458	OK
1329	     0	67.0	121.3	1454	OK
1330	     0	67.8	123.1	1431	OK
1331	     0	66.7	118.6	1415	OK
1332	     0	69.8	122.7	1463	OK
1333	     0	69.1	124.8	1419	OK
1334	     0	67.3	122.0	1448	OK
1335	     0	68.3	124.5	1452	OK
1336	     0	66.5	120.1	1484	OK
1337	     0	67.9	122.9	1408	OK
1338	     0	66.9	122.8	1434	OK
1339	     0	68.4	123.5	1439	OK
1340	     0	68.4	121.2	1447	OK
1341	     0	67.2	122.9	1437	OK
1342	     0	71.1	123.5	1429	OK
1343	     0	70.4	125.4	1450	OK
1344	     0	67.9	122.5	1427	OK
1345	     0	68.7	124.0	1435	OK
1346	     0	66.3	119.1	1454	OK
1347	     0	66.9	123.5	1449	OK
1348	     0	66.8	119.9	1429	OK
1349	     0	68.0	120.6	1445	OK
1350	     0	66.1	118.7	1433	OK
1351	     0	66.7	120.7	1428	OK
1352	     0	67.7	121.8	1445	OK
1353	     0	68.1	102.4	1474	OK
1354	     0	68.4	125.1	1446	OK
1355	     0	66.6	121.2	1471	OK
1356	     0	67.0	121.7	1451	OK
1357	     0	66.7	120.4	1475	OK
1358	     0	68.8	122.4	1421	OK
1359	     0	65.6	118.7	1437	OK
1360	     0	66.2	117.5	1440	OK
1361	     0	67.1	121.4	1455	OK
1362	     0	66.6	120.3	1429	OK
1363	     0	67.4	120.8	1460	OK
1364	     0	68.4	121.6	1428	OK
1365	     0	67.0	121.6	1432	OK
1366	     0	67.3	121.6	1468	OK
1367	     0	66.4	121.3	1453	OK
1368	     0	66.7	124.1	1430	OK
1369	     0	64.8	117.3	1448	OK
1370	     0	65.5	117.6	1444	OK
1371	     0	66.7	121.4	1413	OK
1372	     0	66.2	116.8	1443	OK
1373	     0	67.0	120.2	1424	OK
1374	     0	67.0	123.6	1449	OK
1375	     0	67.7	121.8	1426	OK
1376	     0	65.1	118.2	1449	OK
1377	     0	64.1	116.9	1445	OK
1378	     0	67.6	122.3	1448	OK
1379	     0	67.6	120.9	1450	OK
1380	     0	67.6	123.0	1437	OK
1381	     0	66.7	120.4	1434	OK
1382	     0	65.8	118.6	1419	OK
1383	     0	65.5	118.0	1457	OK
1384	     0	65.0	118.8	1448	OK
1385	     0	65.9	119.6	1447	OK
1386	     0	67.3	119.6	1446	OK
1387	     0	66.8	122.5	1450	OK
1388	     0	66.1	115.9	1451	OK
1389	     0	66.1	118.4	1463	OK
1390	     0	67.4	122.4	1448	OK
1391	     0	68.8	123.2	1439	OK
1392	     0	67.4	119.7	1437	OK
1393	     0	68.4	125.0	1444	OK
1394	     0	66.2	118.7	1423	OK
1395	     0	66.1	120.0	1435	OK
1396	     0	67.3	121.9	1460	OK
1397	     0	68.9	125.5	1460	OK
1398	     0	66.0	120.5	1458	OK
1399	     0	68.6	126.3	1425	OK
1400	     0	66.7	122.3	1444	OK
1401	     0	66.8	117.5	1458	OK
1402	     0	67.3	119.8	1443	OK
1403	     0	68.9	121.1	1442	OK
1404	     0	68.4	124.9	1454	OK
1405	     0	68.5	121.3	1436	OK
1406	     0	67.3	123.3	1435	OK
1407	     0	69.1	122.9	1475	OK
1408	     0	69.7	124.9	1434	OK
1409	     0	67.5	120.1	1440	OK
1410	     0	67.8	122.3	1448	OK
1411	     0	68.1	125.4	1462	OK
1412	     0	65.6	121.4	1425	OK
1413	     0	67.2	123.6	1430	OK
1414	     0	65.5	117.6	1404	OK
1415	     0	66.3	119.3	1447	OK
1416	     0	68.5	122.2	1441	OK
1417	     0	65.0	120.4	1445	OK
1418	     0	68.4	118.5	1444	OK
1419	     0	65.6	118.2	1455	OK
1420	     0	64.0	117.4	1442	OK
1421	     0	65.2	118.6	1440	OK
1422	     0	65.6	119.0	1464	OK
1423	     0	67.3	120.7	1420	OK
1424	     0	65.4	119.2	1445	OK
1425	     0	66.3	118.5	1408	OK
1426	     0	66.1	120.1	1444	OK
1427	     0	63.8	116.9	1443	OK
1428	     0	66.3	120.3	1443	OK
1429	     0	67.0	123.8	1410	OK
1430	     0	66.9	120.7	1479	OK
1431	     0	66.3	119.7	1451	OK
1432	     0	65.2	117.4	1470	OK
1433	     0	65.5	117.3	1428	OK
1434	     0	65.2	117.4	1437	OK
1435	     0	65.8	121.6	1461	OK
1436	     0	67.2	122.4	1452	OK
1437	     0	65.1	120.2	1427	OK
1438	     0	65.6	120.7	1460	OK
1439	     0	66.2	119.5	1469	OK
1440	     0	64.9	118.7	1464	OK
1441	     0	65.5	119.8	1456	OK
1442	     0	65.4	115.5	1465	OK
1443	     0	67.0	121.6	1455	OK
1444	     0	66.9	122.3	1438	OK
1445	     0	64.9	119.0	1464	OK
1446	     0	66.8	117.9	1476	OK
1447	     0	65.5	118.4	1463	OK
1448	     0	67.0	120.7	1442	OK
1449	     0	65.3	120.0	1489	OK
1450	     0	65.0	120.2	1441	OK
1451	     0	63.8	118.1	1432	OK
1452	     0	64.6	116.3	1473	OK
1453	     0	64.1	119.5	1468	OK
1454	     0	64.5	117.0	1447	OK
1455	     0	66.9	120.1	1476	OK
1456	     0	66.3	122.4	1448	OK
1457	     0	64.3	118.8	1420	OK
1458	     0	66.1	119.3	1460	OK
1459	     0	67.5	121.9	1467	OK
1460	     0	65.6	122.1	1481	OK
1461	     0	66.7	119.1	1442	OK
1462	     0	66.1	118.3	1480	OK
1463	     0	65.0	118.6	1447	OK
1464	     0	66.2	119.9	1480	OK
1465	     0	68.1	123.9	1456	OK
1466	     0	63.9	117.0	1491	OK
1467	     0	63.8	118.3	1468	OK
1468	     0	65.1	120.6	1493	OK
1469	     0	65.9	118.3	1454	OK
1470	     0	66.3	120.5	1440	OK
1471	     0	70.0	125.3	1466	OK
1472	     0	65.7	116.7	1467	OK
1473	     0	64.9	118.5	1461	OK
1474	     0	65.9	121.0	1476	OK
1475	     0	65.4	117.6	1498	OK
1476	     0	64.1	118.0	1458	OK
1477	     0	66.6	122.1	1480	OK
1478	     0	63.2	116.3	1476	OK
1479	     0	63.8	113.7	1460	OK
1480	     0	65.9	120.0	1448	OK
1481	     0	66.1	120.7	1447	OK
1482	     0	63.1	117.4	1471	OK
1483	     0	66.3	119.3	1456	OK
1484	     0	64.2	116.6	1485	OK
1485	     0	65.2	119.6	1468	OK
1486	     0	64.0	117.6	1469	OK
1487	     0	64.7	120.3	1485	OK
1488	     0	65.7	118.0	1462	OK
1489	     0	65.3	123.0	1447	OK
1490	     0	62.4	113.7	1473	OK
1491	     0	64.2	117.5	1464	OK
1492	     0	64.2	116.8	1499	OK
1493	     0	65.4	118.1	1464	OK
1494	     0	64.5	118.1	1463	OK
1495	     0	65.1	119.7	1482	OK
1496	     0	67.1	121.8	1470	OK
1497	     0	64.1	118.7	1464	OK
1498	     0	66.5	121.2	1471	OK
1499	     0	64.1	116.4	1431	OK
1500	     0	64.2	115.6	1455	OK
1501	     0	63.9	116.8	1474	OK
1502	     0	64.2	117.1	1465	OK
1503	     0	63.9	120.3	1452	OK
1504	     0	65.0	116.9	1459	OK
1505	     0	64.5	119.8	1449	OK
1506	     0	65.2	119.8	1461	OK
1507	     0	64.1	115.4	1439	OK
1508	     0	64.2	117.2	1466	OK
1509	     0	66.6	129.4	1463	OK
1510	     0	64.5	117.5	1467	OK
1511	     0	64.4	120.0	1478	OK
1512	     0	63.4	115.1	1476	OK
1513	     0	63.7	117.9	1467	OK
1514	     0	64.7	117.4	1468	OK
1515	     0	63.2	116.2	1460	OK
1516	     0	65.1	120.2	1480	OK
1517	     0	66.4	121.8	1439	OK
1518	     0	62.6	115.2	1455	OK
1519	     0	65.2	118.1	1476	OK
1520	     0	64.6	118.7	1469	OK
1521	     0	64.3	116.4	1478	OK
1522	     0	65.2	115.9	1456	OK
1523	     0	65.1	120.6	1464	OK
1524	     0	66.3	119.5	1480	OK
1525	     0	62.7	116.1	1458	OK
1526	     0	63.1	116.1	1449	OK
1527	     0	63.7	116.5	1462	OK
1528	     0	66.6	121.9	1457	OK
1529	     0	67.7	125.0	1464	OK
1530	     0	64.9	118.8	1451	OK
1531	     0	64.2	116.3	1438	OK
1532	     0	66.7	121.7	1476	OK
1533	     0	65.8	121.8	1446	OK
1534	     0	66.3	120.7	1452	OK
1535	     0	66.4	120.0	1444	OK
1536	     0	63.1	119.9	1433	OK
1537	     0	65.4	117.5	1426	OK
1538	     0	63.2	117.1	1443	OK
1539	     0	64.6	119.0	1455	OK
1540	     0	65.3	121.9	1461	OK
1541	     0	63.6	119.5	1452	OK
1542	     0	65.3	121.1	1472	OK
1543	     0	62.7	116.7	1458	OK
1544	     0	64.9	119.7	1435	OK
1545	     0	62.8	115.1	1407	OK
1546	     0	64.0	117.4	1449	OK
1547	     0	64.7	118.8	1442	OK
1548	     0	65.0	117.9	1428	OK
1549	     0	64.3	116.8	1419	OK
1550	     0	63.6	117.2	1455	OK
1551	     0	63.3	116.9	1482	OK
1552	     0	64.8	118.7	1431	OK
1553	     0	63.6	116.7	1441	OK
1554	     0	63.0	115.6	1438	OK
1555	     0	63.2	116.9	1437	OK
1556	     0	63.2	118.9	1463	OK
1557	     0	64.9	120.8	1455	OK
1558	     0	62.2	113.4	1451	OK
1559	     0	65.9	119.6	1440	OK
1560	     0	64.8	117.0	1459	OK
1561	     0	64.7	117.8	1442	OK
1562	     0	64.9	117.7	1445	OK
1563	     0	65.2	119.9	1425	OK
1564	     0	64.6	119.8	1459	OK
1565	     0	63.6	117.9	1440	OK
1566	     0	63.6	118.4	1445	OK
1567	     0	64.7	120.6	1438	OK
1568	     0	63.9	115.1	1447	OK
1569	     0	63.5	119.6	1468	OK
1570	     0	65.5	118.3	1441	OK
1571	     0	65.5	118.6	1454	OK
1572	     0	62.8	118.9	1440	OK
1573	     0	64.9	117.8	1443	OK
1574	     0	64.6	117.9	1451	OK
1575	     0	64.8	117.2	1450	OK
1576	     0	63.6	118.4	1455	OK
1577	     0	64.7	115.5	1450	OK
1578	     0	64.0	117.1	1454	OK
1579	     0	65.0	119.4	1435	OK
1580	     0	65.7	120.1	1449	OK
1581	     0	63.6	116.6	1447	OK
1582	     0	63.2	114.5	1448	OK
1583	     0	62.7	116.5	1433	OK
1584	     0	64.1	118.0	1455	OK
1585	     0	65.3	121.8	1470	OK
1586	     0	62.5	115.6	1463	OK
1587	     0	63.4	116.9	1448	OK
1588	     0	63.2	118.2	1479	OK
1589	     0	65.6	119.9	1456	OK
1590	     0	66.3	122.6	1455	OK
1591	     0	65.7	121.2	1428	OK
1592	     0	63.0	116.4	1475	OK
1593	     0	64.3	117.5	1464	OK
1594	     0	66.3	119.3	1447	OK
1595	     0	66.3	120.1	1447	OK
1596	     0	64.9	116.7	1434	OK
1597	     0	65.0	121.8	1432	OK
1598	     0	66.6	118.9	1488	OK
1599	     0	67.1	121.3	1453	OK
1600	     0	65.3	118.9	1460	OK
1601	     0	65.8	124.6	1434	OK
1602	     0	66.0	122.5	1396	OK
1603	     0	66.0	122.8	1462	OK
1604	     0	64.6	116.6	1453	OK
1605	     0	65.9	121.6	1471	OK
1606	     0	63.6	116.6	1448	OK
1607	     0	65.1	117.7	1438	OK
1608	     0	65.0	118.2	1455	OK
1609	     0	64.7	117.9	1480	OK
1610	     0	66.0	120.9	1447	OK
1611	     0	66.1	121.0	1442	OK
1612	     0	63.8	120.1	1436	OK
1613	     0	65.2	120.0	1436	OK
1614	     0	64.5	117.2	1421	OK
1615	     0	65.4	119.3	1421	OK
1616	     0	64.0	117.8	1442	OK
1617	     0	65.9	121.0	1438	OK
1618	     0	65.2	117.4	1433	OK
1619	     0	64.1	120.0	1450	OK
1620	     0	65.3	120.1	1429	OK
1621	     0	63.4	114.9	1445	OK
1622	     0	64.9	119.4	1443	OK
1623	     0	65.5	119.3	1425	OK
1624	     0	66.7	122.1	1438	OK
1625	     0	63.6	115.5	1464	OK
1626	     0	64.6	120.3	1446	OK
1627	     0	65.6	117.9	1446	OK
1628	     0	64.9	116.1	1418	OK
1629	     0	63.8	117.7	1464	OK
1630	     0	65.5	121.0	1415	OK
1631	     0	65.9	119.4	1429	OK
1632	     0	64.8	117.6	1433	OK
1633	     0	65.1	118.7	1439	OK
1634	     0	64.1	116.5	1464	OK
1635	     0	64.2	117.5	1443	OK
1636	     0	64.4	116.7	1445	OK
1637	     0	64.6	123.6	1432	OK
1638	     0	63.6	115.3	1441	OK
1639	     0	65.9	123.5	1408	OK
1640	     0	67.8	123.2	1427	OK
1641	     0	66.4	121.0	1435	OK
1642	     0	65.0	114.5	1414	OK
1643	     0	64.1	118.1	1429	OK
1644	     0	64.2	119.7	1446	OK
1645	     0	65.4	118.7	1396	OK
1646	     0	65.7	121.2	1421	OK
1647	     0	66.2	118.0	1434	OK
1648	     0	63.9	118.9	1409	OK
1649	     0	67.2	122.6	1427	OK
1650	     0	66.6	119.3	1426	OK
1651	     0	65.9	119.8	1426	OK
1652	     0	67.1	120.0	1428	OK
1653	     0	65.4	117.0	1431	OK
1654	     0	65.5	119.7	1426	OK
1655	     0	66.0	120.5	1402	OK
1656	     0	64.5	116.3	1413	OK
1657	     0	65.6	122.2	1422	OK
1658	     0	65.7	119.7	1409	OK
1659	     0	65.8	118.6	1449	OK
1660	     0	65.3	119.5	1415	OK
1661	     0	66.7	117.0	1445	OK
1662	     0	66.7	120.9	1439	OK
1663	     0	67.5	122.0	1436	OK
1664	     0	69.0	124.4	1399	OK
1665	     0	69.6	127.8	1406	OK
1666	     0	68.6	121.4	1398	OK
1667	     0	69.4	126.4	1388	OK
1668	     0	68.9	121.9	1390	OK
1669	     0	69.3	125.2	1390	OK
1670	     0	69.7	124.4	1398	OK
1671	     0	68.9	121.8	1391	OK
1672	     0	66.3	119.7	1398	OK
1673	     0	67.9	122.2	1390	OK
1674	     0	67.5	122.0	1391	OK
1675	     0	69.0	124.8	1400	OK
1676	     0	65.8	118.7	1398	OK
1677	     0	67.0	120.7	1388	OK
1678	     0	68.8	124.0	1384	OK
1679	     0	68.9	124.5	1415	OK
1680	     0	68.9	127.1	1410	OK
1681	     0	66.6	123.8	1385	OK
1682	     0	65.6	123.2	1391	OK
1683	     0	67.8	125.2	1390	OK
1684	     0	67.8	123.7	1377	OK
1685	     0	68.3	122.8	1401	OK
1686	     0	68.0	121.6	1427	OK
1687	     0	68.1	123.8	1384	OK
1688	     0	66.4	121.5	1419	OK
1689	     0	65.6	118.0	1414	OK
1690	     0	68.8	128.5	1419	OK
1691	     0	66.8	121.4	1402	OK
1692	     0	68.0	124.2	1401	OK
1693	     0	65.6	121.2	1382	OK
1694	     0	68.5	120.5	1388	OK
1695	     0	68.5	124.2	1380	OK
1696	     0	65.5	119.6	1404	OK
1697	     0	68.5	124.9	1410	OK
1698	     0	68.5	120.8	1403	OK
1699	     0	65.9	119.9	1412	OK
1700	     0	67.8	120.1	1428	OK
1701	     0	66.6	120.4	1385	OK
1702	     0	68.1	124.1	1415	OK
1703	     0	66.7	120.8	1413	OK
1704	     0	68.4	125.0	1435	OK
1705	     0	66.1	121.1	1389	OK
1706	     0	68.1	123.0	1428	OK
1707	     0	68.8	125.3	1414	OK
1708	     0	67.2	119.5	1414	OK
1709	     0	66.7	123.1	1450	OK
1710	     0	67.1	125.0	1389	OK
1711	     0	67.5	120.3	1427	OK
1712	     0	68.3	125.2	1463	OK
1713	     0	69.0	126.9	1436	OK
1714	     0	67.6	122.4	1437	OK
1715	     0	71.2	127.0	1411	OK
1716	     0	70.1	127.9	1430	OK
1717	     0	67.9	122.2	1416	OK
1718	     0	71.3	129.0	1404	OK
1719	     0	67.0	121.5	1416	OK
1720	     0	67.9	126.1	1412	OK
1721	     0	69.2	126.7	1445	OK
1722	     0	66.2	120.0	1396	OK
1723	     0	68.1	123.0	1409	OK
1724	     0	69.4	127.9	1435	OK
1725	     0	68.3	125.3	1446	OK
1726	     0	69.7	124.9	1411	OK
1727	     0	70.0	125.4	1407	OK
1728	     0	69.5	124.5	1434	OK
1729	     0	64.4	120.2	1404	OK
1730	     0	68.8	123.9	1441	OK
1731	     0	67.4	122.7	1410	OK
1732	     0	68.9	123.2	1422	OK
1733	     0	68.8	122.7	1444	OK
1734	     0	66.7	123.0	1414	OK
1735	     0	67.6	121.7	1402	OK
1736	     0	68.6	124.7	1426	OK
1737	     0	64.8	118.7	1456	OK
1738	     0	67.0	121.8	1436	OK
1739	     0	65.8	121.2	1420	OK
1740	     0	68.0	123.7	1426	OK
1741	     0	68.0	124.3	1431	OK
1742	     0	65.8	121.4	1419	OK
1743	     0	63.9	117.3	1421	OK
1744	     0	66.6	123.1	1431	OK
1745	     0	65.5	120.5	1410	OK
1746	     0	66.3	123.8	1403	OK
1747	     0	64.9	117.7	1434	OK
1748	     0	65.6	120.8	1427	OK
1749	     0	63.7	117.3	1405	OK
1750	     0	65.6	116.1	1409	OK
1751	     0	65.3	120.8	1410	OK
1752	     0	66.6	119.9	1427	OK
1753	     0	67.4	122.9	1448	OK
1754	     0	67.3	122.6	1423	OK
1755	     0	66.6	122.7	1423	OK
1756	     0	69.9	121.2	1420	OK
1757	     0	67.2	122.5	1433	OK
1758	     0	66.5	120.8	1412	OK
1759	     0	70.5	128.6	1436	OK
1760	     0	68.0	123.1	1408	OK
1761	     0	68.2	122.3	1413	OK
1762	     0	66.4	122.7	1423	OK
1763	     0	65.8	120.9	1418	OK
1764	     0	66.8	119.4	1432	OK
1765	     0	67.2	120.8	1431	OK
1766	     0	65.9	120.2	1405	OK
1767	     0	63.6	117.8	1422	OK
1768	     0	65.9	121.8	1415	OK
1769	     0	65.9	120.1	1434	OK
1770	     0	65.4	118.0	1419	OK
1771	     0	67.3	123.5	1415	OK
1772	     0	65.5	120.2	1425	OK
1773	     0	68.3	124.4	1423	OK
1774	     0	67.3	121.0	1395	OK
1775	     0	65.9	123.8	1426	OK
1776	     0	66.2	120.1	1429	OK
1777	     0	67.0	120.2	1423	OK
1778	     0	65.4	121.2	1427	OK
1779	     0	67.5	122.6	1428	OK
1780	     0	66.3	120.3	1439	OK
1781	     0	66.4	120.8	1414	OK
1782	     0	68.3	123.0	1436	OK
1783	     0	65.1	119.4	1403	OK
1784	     0	67.5	122.3	1436	OK
1785	     0	69.1	129.5	1452	OK
1786	     0	67.0	123.0	1409	OK
1787	     0	64.8	118.1	1419	OK
1788	     0	66.1	121.8	1422	OK
1789	     0	68.0	122.9	1427	OK
1790	     0	68.2	122.8	1405	OK
1791	     0	68.9	123.0	1430	OK
1792	     0	62.9	114.8	1444	OK
1793	  4000	63.1	116.2	1516	high noise
1794	     0	63.8	116.0	1423	OK
1795	     0	62.5	116.9	1407	OK
1796	     0	62.2	114.0	1417	OK
1797	     0	61.0	113.7	1429	OK
1798	     0	61.1	113.1	1454	OK
1799	     0	60.0	111.4	1425	OK
1800	     0	59.9	108.4	1432	OK
1801	     0	62.4	114.7	1416	OK
1802	     0	62.7	116.7	1409	OK
1803	     0	62.1	111.9	1442	OK
1804	     0	62.1	115.9	1412	OK
1805	     0	62.1	114.7	1425	OK
1806	     0	62.6	115.7	1404	OK
1807	     0	62.5	116.1	1425	OK
1808	     0	61.3	113.9	1448	OK
1809	     0	61.3	116.0	1400	OK
1810	     0	61.4	113.2	1435	OK
1811	     0	63.8	115.3	1416	OK
1812	     0	60.2	111.6	1410	OK
1813	     0	60.4	113.8	1447	OK
1814	     0	62.0	113.8	1427	OK
1815	     0	61.7	117.8	1415	OK
1816	     0	62.2	114.9	1425	OK
1817	     0	60.1	112.8	1400	OK
1818	     0	60.2	111.7	1434	OK
1819	     0	62.8	119.0	1434	OK
1820	     0	63.0	115.4	1426	OK
1821	     0	63.2	115.7	1424	OK
1822	     0	60.4	113.4	1410	OK
1823	     0	61.2	113.0	1413	OK
1824	     0	61.9	113.9	1453	OK
1825	     0	59.9	113.4	1422	OK
1826	     0	61.3	112.4	1439	OK
1827	     0	59.4	110.1	1423	OK
1828	     0	61.3	112.9	1458	OK
1829	     0	60.7	111.4	1435	OK
1830	     0	63.5	114.5	1455	OK
1831	     0	61.9	115.1	1419	OK
1832	     0	60.9	111.0	1446	OK
1833	     0	61.1	113.0	1460	OK
1834	     0	60.8	112.6	1439	OK
1835	     0	62.3	114.7	1417	OK
1836	     0	60.7	113.4	1438	OK
1837	     0	62.4	116.6	1419	OK
1838	     0	60.5	109.0	1439	OK
1839	     0	60.7	117.6	1427	OK
1840	     0	62.4	114.8	1449	OK
1841	     0	60.9	110.8	1438	OK
1842	     0	61.3	112.6	1428	OK
1843	     0	61.2	110.7	1413	OK
1844	     0	62.9	116.2	1439	OK
1845	     0	62.4	116.0	1464	OK
1846	     0	62.8	119.1	1429	OK
1847	     0	61.6	112.3	1437	OK
1848	     0	61.7	113.6	1440	OK
1849	     0	62.4	117.1	1433	OK
1850	     0	62.0	113.0	1395	OK
1851	     0	64.2	118.7	1420	OK
1852	     0	62.1	115.0	1492	OK
1853	     0	64.8	122.5	1404	OK
1854	     0	62.2	114.1	1431	OK
1855	     0	64.2	116.3	1417	OK
1856	     0	64.4	119.5	1450	OK
1857	     0	63.4	116.3	1415	OK
1858	     0	61.5	113.5	1418	OK
1859	     0	62.9	116.5	1464	OK
1860	     0	64.5	118.8	1429	OK
1861	     0	64.3	120.3	1436	OK
1862	     0	63.1	116.3	1441	OK
1863	     0	64.5	118.6	1419	OK
1864	     0	64.4	117.4	1431	OK
1865	     0	63.4	119.3	1425	OK
1866	     0	63.8	116.1	1450	OK
1867	     0	64.1	116.5	1439	OK
1868	     0	62.6	113.4	1437	OK
1869	     0	63.7	116.5	1471	OK
1870	     0	60.2	109.4	1449	OK
1871	     0	62.7	115.0	1448	OK
1872	     0	61.4	115.1	1439	OK
1873	     0	63.5	115.2	1445	OK
1874	     0	60.8	111.4	1440	OK
1875	     0	63.8	112.8	1440	OK
1876	     0	64.5	118.3	1449	OK
1877	     0	62.8	116.9	1447	OK
1878	     0	61.1	114.9	1432	OK
1879	     0	63.0	115.6	1431	OK
1880	     0	63.0	116.5	1428	OK
1881	     0	63.2	114.8	1432	OK
1882	     0	60.6	112.1	1404	OK
1883	     0	61.1	112.2	1430	OK
1884	     0	61.5	114.0	1434	OK
1885	     0	62.6	114.0	1426	OK
1886	     0	63.9	117.4	1435	OK
1887	     0	62.2	114.8	1437	OK
1888	     0	60.6	112.3	1430	OK
1889	     0	62.5	115.9	1434	OK
1890	     0	63.5	115.6	1424	OK
1891	     0	62.8	115.5	1424	OK
1892	     0	62.6	113.0	1426	OK
1893	     0	63.7	114.7	1443	OK
1894	     0	61.2	115.1	1424	OK
1895	     0	62.2	116.6	1431	OK
1896	     0	63.3	123.7	1394	OK
1897	     0	61.3	111.9	1448	OK
1898	     0	63.2	116.0	1446	OK
1899	     0	62.2	113.8	1417	OK
1900	     0	60.8	110.9	1429	OK
1901	     0	63.1	113.0	1432	OK
1902	     0	65.3	118.8	1435	OK
1903	     0	63.3	118.4	1436	OK
1904	     0	64.0	118.6	1424	OK
1905	     0	63.1	114.1	1415	OK
1906	     0	63.1	116.4	1422	OK
1907	     0	64.1	115.2	1413	OK
1908	     0	63.4	116.1	1421	OK
1909	     0	64.7	117.3	1418	OK
1910	     0	63.0	114.9	1408	OK
1911	     0	62.4	115.3	1422	OK
1912	     0	65.0	115.9	1432	OK
1913	     0	65.2	120.1	1423	OK
1914	     0	64.4	119.2	1420	OK
1915	     0	65.0	118.9	1408	OK
1916	     0	64.5	120.1	1446	OK
1917	     0	65.8	120.6	1416	OK
1918	     0	67.4	124.5	1430	OK
1919	     0	64.2	136.1	1426	OK
1920	  4000	65.4	110.3	1559	high noise
1921	     0	65.8	120.7	1469	OK
1922	     0	64.1	115.5	1448	OK
1923	     0	64.7	118.8	1450	OK
1924	     0	66.0	120.5	1416	OK
1925	     0	63.4	115.5	1422	OK
1926	     0	65.5	118.9	1425	OK
1927	     0	67.0	120.3	1403	OK
1928	     0	62.8	115.8	1418	OK
1929	     0	64.6	115.5	1379	OK
1930	     0	64.0	116.7	1434	OK
1931	     0	65.6	116.5	1395	OK
1932	     0	65.1	117.2	1414	OK
1933	     0	65.8	120.5	1405	OK
1934	     0	65.8	121.9	1429	OK
1935	     0	64.2	120.2	1421	OK
1936	     0	63.6	115.9	1396	OK
1937	     0	65.6	116.2	1423	OK
1938	     0	62.5	113.6	1418	OK
1939	     0	64.3	117.2	1392	OK
1940	     0	63.0	115.5	1416	OK
1941	     0	63.9	115.1	1396	OK
1942	     0	62.6	115.4	1414	OK
1943	     0	62.3	110.3	1393	OK
1944	     0	64.8	120.1	1441	OK
1945	     0	62.1	111.6	1433	OK
1946	     0	62.2	112.7	1428	OK
1947	     0	63.6	116.7	1413	OK
1948	     0	64.9	116.9	1415	OK
1949	     0	63.3	115.2	1412	OK
1950	     0	64.1	118.4	1421	OK
1951	     0	64.7	117.5	1432	OK
1952	     0	63.2	114.6	1401	OK
1953	     0	63.5	115.3	1414	OK
1954	     0	64.3	117.3	1419	OK
1955	     0	62.9	116.6	1425	OK
1956	     0	63.6	116.5	1399	OK
1957	     0	64.9	115.5	1406	OK
1958	     0	63.6	114.8	1416	OK
1959	     0	63.8	114.5	1431	OK
1960	     0	62.1	112.2	1415	OK
1961	     0	64.1	118.5	1407	OK
1962	     0	65.2	119.2	1401	OK
1963	     0	64.1	118.6	1398	OK
1964	     0	63.6	117.7	1402	OK
1965	     0	63.8	114.9	1395	OK
1966	     0	64.4	117.3	1412	OK
1967	     0	65.9	118.2	1414	OK
1968	     0	63.9	117.3	1447	OK
1969	     0	61.8	114.7	1438	OK
1970	     0	63.7	116.8	1410	OK
1971	     0	65.8	120.1	1420	OK
1972	     0	65.5	120.4	1428	OK
1973	     0	65.4	120.0	1431	OK
1974	     0	64.9	116.4	1435	OK
1975	     0	63.5	120.7	1450	OK
1976	     0	64.7	117.9	1430	OK
1977	     0	65.4	119.7	1410	OK
1978	     0	64.9	118.8	1425	OK
1979	     0	64.1	116.7	1425	OK
1980	     0	63.7	116.0	1417	OK
1981	     0	65.5	118.9	1430	OK
1982	     0	64.9	119.7	1431	OK
1983	     0	66.4	119.5	1420	OK
1984	     0	66.0	118.7	1432	OK
1985	     0	63.6	119.0	1434	OK
1986	     0	65.6	118.4	1429	OK
1987	     0	65.7	120.3	1423	OK
1988	     0	66.5	119.1	1422	OK
1989	     0	63.4	114.5	1438	OK
1990	     0	62.1	114.2	1429	OK
1991	     0	64.0	115.7	1409	OK
1992	     0	64.4	115.6	1410	OK
1993	     0	64.7	117.2	1430	OK
1994	     0	65.7	117.7	1429	OK
1995	     0	63.1	118.5	1428	OK
1996	     0	64.2	114.7	1440	OK
1997	     0	63.6	111.7	1427	OK
1998	     0	61.6	111.5	1423	OK
1999	     0	63.6	116.3	1429	OK
2000	     0	64.6	115.8	1432	OK
2001	     0	64.2	114.4	1457	OK
2002	     0	64.3	115.7	1435	OK
2003	     0	64.2	115.8	1407	OK
2004	     0	63.0	113.4	1401	OK
2005	     0	64.7	114.9	1414	OK
2006	     0	62.8	115.2	1428	OK
2007	     0	63.9	116.1	1426	OK
2008	     0	62.5	114.0	1437	OK
2009	     0	62.8	115.6	1420	OK
2010	     0	65.7	119.0	1418	OK
2011	     0	65.0	120.4	1421	OK
2012	     0	64.4	118.3	1423	OK
2013	     0	63.5	113.2	1424	OK
2014	     0	63.6	115.9	1398	OK
2015	     0	65.6	117.2	1402	OK
2016	     0	64.9	118.4	1420	OK
2017	     0	64.3	114.9	1411	OK
2018	     0	64.4	118.8	1473	OK
2019	     0	63.9	118.5	1406	OK
2020	     0	65.1	119.7	1411	OK
2021	     0	66.1	121.1	1435	OK
2022	     0	62.9	114.3	1435	OK
2023	     0	63.5	113.6	1424	OK
2024	     0	63.7	116.6	1450	OK
2025	     0	62.9	114.3	1421	OK
2026	     0	64.2	117.2	1437	OK
2027	     0	65.0	118.7	1414	OK
2028	     0	65.3	119.8	1418	OK
2029	     0	63.9	117.0	1435	OK
2030	     0	64.8	116.1	1443	OK
2031	     0	63.8	116.3	1445	OK
2032	     0	65.5	117.6	1427	OK
2033	     0	65.4	117.1	1438	OK
2034	     0	63.9	117.3	1409	OK
2035	     0	63.7	117.3	1444	OK
2036	     0	63.4	117.1	1425	OK
2037	     0	62.4	115.5	1436	OK
2038	     0	62.7	114.6	1424	OK
2039	     0	64.8	118.8	1432	OK
2040	     0	64.4	119.9	1408	OK
2041	     0	64.7	119.5	1415	OK
2042	     0	65.2	117.3	1440	OK
2043	     0	65.8	119.9	1416	OK
2044	     0	67.4	121.1	1407	OK
2045	     0	64.9	122.8	1431	OK
2046	     0	66.3	122.6	1449	OK
2047	     0	64.0	117.1	1432	OK
