#chan	code	gain	vt50	innse	comment
   0	     0	75.1	140.2	1340	OK
   1	     0	74.0	138.8	1335	OK
   2	     0	75.1	145.9	1332	OK
   3	     0	74.3	137.5	1337	OK
   4	     0	71.9	135.5	1322	OK
   5	     0	71.3	135.2	1342	OK
   6	     0	71.6	133.7	1325	OK
   7	     0	71.8	133.8	1325	OK
   8	     0	71.0	132.8	1347	OK
   9	     0	72.1	136.0	1334	OK
  10	     0	73.2	137.4	1331	OK
  11	     0	71.6	133.1	1315	OK
  12	     0	71.7	134.0	1333	OK
  13	     0	73.2	138.6	1329	OK
  14	     0	71.7	134.6	1343	OK
  15	     0	71.1	135.2	1315	OK
  16	     0	69.8	131.8	1327	OK
  17	     0	71.9	136.3	1314	OK
  18	     0	71.7	134.9	1328	OK
  19	     0	72.7	138.4	1348	OK
  20	     0	73.2	139.1	1338	OK
  21	     0	70.8	137.1	1319	OK
  22	     0	73.4	135.7	1336	OK
  23	     0	73.5	140.8	1326	OK
  24	     0	70.2	134.6	1327	OK
  25	     0	72.6	138.6	1333	OK
  26	     0	71.0	135.3	1337	OK
  27	     0	73.4	137.7	1336	OK
  28	     0	71.1	135.2	1356	OK
  29	     0	71.8	139.4	1297	OK
  30	     0	71.2	132.6	1344	OK
  31	     0	73.4	137.5	1342	OK
  32	     0	72.1	137.2	1342	OK
  33	     0	70.7	137.6	1338	OK
  34	     0	70.6	132.2	1351	OK
  35	     0	72.4	136.8	1325	OK
  36	     0	72.0	139.1	1343	OK
  37	     0	73.0	134.2	1341	OK
  38	     0	73.9	137.6	1325	OK
  39	     0	73.7	138.9	1342	OK
  40	     0	72.2	136.3	1332	OK
  41	     0	71.3	134.2	1338	OK
  42	     0	72.1	139.5	1321	OK
  43	     0	72.2	137.1	1349	OK
  44	     0	73.8	137.9	1343	OK
  45	     0	73.4	140.1	1356	OK
  46	     0	71.7	135.1	1359	OK
  47	     0	70.3	134.0	1325	OK
  48	     0	72.1	136.9	1326	OK
  49	     0	73.1	135.4	1336	OK
  50	     0	73.9	138.1	1342	OK
  51	     0	73.6	138.9	1360	OK
  52	     0	72.3	136.7	1330	OK
  53	     0	71.3	134.0	1324	OK
  54	     0	73.8	137.9	1351	OK
  55	     0	71.3	135.5	1357	OK
  56	     0	72.0	134.5	1349	OK
  57	     0	71.2	136.1	1330	OK
  58	     0	73.9	141.5	1327	OK
  59	     0	72.1	137.5	1332	OK
  60	     0	73.4	140.2	1325	OK
  61	     0	72.9	140.5	1350	OK
  62	     0	73.8	138.2	1326	OK
  63	     0	75.6	140.9	1362	OK
  64	     0	72.8	135.4	1310	OK
  65	     0	74.2	141.8	1333	OK
  66	     0	71.2	134.3	1333	OK
  67	     0	70.3	126.0	1349	OK
  68	     0	72.1	134.1	1304	OK
  69	     0	69.6	132.4	1327	OK
  70	     0	70.2	134.4	1347	OK
  71	     0	69.9	133.0	1338	OK
  72	     0	70.1	134.9	1306	OK
  73	     0	73.4	138.0	1328	OK
  74	     0	73.0	138.7	1334	OK
  75	     0	73.0	136.7	1326	OK
  76	     0	72.5	141.3	1324	OK
  77	     0	72.4	138.9	1344	OK
  78	     0	72.3	134.5	1333	OK
  79	     0	70.1	137.9	1317	OK
  80	     0	70.3	134.2	1321	OK
  81	     0	72.6	135.8	1317	OK
  82	     0	70.8	134.0	1343	OK
  83	     0	72.9	139.0	1343	OK
  84	     0	71.6	137.7	1314	OK
  85	     0	70.5	133.5	1337	OK
  86	     0	73.3	139.7	1334	OK
  87	     0	70.8	135.0	1331	OK
  88	     0	71.3	133.8	1338	OK
  89	     0	72.1	136.7	1347	OK
  90	     0	72.6	137.7	1340	OK
  91	     0	72.3	135.2	1320	OK
  92	     0	72.4	134.5	1334	OK
  93	     0	72.7	136.3	1328	OK
  94	     0	72.1	138.1	1332	OK
  95	     0	72.8	138.8	1329	OK
  96	     0	71.8	135.9	1308	OK
  97	     0	71.0	132.7	1336	OK
  98	     0	72.0	139.2	1316	OK
  99	     0	72.4	136.9	1327	OK
 100	     0	71.1	133.8	1344	OK
 101	     0	69.7	131.3	1312	OK
 102	     0	68.7	132.4	1315	OK
 103	     0	73.2	136.6	1331	OK
 104	     0	69.7	132.7	1331	OK
 105	     0	70.7	134.5	1335	OK
 106	     0	72.0	136.1	1357	OK
 107	     0	72.9	136.0	1331	OK
 108	     0	72.3	138.6	1315	OK
 109	     0	72.3	138.3	1318	OK
 110	     0	68.8	131.4	1339	OK
 111	     0	72.2	137.6	1338	OK
 112	     0	73.1	136.5	1310	OK
 113	     0	70.1	134.5	1327	OK
 114	     0	72.3	135.0	1323	OK
 115	     0	71.9	135.0	1327	OK
 116	     0	70.6	131.2	1341	OK
 117	     0	71.5	132.4	1319	OK
 118	     0	71.8	137.7	1347	OK
 119	     0	69.7	131.8	1321	OK
 120	     0	72.5	140.0	1335	OK
 121	     0	71.1	133.5	1331	OK
 122	     0	72.4	134.0	1320	OK
 123	     0	71.6	136.4	1336	OK
 124	     0	71.1	136.2	1341	OK
 125	     0	74.0	136.3	1350	OK
 126	     0	73.4	135.0	1320	OK
 127	     0	76.8	142.4	1352	OK
 128	     0	77.4	134.5	1266	OK
 129	     0	78.3	146.5	1295	OK
 130	     0	76.1	145.3	1287	OK
 131	     0	77.4	145.6	1274	OK
 132	     0	76.6	140.1	1291	OK
 133	     0	75.8	140.4	1279	OK
 134	     0	73.0	137.2	1261	OK
 135	     0	75.6	142.3	1268	OK
 136	     0	75.0	142.6	1273	OK
 137	     0	75.8	142.0	1264	OK
 138	     0	73.6	139.6	1292	OK
 139	     0	75.9	140.2	1255	OK
 140	     0	74.5	142.2	1267	OK
 141	     0	74.0	138.2	1275	OK
 142	     0	74.9	141.2	1293	OK
 143	     0	75.5	141.1	1274	OK
 144	     0	74.9	139.2	1275	OK
 145	     0	75.0	139.3	1258	OK
 146	     0	74.3	140.3	1280	OK
 147	     0	75.9	139.6	1298	OK
 148	     0	73.5	139.6	1264	OK
 149	     0	73.8	136.6	1270	OK
 150	     0	75.6	141.6	1273	OK
 151	     0	75.9	141.9	1280	OK
 152	     0	74.4	140.9	1283	OK
 153	     0	76.6	140.7	1261	OK
 154	     0	76.8	141.1	1278	OK
 155	     0	74.4	138.2	1284	OK
 156	     0	76.4	142.0	1281	OK
 157	     0	74.6	138.2	1286	OK
 158	     0	73.8	137.5	1279	OK
 159	     0	75.3	140.0	1279	OK
 160	     0	73.5	139.0	1266	OK
 161	     0	75.9	143.6	1280	OK
 162	     0	75.0	142.1	1268	OK
 163	     0	75.8	142.6	1287	OK
 164	     0	73.3	137.3	1292	OK
 165	     0	76.2	143.9	1289	OK
 166	     0	73.7	135.8	1265	OK
 167	     0	75.6	141.3	1285	OK
 168	     0	74.8	138.4	1269	OK
 169	     0	75.0	140.5	1271	OK
 170	     0	74.1	139.8	1265	OK
 171	     0	75.7	142.7	1288	OK
 172	     0	75.2	140.0	1267	OK
 173	     0	75.2	140.3	1295	OK
 174	     0	74.4	138.8	1310	OK
 175	     0	74.5	140.3	1301	OK
 176	     0	74.8	140.3	1297	OK
 177	     0	77.2	143.9	1285	OK
 178	     0	75.3	144.9	1277	OK
 179	     0	78.2	145.6	1277	OK
 180	     0	75.6	144.1	1282	OK
 181	     0	75.6	140.9	1292	OK
 182	     0	75.3	143.0	1281	OK
 183	     0	77.5	142.5	1296	OK
 184	     0	76.0	140.7	1297	OK
 185	     0	74.9	142.5	1287	OK
 186	     0	75.5	142.7	1293	OK
 187	     0	74.9	141.2	1299	OK
 188	     0	76.3	143.9	1297	OK
 189	     0	75.8	140.8	1280	OK
 190	     0	78.2	144.2	1292	OK
 191	     0	78.6	148.0	1289	OK
 192	     0	77.0	142.4	1292	OK
 193	     0	77.3	142.4	1258	OK
 194	     0	74.1	140.4	1308	OK
 195	     0	75.4	141.7	1275	OK
 196	     0	74.9	138.8	1306	OK
 197	     0	75.4	139.2	1280	OK
 198	     0	74.5	138.9	1272	OK
 199	     0	74.1	138.7	1279	OK
 200	     0	77.3	144.5	1265	OK
 201	     0	75.9	139.3	1273	OK
 202	     0	75.3	151.6	1317	OK
 203	     0	75.7	144.6	1280	OK
 204	     0	74.1	136.8	1289	OK
 205	     0	76.3	143.1	1267	OK
 206	     0	75.7	141.6	1294	OK
 207	     0	73.5	138.4	1271	OK
 208	     0	74.2	140.2	1297	OK
 209	     0	74.9	140.6	1280	OK
 210	     0	73.7	139.1	1281	OK
 211	     0	76.8	144.5	1283	OK
 212	     0	75.8	142.9	1290	OK
 213	     0	74.7	138.1	1284	OK
 214	     0	74.1	142.2	1310	OK
 215	     0	75.4	142.2	1281	OK
 216	     0	75.3	140.9	1297	OK
 217	     0	76.0	142.2	1301	OK
 218	     0	74.4	138.7	1283	OK
 219	     0	72.1	132.0	1286	OK
 220	     0	75.1	141.6	1277	OK
 221	     0	74.0	136.1	1295	OK
 222	     0	72.4	134.8	1261	OK
 223	     0	74.7	140.7	1268	OK
 224	     0	75.1	140.0	1270	OK
 225	     0	73.0	138.3	1271	OK
 226	     0	74.3	138.9	1294	OK
 227	     0	73.7	138.4	1282	OK
 228	     0	74.4	137.5	1261	OK
 229	     0	73.7	137.6	1276	OK
 230	     0	71.7	132.9	1263	OK
 231	     0	74.4	137.6	1280	OK
 232	     0	73.9	138.4	1267	OK
 233	     0	73.7	138.2	1280	OK
 234	     0	72.9	138.4	1279	OK
 235	     0	76.1	144.8	1292	OK
 236	     0	74.2	139.8	1282	OK
 237	     0	74.2	135.9	1272	OK
 238	     0	74.0	142.3	1287	OK
 239	     0	76.9	142.7	1259	OK
 240	     0	74.5	138.4	1261	OK
 241	     0	75.3	140.8	1274	OK
 242	     0	72.9	136.7	1283	OK
 243	     0	71.5	134.3	1281	OK
 244	     0	71.7	136.5	1262	OK
 245	     0	74.3	139.9	1283	OK
 246	     0	74.7	137.1	1296	OK
 247	     0	76.3	141.9	1287	OK
 248	     0	73.1	139.5	1282	OK
 249	     0	74.0	137.8	1286	OK
 250	     0	77.9	147.7	1272	OK
 251	     0	76.4	141.5	1276	OK
 252	     0	77.8	147.1	1295	OK
 253	     0	74.7	137.1	1295	OK
 254	     0	76.0	144.2	1299	OK
 255	     0	77.8	142.1	1296	OK
 256	     0	75.8	141.0	1332	OK
 257	     0	75.1	140.7	1286	OK
 258	     0	77.3	143.1	1298	OK
 259	     0	72.8	136.2	1322	OK
 260	     0	73.2	138.5	1293	OK
 261	     0	71.7	133.3	1296	OK
 262	     0	74.4	142.7	1307	OK
 263	     0	72.6	138.4	1300	OK
 264	     0	72.5	136.5	1280	OK
 265	     0	74.0	136.6	1306	OK
 266	     0	74.8	135.0	1283	OK
 267	     0	73.8	141.0	1313	OK
 268	     0	73.9	139.3	1307	OK
 269	     0	74.0	139.4	1283	OK
 270	     0	74.3	136.7	1279	OK
 271	     0	71.5	133.7	1296	OK
 272	     0	73.6	135.6	1286	OK
 273	     0	71.8	132.8	1278	OK
 274	     0	72.0	135.8	1297	OK
 275	     0	73.3	134.5	1265	OK
 276	     0	73.9	137.7	1292	OK
 277	     0	72.5	136.0	1284	OK
 278	     0	72.4	136.7	1283	OK
 279	     0	75.9	140.6	1285	OK
 280	     0	74.5	139.3	1292	OK
 281	     0	74.3	134.6	1290	OK
 282	     0	74.3	139.3	1281	OK
 283	     0	72.6	137.3	1299	OK
 284	     0	71.7	135.1	1284	OK
 285	     0	72.3	133.2	1300	OK
 286	     0	72.7	137.9	1294	OK
 287	     0	72.7	135.6	1268	OK
 288	     0	71.1	133.4	1278	OK
 289	     0	70.2	133.0	1274	OK
 290	     0	73.1	134.8	1266	OK
 291	     0	73.4	139.5	1284	OK
 292	     0	71.5	136.9	1295	OK
 293	     0	72.8	136.2	1286	OK
 294	     0	73.4	138.4	1284	OK
 295	     0	72.7	135.6	1288	OK
 296	     0	72.4	138.2	1288	OK
 297	     0	71.5	132.5	1272	OK
 298	     0	74.5	139.9	1310	OK
 299	     0	72.0	138.5	1299	OK
 300	     0	71.4	136.2	1270	OK
 301	     0	73.2	136.4	1288	OK
 302	     0	73.9	139.7	1314	OK
 303	     0	73.6	137.4	1310	OK
 304	     0	71.7	133.2	1284	OK
 305	     0	71.8	134.0	1303	OK
 306	     0	71.4	133.0	1306	OK
 307	     0	72.7	135.4	1313	OK
 308	     0	73.8	137.2	1302	OK
 309	     0	71.8	135.9	1299	OK
 310	     0	72.0	138.6	1320	OK
 311	     0	73.9	138.0	1288	OK
 312	     0	73.9	140.6	1316	OK
 313	     0	72.8	137.8	1292	OK
 314	     0	73.5	136.6	1310	OK
 315	     0	72.1	134.6	1298	OK
 316	     0	73.9	139.2	1278	OK
 317	     0	71.4	135.7	1270	OK
 318	     0	74.0	135.7	1295	OK
 319	     0	76.2	141.9	1309	OK
 320	     0	72.8	137.3	1293	OK
 321	     0	74.1	138.9	1288	OK
 322	     0	73.8	135.9	1288	OK
 323	     0	74.1	139.4	1275	OK
 324	     0	72.0	136.4	1267	OK
 325	     0	74.6	139.9	1291	OK
 326	     0	73.3	136.0	1285	OK
 327	     0	71.4	136.0	1283	OK
 328	     0	71.9	135.5	1275	OK
 329	     0	71.1	133.3	1281	OK
 330	     0	71.4	136.2	1288	OK
 331	     0	72.7	137.4	1262	OK
 332	     0	72.4	134.6	1279	OK
 333	     0	70.7	133.7	1258	OK
 334	     0	72.5	138.9	1289	OK
 335	     0	74.6	139.6	1280	OK
 336	     0	73.8	140.0	1280	OK
 337	     0	76.0	144.7	1296	OK
 338	     0	72.0	136.7	1290	OK
 339	     0	73.2	136.8	1292	OK
 340	     0	74.4	139.5	1271	OK
 341	     0	75.2	142.0	1290	OK
 342	     0	72.8	140.5	1303	OK
 343	     0	71.5	134.4	1295	OK
 344	     0	73.4	136.3	1272	OK
 345	     0	72.6	135.8	1280	OK
 346	     0	72.1	135.2	1310	OK
 347	     0	72.1	139.7	1281	OK
 348	     0	73.1	138.6	1278	OK
 349	     0	71.4	142.3	1271	OK
 350	     0	71.8	150.6	1296	OK
 351	     0	74.5	138.4	1287	OK
 352	     0	72.2	137.1	1258	OK
 353	     0	72.9	136.2	1260	OK
 354	     0	70.9	134.4	1278	OK
 355	     0	72.0	135.0	1275	OK
 356	     0	71.3	138.0	1272	OK
 357	     0	72.8	142.1	1284	OK
 358	     0	72.7	136.4	1276	OK
 359	     0	72.9	134.5	1280	OK
 360	     0	73.3	138.5	1268	OK
 361	     0	72.3	136.8	1266	OK
 362	     0	73.7	134.7	1276	OK
 363	     0	73.3	137.1	1271	OK
 364	     0	72.7	139.8	1287	OK
 365	     0	73.1	139.9	1273	OK
 366	     0	71.9	138.4	1277	OK
 367	     0	73.1	138.3	1282	OK
 368	     0	72.5	138.1	1253	OK
 369	     0	70.9	133.8	1277	OK
 370	     0	72.5	136.3	1256	OK
 371	     0	71.3	136.3	1265	OK
 372	     0	74.1	136.5	1265	OK
 373	     0	71.3	136.9	1254	OK
 374	     0	72.9	138.1	1254	OK
 375	     0	70.8	133.0	1256	OK
 376	     0	71.9	135.8	1266	OK
 377	     0	70.0	128.9	1265	OK
 378	     0	71.5	135.5	1269	OK
 379	     0	72.7	136.4	1264	OK
 380	     0	71.2	136.7	1245	OK
 381	     0	71.5	133.7	1270	OK
 382	     0	70.6	131.9	1265	OK
 383	     0	73.3	139.7	1275	OK
 384	     0	73.8	136.9	1246	OK
 385	     0	75.8	139.9	1262	OK
 386	     0	73.6	139.5	1255	OK
 387	     0	73.8	138.7	1267	OK
 388	     0	72.9	134.9	1255	OK
 389	     0	72.6	137.1	1253	OK
 390	     0	73.6	140.5	1242	OK
 391	     0	73.8	140.9	1259	OK
 392	     0	73.8	136.6	1256	OK
 393	     0	72.6	140.7	1263	OK
 394	     0	72.3	138.4	1268	OK
 395	     0	73.3	135.7	1248	OK
 396	     0	73.3	139.0	1248	OK
 397	     0	74.7	137.2	1258	OK
 398	     0	76.6	137.7	1263	OK
 399	     0	72.7	135.5	1238	OK
 400	     0	73.6	140.8	1246	OK
 401	     0	75.2	139.6	1252	OK
 402	     0	71.2	136.0	1229	OK
 403	     0	72.6	139.7	1250	OK
 404	     0	71.5	137.4	1261	OK
 405	     0	73.5	138.6	1267	OK
 406	     0	71.8	137.8	1249	OK
 407	     0	74.0	137.5	1258	OK
 408	     0	74.2	140.1	1245	OK
 409	     0	72.4	135.5	1256	OK
 410	     0	73.8	140.5	1268	OK
 411	     0	74.3	139.2	1265	OK
 412	     0	71.5	137.1	1246	OK
 413	     0	72.6	135.4	1246	OK
 414	     0	72.7	133.5	1245	OK
 415	     0	73.5	137.9	1250	OK
 416	     0	71.9	134.9	1273	OK
 417	     0	71.7	134.9	1258	OK
 418	     0	73.1	137.7	1281	OK
 419	     0	73.9	138.0	1254	OK
 420	     0	72.9	134.9	1243	OK
 421	     0	73.5	138.3	1269	OK
 422	     0	73.7	137.0	1287	OK
 423	     0	73.2	135.1	1264	OK
 424	     0	73.4	136.1	1259	OK
 425	     0	73.2	137.5	1267	OK
 426	     0	70.8	132.8	1264	OK
 427	     0	72.9	136.9	1249	OK
 428	     0	74.2	139.7	1274	OK
 429	     0	74.6	138.8	1277	OK
 430	     0	72.8	138.7	1253	OK
 431	     0	75.3	138.1	1270	OK
 432	     0	74.5	139.9	1277	OK
 433	     0	75.6	140.4	1275	OK
 434	     0	74.3	139.1	1264	OK
 435	     0	74.8	139.8	1280	OK
 436	     0	74.0	140.9	1279	OK
 437	     0	72.6	136.3	1268	OK
 438	     0	73.3	139.7	1267	OK
 439	     0	74.5	137.6	1268	OK
 440	     0	73.4	139.3	1258	OK
 441	     0	73.2	138.2	1272	OK
 442	     0	73.2	138.8	1264	OK
 443	     0	74.2	139.6	1270	OK
 444	     0	76.4	141.7	1290	OK
 445	     0	78.4	146.9	1259	OK
 446	     0	74.5	140.8	1258	OK
 447	     0	74.0	141.0	1289	OK
 448	     0	75.7	140.1	1258	OK
 449	     0	76.6	148.4	1261	OK
 450	     0	74.7	139.7	1259	OK
 451	     0	73.4	137.1	1245	OK
 452	     0	74.8	138.5	1264	OK
 453	     0	73.8	141.7	1280	OK
 454	     0	73.4	136.6	1274	OK
 455	     0	71.8	135.8	1250	OK
 456	     0	73.6	140.6	1268	OK
 457	     0	73.6	137.8	1252	OK
 458	     0	74.3	139.1	1284	OK
 459	     0	73.7	136.7	1247	OK
 460	     0	73.0	137.3	1256	OK
 461	     0	74.0	138.4	1250	OK
 462	     0	71.7	134.8	1245	OK
 463	     0	72.5	134.6	1255	OK
 464	     0	74.8	140.0	1274	OK
 465	     0	72.8	137.4	1257	OK
 466	     0	76.4	142.5	1264	OK
 467	     0	74.1	142.2	1252	OK
 468	     0	71.2	134.7	1261	OK
 469	     0	74.0	137.2	1267	OK
 470	     0	72.6	138.7	1275	OK
 471	     0	74.9	144.3	1287	OK
 472	     0	70.9	134.0	1268	OK
 473	     0	73.9	140.2	1267	OK
 474	     0	72.9	138.0	1266	OK
 475	     0	74.4	142.8	1248	OK
 476	     0	75.2	141.0	1243	OK
 477	     0	73.1	135.7	1232	OK
 478	     0	74.6	140.8	1258	OK
 479	     0	73.3	138.1	1251	OK
 480	     0	74.0	137.7	1245	OK
 481	     0	74.8	133.1	1254	OK
 482	     0	73.2	137.1	1243	OK
 483	     0	74.3	139.1	1251	OK
 484	     0	72.7	137.6	1244	OK
 485	     0	75.2	141.1	1262	OK
 486	     0	72.1	136.8	1255	OK
 487	     0	74.6	138.5	1256	OK
 488	     0	74.1	138.0	1250	OK
 489	     0	75.7	140.9	1250	OK
 490	     0	75.5	143.1	1274	OK
 491	     0	75.0	142.1	1252	OK
 492	     0	75.3	144.1	1264	OK
 493	     0	74.2	139.9	1252	OK
 494	     0	76.7	146.3	1269	OK
 495	     0	77.1	147.2	1251	OK
 496	     0	76.0	141.8	1262	OK
 497	     0	75.9	144.3	1257	OK
 498	     0	74.7	141.5	1250	OK
 499	     0	74.2	140.5	1273	OK
 500	     0	75.4	140.9	1272	OK
 501	     0	73.0	138.0	1245	OK
 502	     0	75.9	141.6	1260	OK
 503	     0	76.7	144.3	1240	OK
 504	     0	73.9	139.1	1264	OK
 505	     0	76.3	144.8	1246	OK
 506	     0	76.5	142.6	1260	OK
 507	     0	75.5	142.8	1269	OK
 508	     0	78.1	144.3	1250	OK
 509	     0	77.6	147.0	1246	OK
 510	     0	74.3	141.5	1266	OK
 511	     0	75.1	140.5	1254	OK
 512	     0	74.3	138.7	1308	OK
 513	     0	73.2	137.5	1302	OK
 514	     0	72.3	132.5	1281	OK
 515	     0	74.4	136.7	1286	OK
 516	     0	73.8	139.9	1291	OK
 517	     0	72.6	136.6	1293	OK
 518	     0	70.6	131.1	1281	OK
 519	     0	71.1	135.8	1296	OK
 520	     0	71.4	137.4	1287	OK
 521	     0	72.1	136.2	1283	OK
 522	     0	70.8	132.2	1277	OK
 523	     0	73.3	136.0	1296	OK
 524	     0	71.3	135.6	1287	OK
 525	     0	71.4	135.0	1294	OK
 526	     0	72.8	137.7	1282	OK
 527	     0	72.3	133.8	1278	OK
 528	     0	71.8	138.1	1296	OK
 529	     0	72.4	135.2	1301	OK
 530	     0	73.3	137.9	1290	OK
 531	     0	74.2	138.9	1308	OK
 532	     0	72.2	136.5	1302	OK
 533	     0	73.0	138.0	1284	OK
 534	     0	72.1	135.6	1281	OK
 535	     0	73.4	137.0	1308	OK
 536	     0	72.7	135.7	1292	OK
 537	     0	72.4	136.5	1293	OK
 538	     0	73.0	138.7	1306	OK
 539	     0	73.6	138.7	1266	OK
 540	     0	72.3	133.4	1274	OK
 541	     0	75.0	139.6	1285	OK
 542	     0	73.1	136.9	1292	OK
 543	     0	72.1	136.6	1289	OK
 544	     0	72.1	134.0	1290	OK
 545	     0	72.6	139.3	1294	OK
 546	     0	74.3	137.6	1311	OK
 547	     0	73.1	136.9	1281	OK
 548	     0	71.8	137.5	1284	OK
 549	     0	72.8	139.8	1292	OK
 550	     0	71.3	136.1	1279	OK
 551	     0	72.5	135.8	1292	OK
 552	     0	72.7	137.4	1300	OK
 553	     0	73.2	136.4	1294	OK
 554	     0	72.2	136.1	1297	OK
 555	     0	72.3	137.0	1296	OK
 556	     0	72.7	135.6	1313	OK
 557	     0	74.1	139.9	1293	OK
 558	     0	70.7	133.9	1290	OK
 559	     0	74.2	136.3	1293	OK
 560	     0	70.9	133.8	1306	OK
 561	     0	71.8	133.8	1296	OK
 562	     0	72.8	138.6	1315	OK
 563	     0	74.0	138.3	1305	OK
 564	     0	73.6	137.9	1291	OK
 565	     0	74.4	139.8	1277	OK
 566	     0	73.3	135.8	1313	OK
 567	     0	71.6	136.1	1322	OK
 568	     0	74.9	140.9	1288	OK
 569	     0	74.4	137.9	1260	OK
 570	     0	73.6	140.3	1312	OK
 571	     0	73.4	141.3	1287	OK
 572	     0	76.0	144.6	1288	OK
 573	     0	75.8	142.6	1287	OK
 574	     0	74.2	140.5	1293	OK
 575	     0	73.3	139.8	1299	OK
 576	     0	75.5	141.7	1286	OK
 577	     0	72.9	136.9	1312	OK
 578	     0	72.6	136.2	1278	OK
 579	     0	73.1	136.1	1301	OK
 580	     0	72.8	137.0	1286	OK
 581	     0	72.9	140.9	1305	OK
 582	     0	72.6	138.9	1274	OK
 583	     0	73.6	138.1	1280	OK
 584	     0	72.6	137.1	1287	OK
 585	     0	74.4	140.7	1302	OK
 586	     0	72.2	139.1	1277	OK
 587	     0	70.7	134.8	1278	OK
 588	     0	74.5	143.7	1303	OK
 589	     0	74.0	142.2	1290	OK
 590	     0	72.5	136.2	1282	OK
 591	     0	73.1	140.7	1293	OK
 592	     0	72.0	136.7	1281	OK
 593	     0	74.1	142.3	1283	OK
 594	     0	72.5	134.2	1283	OK
 595	     0	72.2	135.2	1294	OK
 596	     0	72.7	136.9	1307	OK
 597	     0	73.7	141.1	1263	OK
 598	     0	73.6	140.5	1285	OK
 599	     0	72.3	134.2	1290	OK
 600	     0	72.7	139.1	1302	OK
 601	     0	73.0	136.4	1266	OK
 602	     0	73.1	137.4	1308	OK
 603	     0	71.1	136.4	1287	OK
 604	     0	73.3	136.0	1262	OK
 605	     0	72.8	139.9	1283	OK
 606	     0	73.4	136.3	1290	OK
 607	     0	74.3	139.0	1278	OK
 608	     0	74.3	139.8	1262	OK
 609	     0	73.3	136.8	1297	OK
 610	     0	72.6	135.8	1301	OK
 611	     0	73.9	141.9	1271	OK
 612	     0	73.9	141.8	1294	OK
 613	     0	72.2	135.5	1270	OK
 614	     0	72.8	135.3	1285	OK
 615	     0	72.1	139.0	1284	OK
 616	     0	73.8	142.4	1294	OK
 617	     0	73.1	137.1	1254	OK
 618	     0	72.5	139.0	1293	OK
 619	     0	74.3	141.4	1269	OK
 620	     0	74.6	142.4	1277	OK
 621	     0	72.2	134.8	1295	OK
 622	     0	73.8	138.5	1264	OK
 623	     0	72.7	137.7	1294	OK
 624	     0	71.3	137.7	1271	OK
 625	     0	72.3	136.3	1257	OK
 626	     0	73.6	136.7	1264	OK
 627	     0	72.0	142.5	1286	OK
 628	     0	72.8	136.1	1287	OK
 629	     0	73.0	136.7	1283	OK
 630	     0	72.2	136.1	1267	OK
 631	     0	74.9	138.0	1266	OK
 632	     0	71.8	134.2	1268	OK
 633	     0	71.6	136.6	1286	OK
 634	     0	75.9	142.5	1279	OK
 635	     0	74.7	143.1	1276	OK
 636	     0	73.9	142.7	1268	OK
 637	     0	74.4	139.3	1267	OK
 638	     0	71.8	134.9	1269	OK
 639	     0	74.8	138.3	1273	OK
 640	     0	75.8	142.3	1295	OK
 641	     0	77.0	143.0	1306	OK
 642	     0	73.0	137.5	1315	OK
 643	     0	73.9	137.5	1306	OK
 644	     0	73.7	139.9	1303	OK
 645	     0	72.4	138.0	1289	OK
 646	     0	73.2	138.2	1310	OK
 647	     0	73.0	137.7	1293	OK
 648	     0	74.3	138.7	1293	OK
 649	     0	73.6	140.2	1319	OK
 650	     0	71.6	133.4	1307	OK
 651	     0	71.2	136.6	1291	OK
 652	     0	71.6	135.8	1301	OK
 653	     0	71.1	133.6	1286	OK
 654	     0	72.3	135.9	1290	OK
 655	     0	73.7	139.6	1319	OK
 656	     0	71.8	136.8	1306	OK
 657	     0	71.7	136.1	1314	OK
 658	     0	71.1	137.4	1312	OK
 659	     0	72.3	135.7	1296	OK
 660	     0	71.0	133.8	1342	OK
 661	     0	72.2	134.7	1299	OK
 662	     0	72.3	136.6	1310	OK
 663	     0	70.2	132.6	1313	OK
 664	     0	71.7	135.8	1313	OK
 665	     0	71.9	137.5	1319	OK
 666	     0	71.5	135.8	1285	OK
 667	     0	71.7	140.0	1300	OK
 668	     0	70.5	131.1	1298	OK
 669	     0	71.5	134.8	1284	OK
 670	     0	73.0	135.9	1295	OK
 671	     0	73.6	136.1	1295	OK
 672	     0	73.8	138.7	1307	OK
 673	     0	72.2	137.1	1307	OK
 674	     0	73.3	139.5	1307	OK
 675	     0	73.3	139.5	1296	OK
 676	     0	70.9	132.9	1306	OK
 677	     0	70.4	134.3	1315	OK
 678	     0	72.8	138.1	1310	OK
 679	     0	74.7	140.2	1315	OK
 680	     0	71.6	135.9	1309	OK
 681	     0	73.7	142.6	1301	OK
 682	     0	72.7	137.0	1284	OK
 683	     0	72.2	138.8	1346	OK
 684	     0	72.9	136.2	1298	OK
 685	     0	74.0	138.8	1304	OK
 686	     0	72.7	136.1	1290	OK
 687	     0	73.2	139.0	1305	OK
 688	     0	73.0	139.5	1312	OK
 689	     0	70.9	137.1	1321	OK
 690	     0	71.8	137.3	1283	OK
 691	     0	74.4	140.5	1312	OK
 692	     0	73.2	137.4	1304	OK
 693	     0	71.2	134.7	1318	OK
 694	     0	71.3	134.0	1300	OK
 695	     0	72.5	137.6	1311	OK
 696	     0	75.2	138.8	1325	OK
 697	     0	73.5	138.2	1306	OK
 698	     0	72.2	138.0	1286	OK
 699	     0	72.1	134.0	1316	OK
 700	     0	73.9	137.3	1297	OK
 701	     0	73.3	139.4	1313	OK
 702	     0	73.3	136.3	1294	OK
 703	     0	74.5	141.9	1320	OK
 704	     0	75.5	141.6	1328	OK
 705	     0	73.5	137.9	1326	OK
 706	     0	72.2	138.5	1308	OK
 707	     0	71.7	138.3	1314	OK
 708	     0	71.5	136.9	1328	OK
 709	     0	72.5	136.2	1322	OK
 710	     0	72.6	140.5	1320	OK
 711	     0	69.3	134.4	1345	OK
 712	     0	71.0	132.3	1311	OK
 713	     0	71.8	135.9	1335	OK
 714	     0	71.7	135.9	1300	OK
 715	     0	72.2	134.1	1337	OK
 716	     0	71.2	136.2	1308	OK
 717	     0	71.8	133.8	1311	OK
 718	     0	75.5	141.3	1307	OK
 719	     0	73.2	139.3	1315	OK
 720	     0	68.0	129.8	1307	OK
 721	     0	72.9	136.9	1321	OK
 722	     0	72.1	135.5	1325	OK
 723	     0	74.0	140.7	1332	OK
 724	     0	71.0	134.2	1320	OK
 725	     0	70.2	131.9	1337	OK
 726	     0	71.7	134.4	1315	OK
 727	     0	71.3	136.8	1313	OK
 728	     0	72.2	137.6	1325	OK
 729	     0	71.9	135.9	1311	OK
 730	     0	68.0	128.3	1299	OK
 731	     0	71.9	135.7	1324	OK
 732	     0	70.5	134.0	1339	OK
 733	     0	72.6	137.2	1301	OK
 734	     0	72.5	136.1	1318	OK
 735	     0	74.4	141.2	1303	OK
 736	     0	72.6	136.7	1301	OK
 737	     0	72.2	136.7	1324	OK
 738	     0	70.9	133.0	1333	OK
 739	     0	73.6	137.1	1331	OK
 740	     0	72.9	137.8	1320	OK
 741	     0	72.3	136.7	1309	OK
 742	     0	70.2	132.5	1323	OK
 743	     0	73.4	139.8	1323	OK
 744	     0	72.0	133.9	1320	OK
 745	     0	72.6	138.7	1309	OK
 746	     0	72.3	135.8	1316	OK
 747	     0	75.0	138.0	1301	OK
 748	     0	72.2	139.1	1325	OK
 749	     0	71.8	135.5	1328	OK
 750	     0	73.0	141.1	1317	OK
 751	     0	73.1	137.1	1306	OK
 752	     0	72.7	138.2	1317	OK
 753	     0	75.2	141.1	1306	OK
 754	     0	72.2	136.5	1312	OK
 755	     0	72.9	137.4	1319	OK
 756	     0	72.0	135.8	1330	OK
 757	     0	75.0	138.1	1311	OK
 758	     0	72.1	135.8	1314	OK
 759	     0	73.2	137.1	1335	OK
 760	     0	72.9	141.0	1344	OK
 761	     0	72.8	137.1	1320	OK
 762	     0	72.7	137.5	1319	OK
 763	     0	74.3	140.5	1334	OK
 764	     0	74.4	138.3	1331	OK
 765	     0	72.7	138.4	1309	OK
 766	     0	76.5	143.2	1313	OK
 767	     0	74.4	141.2	1351	OK
 768	     0	76.1	141.8	1292	OK
 769	     0	76.9	143.4	1261	OK
 770	     0	74.2	138.2	1268	OK
 771	     0	73.9	138.9	1292	OK
 772	     0	74.9	138.7	1261	OK
 773	     0	73.9	137.5	1268	OK
 774	     0	73.4	139.8	1268	OK
 775	     0	75.1	137.3	1273	OK
 776	     0	74.5	188.5	1294	OK
 777	     0	76.4	141.5	1268	OK
 778	     0	72.0	137.0	1254	OK
 779	     0	73.9	137.4	1268	OK
 780	     0	74.5	138.5	1268	OK
 781	     0	75.9	145.0	1275	OK
 782	     0	74.3	137.1	1263	OK
 783	     0	74.2	138.8	1273	OK
 784	     0	75.2	140.5	1268	OK
 785	     0	76.1	142.9	1268	OK
 786	     0	74.9	141.2	1277	OK
 787	     0	74.7	136.6	1277	OK
 788	     0	73.4	135.3	1257	OK
 789	     0	74.1	133.5	1269	OK
 790	     0	75.5	139.6	1293	OK
 791	     0	77.9	143.4	1260	OK
 792	     0	74.5	143.3	1262	OK
 793	     0	78.2	147.3	1276	OK
 794	     0	75.6	142.6	1264	OK
 795	     0	74.7	140.8	1263	OK
 796	     0	74.5	141.7	1284	OK
 797	     0	75.1	137.5	1268	OK
 798	     0	75.3	140.0	1265	OK
 799	     0	76.7	143.1	1278	OK
 800	     0	76.3	141.0	1282	OK
 801	     0	75.4	142.4	1268	OK
 802	     0	75.5	141.8	1267	OK
 803	     0	76.4	143.2	1253	OK
 804	     0	79.4	149.5	1278	OK
 805	     0	75.7	139.8	1265	OK
 806	     0	77.2	140.4	1260	OK
 807	     0	75.9	143.7	1273	OK
 808	     0	77.1	147.1	1289	OK
 809	     0	75.8	141.1	1267	OK
 810	     0	75.6	141.1	1277	OK
 811	     0	76.8	145.3	1254	OK
 812	     0	76.6	141.1	1272	OK
 813	     0	76.0	141.6	1266	OK
 814	     0	75.6	138.3	1242	OK
 815	     0	75.9	138.4	1294	OK
 816	     0	78.3	144.9	1263	OK
 817	     0	78.3	143.0	1280	OK
 818	     0	76.4	141.2	1286	OK
 819	     0	76.5	142.6	1273	OK
 820	     0	75.7	140.7	1287	OK
 821	     0	78.0	148.1	1295	OK
 822	     0	76.4	142.2	1267	OK
 823	     0	76.6	143.3	1294	OK
 824	     0	75.7	142.6	1270	OK
 825	     0	77.6	144.2	1286	OK
 826	     0	76.8	144.0	1286	OK
 827	     0	77.9	143.0	1283	OK
 828	     0	77.2	143.8	1264	OK
 829	     0	78.9	148.1	1310	OK
 830	     0	78.4	145.1	1282	OK
 831	     0	77.5	145.4	1277	OK
 832	     0	78.5	143.9	1238	OK
 833	     0	78.9	147.3	1267	OK
 834	     0	74.6	141.5	1262	OK
 835	     0	78.2	147.1	1266	OK
 836	     0	76.0	142.0	1271	OK
 837	     0	76.2	142.6	1259	OK
 838	     0	77.7	144.9	1262	OK
 839	     0	77.2	147.9	1247	OK
 840	     0	76.8	144.5	1273	OK
 841	     0	75.4	139.2	1257	OK
 842	     0	76.9	141.7	1267	OK
 843	     0	75.9	143.9	1265	OK
 844	     0	76.2	140.4	1271	OK
 845	     0	79.3	145.0	1271	OK
 846	     0	75.4	140.5	1256	OK
 847	     0	76.6	144.6	1279	OK
 848	     0	76.9	145.1	1245	OK
 849	     0	75.8	144.0	1267	OK
 850	     0	75.7	142.1	1249	OK
 851	     0	74.5	137.5	1276	OK
 852	     0	74.7	139.2	1256	OK
 853	     0	75.6	143.0	1254	OK
 854	     0	73.7	139.4	1255	OK
 855	     0	74.6	140.4	1257	OK
 856	     0	76.7	142.2	1268	OK
 857	     0	75.7	139.0	1257	OK
 858	     0	76.1	144.1	1267	OK
 859	     0	75.4	138.5	1251	OK
 860	     0	77.4	155.9	1274	OK
 861	     0	77.1	140.5	1273	OK
 862	     0	74.7	143.5	1251	OK
 863	     0	75.9	144.5	1245	OK
 864	     0	76.5	142.8	1267	OK
 865	     0	75.8	141.1	1248	OK
 866	     0	77.9	141.2	1246	OK
 867	     0	77.2	143.5	1245	OK
 868	     0	78.0	143.1	1241	OK
 869	     0	78.9	148.4	1274	OK
 870	     0	78.0	148.8	1264	OK
 871	     0	78.4	144.4	1263	OK
 872	     0	77.0	142.9	1261	OK
 873	     0	75.5	141.3	1255	OK
 874	     0	78.0	144.7	1248	OK
 875	     0	76.3	142.4	1274	OK
 876	     0	76.6	143.5	1230	OK
 877	     0	75.7	142.7	1220	OK
 878	     0	78.3	144.2	1254	OK
 879	     0	75.9	140.9	1230	OK
 880	     0	77.3	145.2	1244	OK
 881	     0	76.5	143.1	1255	OK
 882	     0	77.7	143.2	1261	OK
 883	     0	76.5	145.0	1233	OK
 884	     0	76.8	141.5	1250	OK
 885	     0	74.7	142.4	1244	OK
 886	     0	77.5	145.4	1223	OK
 887	     0	78.5	145.9	1249	OK
 888	     0	76.4	142.6	1263	OK
 889	     0	76.2	142.7	1266	OK
 890	     0	77.8	144.2	1244	OK
 891	     0	79.3	147.0	1251	OK
 892	     0	79.4	145.8	1256	OK
 893	     0	77.5	144.2	1251	OK
 894	     0	79.9	146.6	1242	OK
 895	     0	76.5	143.0	1252	OK
 896	     0	77.6	141.9	1215	OK
 897	     0	78.2	144.8	1191	OK
 898	     0	76.4	139.6	1213	OK
 899	     0	76.2	143.9	1193	OK
 900	     0	74.2	136.5	1208	OK
 901	     0	73.8	136.6	1216	OK
 902	     0	74.5	140.1	1194	OK
 903	     0	74.7	140.3	1206	OK
 904	     0	73.8	138.4	1212	OK
 905	     0	76.3	139.7	1215	OK
 906	     0	72.5	135.4	1219	OK
 907	     0	73.9	133.9	1224	OK
 908	     0	74.0	130.2	1237	OK
 909	     0	73.7	136.5	1210	OK
 910	     0	75.0	138.7	1243	OK
 911	     0	74.6	140.8	1210	OK
 912	     0	72.7	135.2	1242	OK
 913	     0	73.0	136.9	1224	OK
 914	     0	75.2	151.5	1230	OK
 915	     0	73.5	136.9	1220	OK
 916	     0	75.4	139.1	1213	OK
 917	     0	75.5	140.3	1228	OK
 918	     0	73.1	136.3	1218	OK
 919	     0	75.0	141.1	1214	OK
 920	     0	75.6	142.6	1221	OK
 921	     0	74.2	138.2	1210	OK
 922	     0	72.1	133.8	1218	OK
 923	     0	75.9	139.8	1205	OK
 924	     0	75.1	145.5	1212	OK
 925	     0	76.9	143.0	1222	OK
 926	     0	75.3	138.4	1216	OK
 927	     0	75.6	143.0	1226	OK
 928	     0	74.8	140.5	1224	OK
 929	     0	76.0	138.9	1207	OK
 930	     0	75.1	139.4	1211	OK
 931	     0	74.6	138.2	1220	OK
 932	     0	74.5	141.0	1216	OK
 933	     0	73.9	138.4	1230	OK
 934	     0	76.2	143.0	1214	OK
 935	     0	73.6	138.8	1231	OK
 936	     0	72.2	134.7	1216	OK
 937	     0	74.5	141.1	1214	OK
 938	     0	73.0	136.4	1206	OK
 939	     0	74.3	136.1	1223	OK
 940	     0	74.9	136.6	1227	OK
 941	     0	74.3	137.5	1214	OK
 942	     0	73.0	135.9	1214	OK
 943	     0	76.0	140.8	1214	OK
 944	     0	74.7	137.3	1208	OK
 945	     0	75.7	138.4	1239	OK
 946	     0	74.5	136.5	1233	OK
 947	     0	74.1	137.8	1210	OK
 948	     0	75.2	140.3	1230	OK
 949	     0	72.7	136.4	1221	OK
 950	     0	73.7	138.4	1212	OK
 951	     0	75.1	142.8	1209	OK
 952	     0	73.1	135.8	1236	OK
 953	     0	73.5	137.1	1239	OK
 954	     0	76.0	137.8	1232	OK
 955	     0	74.1	135.8	1244	OK
 956	     0	79.5	146.2	1218	OK
 957	     0	74.8	139.6	1227	OK
 958	     0	75.0	143.8	1222	OK
 959	     0	75.4	138.9	1225	OK
 960	     0	78.7	144.9	1203	OK
 961	     0	76.3	145.6	1236	OK
 962	     0	75.7	140.2	1235	OK
 963	     0	73.6	138.3	1251	OK
 964	     0	72.9	135.2	1223	OK
 965	     0	75.4	143.4	1244	OK
 966	     0	75.4	141.1	1244	OK
 967	     0	73.5	136.3	1221	OK
 968	     0	74.5	138.1	1212	OK
 969	     0	74.2	136.7	1241	OK
 970	     0	72.9	136.3	1233	OK
 971	     0	74.4	140.5	1250	OK
 972	     0	74.2	137.1	1216	OK
 973	     0	73.7	139.9	1233	OK
 974	     0	71.3	132.4	1244	OK
 975	     0	73.7	135.7	1238	OK
 976	     0	73.6	137.7	1225	OK
 977	     0	74.5	137.9	1248	OK
 978	     0	74.7	141.4	1217	OK
 979	     0	73.4	139.0	1234	OK
 980	     0	74.3	135.6	1217	OK
 981	     0	73.4	137.9	1208	OK
 982	     0	71.7	135.4	1249	OK
 983	     0	72.0	135.7	1243	OK
 984	     0	75.1	139.5	1225	OK
 985	     0	71.9	135.1	1247	OK
 986	     0	72.6	133.2	1222	OK
 987	     0	72.4	137.4	1213	OK
 988	     0	71.5	133.4	1227	OK
 989	     0	70.6	135.8	1238	OK
 990	     0	74.3	140.2	1235	OK
 991	     0	74.9	138.4	1238	OK
 992	     0	72.3	132.6	1221	OK
 993	     0	73.4	133.0	1224	OK
 994	     0	73.2	136.3	1226	OK
 995	     0	74.3	137.2	1215	OK
 996	     0	73.1	136.6	1263	OK
 997	     0	72.5	135.2	1216	OK
 998	     0	73.1	136.5	1218	OK
 999	     0	74.7	137.3	1227	OK
1000	     0	73.3	137.9	1227	OK
1001	     0	74.1	137.2	1231	OK
1002	     0	73.8	136.7	1223	OK
1003	     0	76.6	139.5	1230	OK
1004	     0	74.1	140.0	1213	OK
1005	     0	72.0	133.1	1222	OK
1006	     0	74.3	135.6	1252	OK
1007	     0	74.2	138.8	1235	OK
1008	     0	72.4	135.9	1223	OK
1009	     0	74.3	140.2	1234	OK
1010	     0	72.9	133.4	1233	OK
1011	     0	72.8	135.9	1234	OK
1012	     0	75.8	138.6	1239	OK
1013	     0	74.2	138.9	1217	OK
1014	     0	72.3	134.0	1241	OK
1015	     0	75.5	141.2	1230	OK
1016	     0	73.1	133.8	1246	OK
1017	     0	73.7	138.5	1223	OK
1018	     0	73.3	137.4	1230	OK
1019	     0	73.3	137.5	1247	OK
1020	     0	71.6	134.2	1228	OK
1021	     0	72.9	134.6	1241	OK
1022	     0	74.0	137.2	1228	OK
1023	     0	74.3	138.3	1226	OK
1024	     0	72.9	137.4	1271	OK
1025	     0	73.4	137.4	1273	OK
1026	     0	72.7	141.3	1256	OK
1027	     0	73.3	138.2	1270	OK
1028	     0	71.8	139.0	1263	OK
1029	     0	71.7	136.2	1266	OK
1030	     0	72.1	134.3	1255	OK
1031	     0	75.2	142.8	1285	OK
1032	     0	71.7	134.2	1295	OK
1033	     0	72.3	137.6	1252	OK
1034	     0	72.6	139.4	1263	OK
1035	     0	72.4	137.3	1278	OK
1036	     0	73.2	135.5	1264	OK
1037	     0	72.7	134.8	1269	OK
1038	     0	72.8	136.6	1281	OK
1039	     0	72.6	135.4	1266	OK
1040	     0	72.0	140.0	1283	OK
1041	     0	73.2	137.9	1269	OK
1042	     0	72.3	136.3	1251	OK
1043	     0	72.5	138.6	1276	OK
1044	     0	70.9	137.0	1302	OK
1045	     0	71.2	133.6	1228	OK
1046	     0	71.9	135.2	1280	OK
1047	     0	73.9	137.5	1251	OK
1048	     0	70.6	135.4	1273	OK
1049	     0	71.5	138.1	1268	OK
1050	     0	71.7	135.7	1281	OK
1051	     0	71.5	135.3	1280	OK
1052	     0	72.3	137.4	1271	OK
1053	     0	71.6	136.6	1301	OK
1054	     0	72.6	136.9	1282	OK
1055	     0	71.6	136.7	1268	OK
1056	     0	72.7	139.4	1262	OK
1057	     0	70.5	134.8	1275	OK
1058	     0	71.6	137.5	1274	OK
1059	     0	71.9	134.6	1259	OK
1060	     0	72.3	137.3	1284	OK
1061	     0	72.6	139.3	1286	OK
1062	     0	69.8	131.5	1257	OK
1063	     0	71.0	133.3	1287	OK
1064	     0	71.4	134.1	1276	OK
1065	     0	70.6	133.4	1288	OK
1066	     0	70.5	136.3	1263	OK
1067	     0	70.9	136.7	1285	OK
1068	     0	70.8	136.1	1285	OK
1069	     0	70.9	134.3	1271	OK
1070	     0	71.4	133.5	1273	OK
1071	     0	73.0	138.3	1276	OK
1072	     0	72.7	137.5	1262	OK
1073	     0	72.4	137.8	1295	OK
1074	     0	71.1	138.0	1287	OK
1075	     0	70.6	132.7	1266	OK
1076	     0	73.0	135.2	1282	OK
1077	     0	72.7	136.8	1281	OK
1078	     0	70.7	135.2	1265	OK
1079	     0	72.6	138.7	1254	OK
1080	     0	70.1	133.7	1254	OK
1081	     0	74.4	141.7	1264	OK
1082	     0	74.1	138.8	1273	OK
1083	     0	74.0	137.2	1269	OK
1084	     0	73.8	140.2	1280	OK
1085	     0	73.7	141.2	1287	OK
1086	     0	75.8	141.5	1291	OK
1087	     0	76.5	142.0	1265	OK
1088	     0	70.7	135.0	1270	OK
1089	     0	72.5	137.2	1267	OK
1090	     0	71.1	133.7	1253	OK
1091	     0	71.1	136.1	1290	OK
1092	     0	70.9	134.9	1285	OK
1093	     0	71.8	136.3	1267	OK
1094	     0	71.8	140.0	1279	OK
1095	     0	71.4	132.0	1274	OK
1096	     0	73.6	139.0	1277	OK
1097	     0	73.5	139.0	1284	OK
1098	     0	71.1	135.6	1273	OK
1099	     0	71.8	135.5	1275	OK
1100	     0	73.6	141.1	1269	OK
1101	     0	69.2	130.4	1279	OK
1102	     0	70.3	134.7	1276	OK
1103	     0	71.2	137.1	1292	OK
1104	     0	70.9	136.7	1289	OK
1105	     0	70.9	133.7	1265	OK
1106	     0	71.6	135.1	1262	OK
1107	     0	70.3	134.0	1285	OK
1108	     0	71.4	135.2	1255	OK
1109	     0	72.7	138.4	1270	OK
1110	     0	71.5	136.8	1265	OK
1111	     0	71.4	134.4	1267	OK
1112	     0	69.6	131.5	1264	OK
1113	     0	71.2	132.2	1263	OK
1114	     0	70.8	137.6	1265	OK
1115	     0	73.4	140.0	1255	OK
1116	     0	72.1	135.8	1264	OK
1117	     0	69.4	131.2	1271	OK
1118	     0	70.5	134.6	1251	OK
1119	     0	71.3	138.0	1261	OK
1120	     0	70.4	130.0	1275	OK
1121	     0	73.1	135.7	1254	OK
1122	     0	70.4	135.3	1272	OK
1123	     0	72.5	136.7	1260	OK
1124	     0	70.1	132.1	1254	OK
1125	     0	73.1	137.3	1268	OK
1126	     0	71.1	135.2	1269	OK
1127	     0	70.6	134.9	1299	OK
1128	     0	69.3	130.9	1255	OK
1129	     0	73.1	138.5	1267	OK
1130	     0	70.6	131.9	1272	OK
1131	     0	72.2	137.9	1281	OK
1132	     0	71.1	135.6	1283	OK
1133	     0	73.7	139.5	1266	OK
1134	     0	71.8	136.7	1281	OK
1135	     0	72.5	137.9	1278	OK
1136	     0	71.9	138.6	1278	OK
1137	     0	72.1	134.3	1267	OK
1138	     0	71.4	137.4	1277	OK
1139	     0	70.6	135.3	1275	OK
1140	     0	69.6	133.9	1291	OK
1141	     0	71.8	137.3	1281	OK
1142	     0	74.0	138.4	1283	OK
1143	     0	72.5	138.5	1267	OK
1144	     0	71.8	137.4	1287	OK
1145	     0	72.8	139.1	1292	OK
1146	     0	70.8	137.1	1268	OK
1147	     0	73.0	140.8	1290	OK
1148	     0	69.7	133.6	1291	OK
1149	     0	75.6	143.1	1293	OK
1150	     0	75.1	140.2	1310	OK
1151	   200	79.3	147.8	1318	high gain
1152	     0	77.3	143.5	1234	OK
1153	     0	75.9	140.9	1217	OK
1154	     0	76.5	140.8	1250	OK
1155	     0	76.6	144.1	1231	OK
1156	     0	73.0	139.9	1232	OK
1157	     0	72.8	137.2	1229	OK
1158	     0	77.2	145.8	1217	OK
1159	     0	75.5	142.3	1222	OK
1160	     0	74.1	143.8	1235	OK
1161	     0	73.4	135.5	1233	OK
1162	     0	76.6	145.7	1246	OK
1163	     0	75.1	139.7	1210	OK
1164	     0	74.9	140.5	1210	OK
1165	     0	72.4	138.8	1223	OK
1166	     0	76.6	142.0	1229	OK
1167	     0	74.2	139.0	1211	OK
1168	     0	73.7	137.0	1205	OK
1169	     0	73.6	138.9	1211	OK
1170	     0	73.0	139.4	1224	OK
1171	     0	75.6	142.4	1216	OK
1172	     0	74.6	140.2	1247	OK
1173	     0	75.6	142.2	1221	OK
1174	     0	74.0	136.9	1225	OK
1175	     0	74.9	140.8	1203	OK
1176	     0	75.1	139.6	1229	OK
1177	     0	76.6	139.6	1225	OK
1178	     0	74.8	137.6	1212	OK
1179	     0	77.2	141.3	1223	OK
1180	     0	76.5	140.7	1205	OK
1181	     0	76.8	142.7	1237	OK
1182	     0	73.9	138.4	1221	OK
1183	     0	73.2	134.8	1220	OK
1184	     0	76.1	145.0	1212	OK
1185	     0	75.2	140.8	1230	OK
1186	     0	73.9	135.4	1222	OK
1187	     0	76.7	141.4	1239	OK
1188	     0	72.4	136.6	1216	OK
1189	     0	73.9	139.7	1241	OK
1190	     0	74.9	140.9	1244	OK
1191	     0	76.4	145.3	1253	OK
1192	     0	73.3	139.2	1226	OK
1193	     0	75.2	139.6	1213	OK
1194	     0	74.8	140.3	1244	OK
1195	     0	73.5	141.3	1231	OK
1196	     0	74.6	138.6	1218	OK
1197	     0	75.4	137.8	1232	OK
1198	     0	75.0	142.4	1222	OK
1199	     0	74.0	138.8	1234	OK
1200	     0	75.1	139.7	1234	OK
1201	     0	76.0	141.5	1243	OK
1202	     0	74.9	138.8	1227	OK
1203	     0	77.1	144.3	1233	OK
1204	     0	74.9	138.7	1229	OK
1205	     0	76.2	140.3	1251	OK
1206	     0	72.5	139.6	1232	OK
1207	     0	75.9	141.6	1229	OK
1208	     0	76.0	142.9	1225	OK
1209	     0	76.5	142.8	1230	OK
1210	     0	77.1	142.4	1207	OK
1211	     0	75.5	142.8	1234	OK
1212	     0	76.8	142.7	1229	OK
1213	     0	78.5	148.3	1260	OK
1214	     0	77.5	145.1	1234	OK
1215	     0	79.8	149.9	1228	OK
1216	     0	77.0	147.0	1216	OK
1217	     0	78.5	144.0	1230	OK
1218	     0	75.3	141.1	1225	OK
1219	     0	74.5	138.5	1242	OK
1220	     0	73.8	140.3	1223	OK
1221	     0	72.6	136.4	1217	OK
1222	     0	75.5	139.3	1225	OK
1223	     0	75.5	140.4	1225	OK
1224	     0	73.4	137.9	1225	OK
1225	     0	76.0	145.0	1240	OK
1226	     0	74.1	137.7	1220	OK
1227	     0	73.4	135.7	1223	OK
1228	     0	73.5	140.6	1232	OK
1229	     0	76.5	143.2	1230	OK
1230	     0	75.5	141.3	1226	OK
1231	     0	76.7	143.4	1232	OK
1232	     0	73.7	139.5	1229	OK
1233	     0	77.7	148.6	1257	OK
1234	     0	74.5	139.3	1250	OK
1235	     0	75.0	138.2	1219	OK
1236	     0	76.9	142.7	1206	OK
1237	     0	74.9	137.6	1240	OK
1238	     0	74.6	141.7	1202	OK
1239	     0	74.6	138.8	1219	OK
1240	     0	79.0	146.2	1217	OK
1241	     0	74.8	142.5	1212	OK
1242	     0	75.5	142.8	1228	OK
1243	     0	74.5	143.7	1231	OK
1244	     0	75.1	142.0	1223	OK
1245	     0	75.0	138.7	1216	OK
1246	     0	72.0	136.0	1208	OK
1247	     0	76.1	144.1	1240	OK
1248	     0	73.7	149.0	1221	OK
1249	     0	75.4	143.1	1221	OK
1250	     0	73.5	139.5	1202	OK
1251	     0	74.7	141.5	1208	OK
1252	     0	74.4	137.4	1219	OK
1253	     0	74.3	137.6	1218	OK
1254	     0	73.4	138.6	1216	OK
1255	     0	75.6	143.3	1209	OK
1256	     0	73.0	137.4	1208	OK
1257	     0	74.1	143.1	1227	OK
1258	     0	75.2	142.8	1217	OK
1259	     0	74.4	139.9	1215	OK
1260	     0	75.5	142.0	1230	OK
1261	     0	74.5	139.3	1214	OK
1262	     0	74.0	140.6	1215	OK
1263	     0	75.3	140.5	1212	OK
1264	     0	73.9	138.1	1208	OK
1265	     0	72.8	140.1	1240	OK
1266	     0	74.4	138.2	1200	OK
1267	     0	75.1	142.0	1208	OK
1268	     0	75.9	140.9	1209	OK
1269	     0	73.4	136.7	1234	OK
1270	     0	74.7	137.6	1226	OK
1271	     0	73.2	138.0	1218	OK
1272	     0	73.3	139.5	1231	OK
1273	     0	73.8	137.4	1227	OK
1274	     0	75.0	140.5	1222	OK
1275	     0	75.3	142.1	1230	OK
1276	     0	76.5	139.2	1242	OK
1277	     0	77.3	143.8	1200	OK
1278	     0	76.6	145.9	1229	OK
1279	     0	79.0	146.4	1223	OK
1280	     0	76.3	143.7	1241	OK
1281	     0	77.0	143.3	1243	OK
1282	     0	74.3	142.5	1250	OK
1283	     0	72.4	135.5	1221	OK
1284	     0	72.8	138.1	1223	OK
1285	     0	75.2	140.3	1219	OK
1286	     0	70.8	135.3	1229	OK
1287	     0	75.0	138.6	1250	OK
1288	     0	73.6	138.4	1223	OK
1289	     0	73.3	137.8	1230	OK
1290	     0	71.5	138.0	1242	OK
1291	     0	73.1	138.8	1227	OK
1292	     0	74.4	141.3	1259	OK
1293	     0	74.4	137.8	1235	OK
1294	     0	74.7	139.8	1229	OK
1295	     0	71.3	135.6	1218	OK
1296	     0	73.1	138.6	1268	OK
1297	     0	73.0	137.9	1238	OK
1298	     0	71.7	135.2	1237	OK
1299	     0	73.7	138.1	1240	OK
1300	     0	71.5	132.6	1236	OK
1301	     0	72.5	137.1	1247	OK
1302	     0	72.7	138.6	1228	OK
1303	     0	72.8	137.2	1212	OK
1304	     0	73.2	136.6	1231	OK
1305	     0	73.0	138.0	1259	OK
1306	     0	71.8	136.3	1232	OK
1307	     0	74.9	143.4	1239	OK
1308	     0	72.8	133.9	1212	OK
1309	     0	72.6	136.2	1261	OK
1310	     0	72.1	134.2	1255	OK
1311	     0	74.1	138.7	1233	OK
1312	     0	72.4	135.0	1215	OK
1313	     0	73.8	137.5	1256	OK
1314	     0	72.4	139.3	1222	OK
1315	     0	72.3	136.8	1223	OK
1316	     0	74.9	139.4	1256	OK
1317	     0	72.1	135.2	1256	OK
1318	     0	73.6	137.1	1254	OK
1319	     0	71.1	136.8	1239	OK
1320	     0	70.5	135.9	1248	OK
1321	     0	72.3	133.8	1230	OK
1322	     0	71.1	135.0	1211	OK
1323	     0	73.3	137.5	1240	OK
1324	     0	70.9	133.7	1247	OK
1325	     0	73.9	136.3	1227	OK
1326	     0	71.2	132.1	1234	OK
1327	     0	72.4	139.6	1235	OK
1328	     0	73.9	140.3	1247	OK
1329	     0	73.7	136.5	1251	OK
1330	     0	72.9	137.1	1233	OK
1331	     0	74.3	140.2	1235	OK
1332	     0	73.2	140.9	1245	OK
1333	     0	72.7	137.0	1229	OK
1334	     0	73.6	141.5	1243	OK
1335	     0	72.6	137.2	1218	OK
1336	     0	74.2	140.3	1227	OK
1337	     0	72.0	137.7	1255	OK
1338	     0	74.8	141.8	1265	OK
1339	     0	75.5	143.2	1250	OK
1340	     0	73.7	140.2	1234	OK
1341	     0	75.4	142.0	1249	OK
1342	     0	74.0	141.1	1246	OK
1343	     0	76.6	145.5	1236	OK
1344	     0	71.6	136.6	1262	OK
1345	     0	73.4	137.3	1225	OK
1346	     0	74.5	141.1	1242	OK
1347	     0	71.4	133.8	1235	OK
1348	     0	71.7	134.2	1228	OK
1349	     0	73.5	135.3	1223	OK
1350	     0	72.4	137.2	1249	OK
1351	     0	71.8	136.1	1235	OK
1352	     0	73.0	138.3	1225	OK
1353	     0	73.7	139.3	1217	OK
1354	     0	75.2	139.4	1229	OK
1355	     0	71.3	135.4	1226	OK
1356	     0	71.7	136.7	1226	OK
1357	     0	73.8	140.8	1221	OK
1358	     0	73.1	136.9	1228	OK
1359	     0	72.6	137.0	1251	OK
1360	     0	70.7	132.2	1210	OK
1361	     0	73.9	139.1	1225	OK
1362	     0	72.2	137.2	1232	OK
1363	     0	72.3	138.0	1206	OK
1364	     0	74.0	138.5	1239	OK
1365	     0	71.2	136.2	1227	OK
1366	     0	72.9	138.5	1238	OK
1367	     0	72.1	138.1	1222	OK
1368	     0	72.1	134.9	1210	OK
1369	     0	71.0	134.1	1235	OK
1370	     0	72.7	136.9	1232	OK
1371	     0	70.6	134.7	1223	OK
1372	     0	72.3	139.3	1248	OK
1373	     0	73.0	139.2	1225	OK
1374	     0	71.8	133.2	1231	OK
1375	     0	72.6	136.8	1208	OK
1376	     0	72.6	137.7	1227	OK
1377	     0	69.9	135.5	1232	OK
1378	     0	71.4	135.7	1230	OK
1379	     0	72.4	138.8	1221	OK
1380	     0	73.9	140.6	1239	OK
1381	     0	70.6	135.9	1230	OK
1382	     0	71.1	135.1	1227	OK
1383	     0	72.5	137.3	1236	OK
1384	     0	70.7	134.8	1214	OK
1385	     0	71.3	133.6	1209	OK
1386	     0	74.7	143.6	1220	OK
1387	     0	71.2	133.1	1222	OK
1388	     0	70.6	135.2	1213	OK
1389	     0	72.0	136.3	1214	OK
1390	     0	71.5	132.9	1232	OK
1391	     0	70.5	133.3	1213	OK
1392	     0	72.3	134.5	1188	OK
1393	     0	71.1	137.4	1235	OK
1394	     0	71.2	133.8	1234	OK
1395	     0	71.6	136.1	1233	OK
1396	     0	69.2	130.8	1211	OK
1397	     0	70.9	132.8	1227	OK
1398	     0	72.9	138.6	1227	OK
1399	     0	70.7	135.4	1240	OK
1400	     0	70.4	133.7	1216	OK
1401	     0	72.2	134.1	1228	OK
1402	     0	72.4	139.1	1212	OK
1403	     0	72.4	138.4	1214	OK
1404	     0	72.2	135.4	1208	OK
1405	     0	73.3	136.7	1223	OK
1406	     0	72.6	138.8	1220	OK
1407	     0	74.9	142.5	1209	OK
1408	     0	72.9	139.3	1235	OK
1409	     0	72.0	135.6	1196	OK
1410	     0	73.4	141.3	1218	OK
1411	     0	73.8	137.5	1214	OK
1412	     0	71.7	134.1	1196	OK
1413	     0	72.8	137.6	1205	OK
1414	     0	70.5	134.0	1208	OK
1415	     0	71.1	137.7	1230	OK
1416	     0	73.5	138.3	1215	OK
1417	     0	73.8	138.5	1208	OK
1418	     0	72.4	135.5	1224	OK
1419	     0	71.7	135.8	1200	OK
1420	     0	71.0	134.3	1216	OK
1421	     0	70.6	135.0	1192	OK
1422	     0	72.6	139.4	1206	OK
1423	     0	73.9	137.8	1229	OK
1424	     0	71.4	133.3	1220	OK
1425	     0	72.7	135.3	1200	OK
1426	     0	71.0	133.8	1206	OK
1427	     0	72.8	142.2	1196	OK
1428	     0	72.9	137.9	1192	OK
1429	     0	73.6	139.1	1204	OK
1430	     0	73.4	136.8	1197	OK
1431	     0	73.6	142.0	1220	OK
1432	     0	73.3	135.8	1213	OK
1433	     0	75.6	140.8	1203	OK
1434	     0	71.9	136.3	1183	OK
1435	     0	73.0	137.7	1212	OK
1436	     0	73.3	137.0	1218	OK
1437	     0	72.5	136.5	1217	OK
1438	     0	72.4	137.6	1204	OK
1439	     0	72.6	136.9	1198	OK
1440	     0	72.7	136.7	1188	OK
1441	     0	73.4	137.5	1200	OK
1442	     0	75.4	140.9	1209	OK
1443	     0	73.1	139.1	1235	OK
1444	     0	74.6	142.0	1216	OK
1445	     0	73.1	141.5	1223	OK
1446	     0	70.4	135.8	1224	OK
1447	     0	73.1	137.9	1212	OK
1448	     0	72.3	137.0	1232	OK
1449	     0	72.4	136.2	1203	OK
1450	     0	71.8	135.3	1216	OK
1451	     0	74.9	141.5	1220	OK
1452	     0	74.1	137.6	1209	OK
1453	     0	72.3	133.3	1199	OK
1454	     0	73.2	140.1	1238	OK
1455	     0	74.1	137.8	1216	OK
1456	     0	73.4	138.3	1220	OK
1457	     0	74.4	141.0	1202	OK
1458	     0	73.4	137.2	1200	OK
1459	     0	73.5	138.3	1205	OK
1460	     0	72.1	137.9	1215	OK
1461	     0	73.5	139.1	1212	OK
1462	     0	72.4	139.4	1197	OK
1463	     0	71.9	136.9	1232	OK
1464	     0	74.5	139.9	1201	OK
1465	     0	73.5	136.3	1192	OK
1466	     0	74.9	140.6	1213	OK
1467	     0	74.8	142.6	1220	OK
1468	     0	77.0	145.6	1214	OK
1469	     0	76.0	141.7	1225	OK
1470	     0	75.9	142.7	1202	OK
1471	     0	77.3	145.5	1200	OK
1472	     0	75.7	140.8	1198	OK
1473	     0	74.2	140.3	1199	OK
1474	     0	73.2	137.4	1210	OK
1475	     0	74.2	143.4	1201	OK
1476	     0	71.4	136.6	1226	OK
1477	     0	72.3	137.6	1197	OK
1478	     0	72.2	135.3	1206	OK
1479	     0	74.2	142.0	1201	OK
1480	     0	72.5	139.3	1210	OK
1481	     0	73.8	140.1	1189	OK
1482	     0	71.9	138.9	1211	OK
1483	     0	74.4	140.0	1205	OK
1484	     0	72.5	136.9	1194	OK
1485	     0	72.6	137.7	1207	OK
1486	     0	71.6	135.6	1207	OK
1487	     0	72.8	137.8	1186	OK
1488	     0	72.2	137.0	1189	OK
1489	     0	72.8	136.6	1210	OK
1490	     0	74.0	139.6	1202	OK
1491	     0	74.0	140.1	1209	OK
1492	     0	72.1	134.6	1219	OK
1493	     0	73.7	139.7	1196	OK
1494	     0	72.3	136.2	1178	OK
1495	     0	72.9	139.5	1209	OK
1496	     0	72.9	138.2	1213	OK
1497	     0	72.6	137.9	1214	OK
1498	     0	75.1	139.9	1186	OK
1499	     0	72.9	142.5	1203	OK
1500	     0	72.3	137.0	1208	OK
1501	     0	73.7	141.9	1181	OK
1502	     0	73.2	141.5	1204	OK
1503	     0	71.2	135.8	1191	OK
1504	     0	72.9	139.8	1205	OK
1505	     0	70.1	134.2	1202	OK
1506	     0	73.6	136.8	1190	OK
1507	     0	75.1	142.0	1207	OK
1508	     0	75.5	141.6	1204	OK
1509	     0	72.2	137.3	1195	OK
1510	     0	73.0	137.1	1192	OK
1511	     0	74.7	140.8	1214	OK
1512	     0	74.4	138.3	1202	OK
1513	     0	75.1	144.7	1199	OK
1514	     0	75.0	143.1	1198	OK
1515	     0	76.2	144.4	1211	OK
1516	     0	73.3	140.4	1202	OK
1517	     0	74.6	138.5	1193	OK
1518	     0	74.6	139.7	1205	OK
1519	     0	72.9	139.5	1198	OK
1520	     0	75.6	144.9	1204	OK
1521	     0	75.9	142.4	1206	OK
1522	     0	74.5	140.6	1202	OK
1523	     0	76.8	148.6	1196	OK
1524	     0	75.6	143.8	1209	OK
1525	     0	73.5	138.4	1185	OK
1526	     0	75.4	141.7	1174	OK
1527	     0	74.7	142.9	1202	OK
1528	     0	73.7	138.5	1205	OK
1529	     0	75.5	141.8	1208	OK
1530	     0	75.9	142.7	1221	OK
1531	     0	75.2	143.0	1200	OK
1532	     0	76.0	146.7	1223	OK
1533	     0	76.9	144.0	1212	OK
1534	     0	76.9	146.9	1212	OK
1535	     0	75.4	142.0	1202	OK
1536	     0	71.0	136.2	1265	OK
1537	     0	73.5	135.3	1240	OK
1538	     0	71.7	137.4	1246	OK
1539	     0	74.4	139.7	1222	OK
1540	     0	71.0	135.3	1234	OK
1541	     0	72.4	113.5	1245	OK
1542	     0	72.9	136.4	1229	OK
1543	     0	73.0	138.8	1238	OK
1544	     0	72.2	136.4	1235	OK
1545	     0	70.8	137.0	1227	OK
1546	     0	70.2	132.7	1232	OK
1547	     0	71.9	134.3	1228	OK
1548	     0	71.2	135.5	1233	OK
1549	     0	72.1	137.0	1236	OK
1550	     0	74.2	136.8	1242	OK
1551	     0	72.5	139.6	1236	OK
1552	     0	72.1	135.4	1234	OK
1553	     0	71.8	134.3	1224	OK
1554	     0	72.4	135.5	1242	OK
1555	     0	73.1	135.9	1226	OK
1556	     0	72.5	138.5	1260	OK
1557	     0	73.4	137.5	1262	OK
1558	     0	72.0	138.0	1241	OK
1559	     0	73.7	139.1	1233	OK
1560	     0	74.1	142.4	1209	OK
1561	     0	75.5	140.9	1227	OK
1562	     0	72.1	136.5	1243	OK
1563	     0	72.6	136.9	1233	OK
1564	     0	72.8	140.7	1239	OK
1565	     0	72.2	135.1	1238	OK
1566	     0	72.2	137.0	1229	OK
1567	     0	70.8	137.6	1233	OK
1568	     0	71.0	133.9	1240	OK
1569	     0	69.6	132.1	1245	OK
1570	     0	71.0	134.0	1226	OK
1571	     0	71.0	136.7	1232	OK
1572	     0	71.5	135.9	1247	OK
1573	     0	72.8	138.8	1242	OK
1574	     0	72.9	139.7	1231	OK
1575	     0	72.2	134.0	1231	OK
1576	     0	70.8	144.0	1245	OK
1577	     0	70.9	134.8	1250	OK
1578	     0	72.0	137.5	1229	OK
1579	     0	72.6	137.0	1246	OK
1580	     0	70.4	132.4	1230	OK
1581	     0	72.5	139.8	1253	OK
1582	     0	70.1	135.5	1251	OK
1583	     0	72.0	132.4	1248	OK
1584	     0	72.8	138.9	1229	OK
1585	     0	73.4	138.9	1229	OK
1586	     0	74.0	141.3	1251	OK
1587	     0	72.7	136.9	1229	OK
1588	     0	73.9	138.4	1245	OK
1589	     0	74.9	140.0	1233	OK
1590	     0	73.3	137.8	1241	OK
1591	     0	72.2	138.9	1251	OK
1592	     0	73.7	140.2	1234	OK
1593	     0	71.8	156.8	1263	OK
1594	     0	72.6	134.9	1256	OK
1595	     0	73.8	142.6	1249	OK
1596	     0	74.0	140.9	1249	OK
1597	     0	72.6	139.3	1255	OK
1598	     0	75.0	141.0	1235	OK
1599	     0	77.7	146.5	1234	OK
1600	     0	73.1	139.7	1228	OK
1601	     0	73.0	136.0	1229	OK
1602	     0	72.9	138.7	1244	OK
1603	     0	74.4	139.5	1220	OK
1604	     0	73.8	138.1	1240	OK
1605	     0	73.2	137.5	1250	OK
1606	     0	73.8	140.6	1236	OK
1607	     0	71.1	134.3	1227	OK
1608	     0	72.9	140.1	1228	OK
1609	     0	71.6	136.3	1249	OK
1610	     0	71.2	135.1	1233	OK
1611	     0	70.9	133.3	1237	OK
1612	     0	73.0	138.9	1241	OK
1613	     0	71.3	135.4	1231	OK
1614	     0	75.0	140.3	1252	OK
1615	     0	75.5	140.8	1239	OK
1616	     0	72.4	137.8	1226	OK
1617	     0	71.9	137.9	1233	OK
1618	     0	73.6	140.9	1269	OK
1619	     0	75.8	142.7	1241	OK
1620	     0	71.4	134.8	1243	OK
1621	     0	72.6	139.0	1225	OK
1622	     0	72.6	139.8	1249	OK
1623	     0	72.4	136.9	1244	OK
1624	     0	72.7	136.4	1226	OK
1625	     0	72.3	139.2	1210	OK
1626	     0	72.4	137.4	1241	OK
1627	     0	73.6	138.5	1230	OK
1628	     0	72.9	137.1	1213	OK
1629	     0	73.0	140.8	1241	OK
1630	     0	72.3	136.9	1232	OK
1631	     0	72.5	137.0	1245	OK
1632	     0	72.9	138.1	1213	OK
1633	     0	74.2	144.1	1231	OK
1634	     0	71.6	132.6	1206	OK
1635	     0	74.5	141.0	1242	OK
1636	     0	73.3	136.4	1221	OK
1637	     0	72.7	137.8	1239	OK
1638	     0	71.8	138.7	1230	OK
1639	     0	74.3	139.0	1228	OK
1640	     0	73.1	139.8	1232	OK
1641	     0	73.8	140.3	1233	OK
1642	     0	71.7	137.6	1234	OK
1643	     0	73.9	139.4	1225	OK
1644	     0	72.9	136.8	1242	OK
1645	     0	72.4	137.8	1232	OK
1646	     0	72.6	137.9	1234	OK
1647	     0	73.5	137.7	1224	OK
1648	     0	72.4	136.4	1223	OK
1649	     0	70.9	131.7	1225	OK
1650	     0	70.1	135.5	1225	OK
1651	     0	73.0	141.2	1232	OK
1652	     0	72.7	136.7	1237	OK
1653	     0	73.1	138.1	1230	OK
1654	     0	72.3	137.4	1231	OK
1655	     0	72.8	136.4	1242	OK
1656	     0	72.2	135.4	1213	OK
1657	     0	74.1	139.5	1216	OK
1658	     0	73.0	137.8	1256	OK
1659	     0	74.5	141.6	1232	OK
1660	     0	73.0	137.1	1235	OK
1661	     0	73.4	138.0	1231	OK
1662	     0	77.6	148.5	1236	OK
1663	     0	76.0	144.9	1221	OK
1664	     0	74.8	142.8	1247	OK
1665	     0	74.5	140.4	1251	OK
1666	     0	73.2	138.5	1230	OK
1667	     0	73.4	138.1	1242	OK
1668	     0	71.6	136.4	1253	OK
1669	     0	71.8	136.3	1235	OK
1670	     0	70.9	136.0	1240	OK
1671	     0	73.2	135.6	1246	OK
1672	     0	70.6	134.7	1270	OK
1673	     0	71.2	137.0	1233	OK
1674	     0	72.4	135.8	1253	OK
1675	     0	72.2	136.3	1234	OK
1676	     0	70.2	132.1	1238	OK
1677	     0	71.1	133.0	1257	OK
1678	     0	73.4	140.5	1252	OK
1679	     0	72.6	141.5	1236	OK
1680	     0	72.0	134.2	1260	OK
1681	     0	69.7	131.9	1248	OK
1682	     0	70.3	135.7	1252	OK
1683	     0	72.5	137.2	1228	OK
1684	     0	70.3	132.1	1233	OK
1685	     0	73.0	136.9	1258	OK
1686	     0	71.1	134.8	1248	OK
1687	     0	71.2	138.2	1257	OK
1688	     0	71.6	136.4	1254	OK
1689	     0	70.0	132.4	1244	OK
1690	     0	71.3	135.6	1235	OK
1691	     0	72.0	135.7	1243	OK
1692	     0	73.1	140.6	1261	OK
1693	     0	73.0	137.8	1263	OK
1694	     0	72.4	137.6	1269	OK
1695	     0	72.8	138.0	1233	OK
1696	     0	73.0	141.0	1258	OK
1697	     0	73.5	137.0	1248	OK
1698	     0	70.4	136.9	1233	OK
1699	     0	71.5	134.2	1252	OK
1700	     0	75.1	142.6	1247	OK
1701	     0	72.7	136.6	1234	OK
1702	     0	72.4	137.1	1249	OK
1703	     0	72.8	139.7	1234	OK
1704	     0	71.2	133.5	1240	OK
1705	     0	73.3	139.4	1246	OK
1706	     0	71.8	136.4	1266	OK
1707	     0	72.3	136.5	1242	OK
1708	     0	70.8	136.7	1259	OK
1709	     0	72.7	137.4	1251	OK
1710	     0	71.6	136.7	1265	OK
1711	     0	71.7	133.5	1239	OK
1712	     0	70.9	136.0	1272	OK
1713	     0	72.5	136.7	1250	OK
1714	     0	72.9	136.4	1234	OK
1715	     0	73.9	138.2	1258	OK
1716	     0	71.0	136.1	1259	OK
1717	     0	73.0	138.2	1232	OK
1718	     0	74.4	139.4	1255	OK
1719	     0	71.5	134.7	1269	OK
1720	     0	71.9	137.0	1237	OK
1721	     0	72.5	140.0	1254	OK
1722	     0	72.8	136.4	1261	OK
1723	     0	72.6	136.2	1257	OK
1724	     0	74.1	137.8	1252	OK
1725	     0	74.5	140.5	1274	OK
1726	     0	77.8	145.4	1263	OK
1727	     0	76.0	141.0	1265	OK
1728	     0	71.7	139.0	1282	OK
1729	     0	73.8	139.8	1265	OK
1730	     0	71.6	135.0	1255	OK
1731	     0	73.3	138.7	1245	OK
1732	     0	72.9	139.4	1256	OK
1733	     0	71.3	133.6	1244	OK
1734	     0	73.7	140.8	1285	OK
1735	     0	70.9	136.7	1263	OK
1736	     0	70.7	135.1	1276	OK
1737	     0	73.1	139.1	1235	OK
1738	     0	73.3	135.8	1255	OK
1739	     0	73.3	140.0	1251	OK
1740	     0	71.7	135.3	1277	OK
1741	     0	72.1	138.4	1258	OK
1742	     0	75.1	140.2	1250	OK
1743	     0	69.7	134.8	1255	OK
1744	     0	72.6	136.8	1265	OK
1745	     0	68.0	128.1	1253	OK
1746	     0	71.0	133.8	1252	OK
1747	     0	72.1	136.6	1300	OK
1748	     0	70.0	135.7	1266	OK
1749	     0	71.5	137.5	1272	OK
1750	     0	71.7	136.4	1248	OK
1751	     0	70.3	131.8	1245	OK
1752	     0	71.7	135.7	1259	OK
1753	     0	73.1	140.5	1259	OK
1754	     0	71.8	133.8	1276	OK
1755	     0	70.3	134.2	1246	OK
1756	     0	70.7	137.1	1267	OK
1757	     0	72.1	140.2	1249	OK
1758	     0	71.2	135.9	1263	OK
1759	     0	72.6	136.7	1268	OK
1760	     0	73.5	137.8	1258	OK
1761	     0	73.7	138.7	1250	OK
1762	     0	72.2	80.3	1236	OK
1763	     0	73.0	136.1	1265	OK
1764	     0	71.6	137.1	1262	OK
1765	     0	73.6	137.3	1261	OK
1766	     0	73.5	141.5	1241	OK
1767	     0	74.1	140.5	1273	OK
1768	     0	73.7	138.3	1249	OK
1769	     0	71.3	136.4	1252	OK
1770	     0	71.2	134.3	1264	OK
1771	     0	75.3	142.0	1291	OK
1772	     0	73.7	140.2	1239	OK
1773	     0	72.9	141.3	1264	OK
1774	     0	73.5	140.9	1247	OK
1775	     0	72.8	137.5	1255	OK
1776	     0	70.9	132.5	1252	OK
1777	     0	72.0	138.1	1266	OK
1778	     0	71.1	132.7	1251	OK
1779	     0	72.8	138.1	1265	OK
1780	     0	70.9	133.9	1276	OK
1781	     0	72.9	137.9	1248	OK
1782	     0	73.6	138.5	1286	OK
1783	     0	73.9	138.2	1261	OK
1784	     0	73.7	139.2	1254	OK
1785	     0	75.9	143.2	1258	OK
1786	     0	74.4	137.1	1250	OK
1787	     0	75.9	139.5	1261	OK
1788	     0	74.0	139.7	1258	OK
1789	     0	73.7	139.8	1253	OK
1790	     0	74.2	141.4	1247	OK
1791	     0	74.4	140.6	1264	OK
1792	     0	76.5	140.9	1227	OK
1793	     0	75.8	143.3	1223	OK
1794	     0	73.0	134.9	1209	OK
1795	     0	75.0	138.9	1221	OK
1796	     0	73.7	138.7	1212	OK
1797	     0	75.1	140.8	1217	OK
1798	     0	72.9	138.3	1217	OK
1799	     0	76.0	138.8	1231	OK
1800	     0	73.3	136.9	1205	OK
1801	     0	74.5	138.9	1210	OK
1802	     0	75.1	141.7	1228	OK
1803	     0	74.5	139.4	1227	OK
1804	     0	75.0	137.8	1197	OK
1805	     0	76.9	141.8	1200	OK
1806	     0	76.5	140.4	1222	OK
1807	     0	75.6	141.2	1213	OK
1808	     0	73.8	138.0	1216	OK
1809	     0	75.8	139.4	1214	OK
1810	     0	75.4	143.1	1218	OK
1811	     0	76.0	139.9	1210	OK
1812	     0	72.0	135.0	1217	OK
1813	     0	74.3	141.4	1211	OK
1814	     0	74.6	143.2	1218	OK
1815	     0	74.4	139.9	1226	OK
1816	     0	75.8	144.6	1212	OK
1817	     0	75.9	142.3	1212	OK
1818	     0	75.0	141.7	1211	OK
1819	     0	74.2	142.4	1225	OK
1820	     0	73.9	136.1	1225	OK
1821	     0	75.3	140.7	1219	OK
1822	     0	74.6	139.8	1213	OK
1823	     0	77.5	142.5	1227	OK
1824	     0	72.8	136.4	1212	OK
1825	     0	74.4	139.8	1211	OK
1826	     0	74.1	139.9	1221	OK
1827	     0	75.3	142.1	1229	OK
1828	     0	75.0	139.1	1229	OK
1829	     0	76.9	142.9	1229	OK
1830	     0	74.3	140.5	1205	OK
1831	     0	77.0	145.2	1234	OK
1832	     0	74.4	141.6	1210	OK
1833	     0	76.4	139.4	1215	OK
1834	     0	73.8	139.7	1206	OK
1835	     0	76.1	141.6	1221	OK
1836	     0	74.9	139.9	1194	OK
1837	     0	77.8	144.0	1215	OK
1838	     0	76.9	142.4	1241	OK
1839	     0	75.6	139.0	1221	OK
1840	     0	78.3	143.6	1234	OK
1841	     0	78.4	145.2	1217	OK
1842	     0	76.7	142.2	1207	OK
1843	     0	77.3	143.7	1222	OK
1844	     0	75.6	141.4	1231	OK
1845	     0	76.8	142.8	1228	OK
1846	     0	77.3	144.8	1222	OK
1847	     0	78.2	147.4	1235	OK
1848	     0	76.5	145.4	1221	OK
1849	     0	75.9	141.8	1235	OK
1850	     0	75.7	141.8	1213	OK
1851	     0	75.1	143.1	1217	OK
1852	     0	75.7	140.1	1232	OK
1853	     0	77.6	145.6	1222	OK
1854	     0	77.7	145.2	1223	OK
1855	     0	80.5	147.0	1204	OK
1856	     0	78.8	147.2	1213	OK
1857	     0	76.5	145.0	1211	OK
1858	     0	77.5	145.1	1207	OK
1859	     0	78.7	147.7	1186	OK
1860	     0	76.5	141.0	1196	OK
1861	     0	75.8	140.3	1216	OK
1862	     0	77.3	144.6	1197	OK
1863	     0	74.9	141.6	1210	OK
1864	     0	75.7	141.9	1212	OK
1865	     0	77.0	143.7	1230	OK
1866	     0	75.4	140.5	1191	OK
1867	     0	74.6	141.5	1223	OK
1868	     0	75.2	139.2	1198	OK
1869	     0	76.5	143.1	1228	OK
1870	     0	72.3	134.4	1207	OK
1871	     0	75.7	141.7	1219	OK
1872	     0	75.0	140.1	1227	OK
1873	     0	73.9	141.7	1212	OK
1874	     0	77.1	143.2	1219	OK
1875	     0	76.1	144.9	1224	OK
1876	     0	74.4	139.8	1216	OK
1877	     0	76.6	144.3	1203	OK
1878	     0	76.9	143.9	1216	OK
1879	     0	77.2	143.5	1225	OK
1880	     0	76.4	143.3	1197	OK
1881	     0	74.8	138.9	1196	OK
1882	     0	74.0	137.4	1199	OK
1883	     0	75.3	141.3	1223	OK
1884	     0	76.2	144.0	1218	OK
1885	     0	75.5	138.8	1213	OK
1886	     0	74.4	137.7	1195	OK
1887	     0	73.6	139.1	1221	OK
1888	     0	77.6	146.0	1219	OK
1889	     0	77.4	145.8	1205	OK
1890	     0	75.2	139.7	1212	OK
1891	     0	76.7	142.1	1212	OK
1892	     0	76.1	146.0	1228	OK
1893	     0	75.1	142.3	1195	OK
1894	     0	75.9	140.2	1209	OK
1895	     0	76.7	144.5	1213	OK
1896	     0	76.3	145.0	1198	OK
1897	     0	76.2	143.7	1201	OK
1898	     0	76.9	144.4	1210	OK
1899	     0	74.8	141.2	1191	OK
1900	     0	76.7	141.4	1193	OK
1901	     0	80.0	146.4	1228	OK
1902	     0	75.2	139.8	1210	OK
1903	     0	76.5	142.9	1204	OK
1904	     0	77.8	147.7	1190	OK
1905	     0	77.1	142.0	1197	OK
1906	     0	76.0	149.7	1221	OK
1907	     0	76.8	146.1	1200	OK
1908	     0	74.5	142.6	1211	OK
1909	     0	76.5	140.5	1212	OK
1910	     0	77.0	142.9	1206	OK
1911	     0	77.6	146.4	1203	OK
1912	     0	77.6	144.9	1204	OK
1913	     0	74.7	137.3	1221	OK
1914	     0	78.9	144.9	1210	OK
1915	     0	79.0	145.7	1217	OK
1916	     0	79.5	149.8	1207	OK
1917	     0	79.9	148.3	1197	OK
1918	     0	79.3	147.7	1220	OK
1919	     0	77.5	143.3	1217	OK
1920	     0	79.3	142.5	1193	OK
1921	     0	76.9	144.1	1191	OK
1922	     0	74.9	141.4	1186	OK
1923	     0	75.3	139.1	1201	OK
1924	     0	74.3	136.8	1158	OK
1925	     0	74.2	141.1	1161	OK
1926	     0	74.6	136.4	1171	OK
1927	     0	74.1	139.7	1201	OK
1928	     0	73.5	134.2	1174	OK
1929	     0	73.0	135.9	1181	OK
1930	     0	74.1	136.4	1185	OK
1931	     0	73.7	136.2	1170	OK
1932	     0	71.7	135.9	1181	OK
1933	     0	74.2	138.5	1168	OK
1934	     0	73.2	134.5	1185	OK
1935	     0	74.4	136.1	1165	OK
1936	     0	72.3	137.1	1162	OK
1937	     0	74.1	136.1	1153	OK
1938	     0	72.7	138.6	1174	OK
1939	     0	73.1	138.6	1170	OK
1940	     0	73.7	138.1	1161	OK
1941	     0	76.0	140.7	1153	OK
1942	     0	73.9	140.8	1199	OK
1943	     0	74.2	136.3	1177	OK
1944	     0	73.5	136.5	1180	OK
1945	     0	74.9	138.9	1176	OK
1946	     0	74.4	138.8	1192	OK
1947	     0	77.1	142.8	1189	OK
1948	     0	73.6	137.5	1188	OK
1949	     0	74.8	139.4	1177	OK
1950	     0	73.3	139.4	1168	OK
1951	     0	72.6	135.0	1186	OK
1952	     0	75.7	140.5	1181	OK
1953	     0	77.1	141.6	1165	OK
1954	     0	77.1	143.0	1188	OK
1955	     0	74.1	139.6	1173	OK
1956	     0	74.4	137.4	1177	OK
1957	     0	74.4	136.2	1184	OK
1958	     0	73.8	136.3	1152	OK
1959	     0	73.3	135.7	1176	OK
1960	     0	74.3	140.8	1188	OK
1961	     0	72.2	138.2	1174	OK
1962	     0	76.2	141.9	1173	OK
1963	     0	74.2	139.1	1181	OK
1964	     0	72.4	136.6	1191	OK
1965	     0	75.5	137.4	1182	OK
1966	     0	75.3	139.2	1176	OK
1967	     0	74.0	139.3	1163	OK
1968	     0	72.7	135.6	1178	OK
1969	     0	73.2	136.4	1166	OK
1970	     0	74.4	138.0	1192	OK
1971	     0	74.7	139.2	1179	OK
1972	     0	72.5	135.5	1168	OK
1973	     0	74.6	137.3	1173	OK
1974	     0	73.8	139.3	1175	OK
1975	     0	75.0	136.3	1187	OK
1976	     0	73.8	136.4	1176	OK
1977	     0	73.2	139.3	1203	OK
1978	     0	75.6	139.0	1187	OK
1979	     0	77.8	145.2	1176	OK
1980	     0	76.6	140.8	1168	OK
1981	     0	75.2	139.8	1203	OK
1982	     0	75.8	140.0	1186	OK
1983	     0	75.7	139.6	1164	OK
1984	     0	76.8	142.3	1174	OK
1985	     0	76.7	141.7	1156	OK
1986	     0	75.6	139.2	1181	OK
1987	     0	75.0	137.9	1174	OK
1988	     0	75.1	140.1	1186	OK
1989	     0	74.0	139.8	1182	OK
1990	     0	74.2	139.6	1177	OK
1991	     0	75.3	142.2	1187	OK
1992	     0	73.4	138.9	1194	OK
1993	     0	74.6	138.1	1170	OK
1994	     0	73.7	135.3	1177	OK
1995	     0	73.8	140.3	1212	OK
1996	     0	73.5	133.9	1178	OK
1997	     0	73.1	134.8	1169	OK
1998	     0	74.7	139.8	1183	OK
1999	     0	73.9	138.4	1180	OK
2000	     0	72.8	136.3	1184	OK
2001	     0	73.4	138.0	1175	OK
2002	     0	75.0	140.0	1168	OK
2003	     0	75.4	140.2	1180	OK
2004	     0	74.7	136.7	1182	OK
2005	     0	74.4	139.8	1198	OK
2006	     0	75.0	138.8	1190	OK
2007	     0	74.2	138.9	1196	OK
2008	     0	72.2	132.7	1197	OK
2009	     0	72.6	136.4	1171	OK
2010	     0	74.6	136.6	1171	OK
2011	     0	75.4	139.6	1168	OK
2012	     0	73.0	133.5	1179	OK
2013	     0	71.8	133.4	1188	OK
2014	     0	72.7	135.4	1184	OK
2015	     0	75.1	140.1	1182	OK
2016	     0	72.2	135.1	1217	OK
2017	     0	73.0	133.3	1186	OK
2018	     0	72.3	138.7	1173	OK
2019	     0	75.0	143.0	1193	OK
2020	     0	72.5	136.1	1186	OK
2021	     0	73.1	137.4	1187	OK
2022	     0	71.6	133.9	1185	OK
2023	     0	72.8	136.9	1179	OK
2024	     0	72.0	134.0	1180	OK
2025	     0	72.9	138.4	1177	OK
2026	     0	72.7	134.7	1177	OK
2027	     0	72.7	136.2	1184	OK
2028	     0	74.0	138.3	1193	OK
2029	     0	71.8	133.9	1168	OK
2030	     0	72.6	133.8	1177	OK
2031	     0	72.9	138.6	1163	OK
2032	     0	76.1	137.9	1166	OK
2033	     0	72.1	134.0	1191	OK
2034	     0	74.1	137.9	1181	OK
2035	     0	73.2	133.6	1176	OK
2036	     0	72.1	134.8	1161	OK
2037	     0	74.3	138.5	1198	OK
2038	     0	72.6	136.1	1164	OK
2039	     0	72.8	135.7	1163	OK
2040	     0	72.9	134.6	1175	OK
2041	     0	71.8	135.4	1170	OK
2042	     0	73.0	135.5	1189	OK
2043	     0	74.0	138.7	1171	OK
2044	     0	72.0	132.9	1190	OK
2045	     0	72.6	138.1	1175	OK
2046	     0	72.8	135.9	1176	OK
2047	     0	74.8	138.3	1200	OK
