#chan	code	gain	vt50	innse	comment
   0	     0	75.9	101.8	1241	OK
   1	     0	75.1	101.0	1246	OK
   2	     0	76.0	107.7	1261	OK
   3	     0	75.4	99.8	1238	OK
   4	     0	72.5	98.7	1263	OK
   5	     0	72.3	99.2	1261	OK
   6	     0	72.1	96.8	1229	OK
   7	     0	72.5	97.3	1260	OK
   8	     0	71.8	96.9	1212	OK
   9	     0	72.6	99.3	1244	OK
  10	     0	73.9	100.2	1252	OK
  11	     0	71.9	96.7	1254	OK
  12	     0	72.1	97.6	1235	OK
  13	     0	74.1	101.2	1259	OK
  14	     0	71.9	98.4	1252	OK
  15	     0	71.5	99.0	1245	OK
  16	     0	70.0	96.1	1258	OK
  17	     0	72.5	99.6	1229	OK
  18	     0	72.0	98.3	1248	OK
  19	     0	73.9	101.3	1247	OK
  20	     0	74.0	102.0	1250	OK
  21	     0	71.7	101.0	1240	OK
  22	     0	73.8	98.1	1247	OK
  23	     0	73.8	103.7	1256	OK
  24	     0	70.9	98.5	1240	OK
  25	     0	73.5	101.4	1233	OK
  26	     0	71.4	99.3	1257	OK
  27	     0	74.0	100.2	1243	OK
  28	     0	71.7	99.2	1243	OK
  29	     0	72.4	102.9	1259	OK
  30	     0	71.9	96.5	1245	OK
  31	     0	74.2	100.1	1279	OK
  32	     0	72.7	100.7	1263	OK
  33	     0	70.7	101.7	1230	OK
  34	     0	70.8	96.5	1256	OK
  35	     0	72.7	99.6	1270	OK
  36	     0	72.9	102.6	1240	OK
  37	     0	73.4	96.8	1239	OK
  38	     0	74.4	100.1	1249	OK
  39	     0	74.3	101.2	1278	OK
  40	     0	72.9	99.8	1262	OK
  41	     0	70.9	98.3	1249	OK
  42	     0	73.0	102.9	1252	OK
  43	     0	73.1	100.5	1238	OK
  44	     0	74.5	100.2	1254	OK
  45	     0	74.0	102.9	1241	OK
  46	     0	72.7	99.0	1221	OK
  47	     0	70.7	98.1	1262	OK
  48	     0	73.0	99.9	1257	OK
  49	     0	74.3	98.1	1258	OK
  50	     0	74.3	100.3	1273	OK
  51	     0	73.8	101.6	1274	OK
  52	     0	72.9	100.1	1248	OK
  53	     0	71.7	97.7	1264	OK
  54	     0	74.6	99.9	1233	OK
  55	     0	71.8	99.4	1264	OK
  56	     0	72.9	97.9	1257	OK
  57	     0	72.3	99.9	1254	OK
  58	     0	74.7	103.5	1270	OK
  59	     0	73.1	101.0	1244	OK
  60	     0	74.7	103.0	1240	OK
  61	     0	74.0	103.2	1266	OK
  62	     0	74.6	100.9	1256	OK
  63	     0	77.1	102.5	1249	OK
  64	     0	74.0	98.4	1250	OK
  65	     0	74.7	103.9	1270	OK
  66	     0	72.1	98.2	1265	OK
  67	     0	70.2	90.1	1251	OK
  68	     0	72.6	97.6	1232	OK
  69	     0	70.3	97.0	1239	OK
  70	     0	70.2	99.1	1224	OK
  71	     0	70.1	97.3	1270	OK
  72	     0	71.0	99.3	1229	OK
  73	     0	74.1	100.6	1253	OK
  74	     0	73.8	101.4	1231	OK
  75	     0	73.5	99.5	1239	OK
  76	     0	73.3	104.3	1296	OK
  77	     0	73.0	101.9	1230	OK
  78	     0	73.1	97.7	1258	OK
  79	     0	71.0	102.4	1264	OK
  80	     0	70.8	98.7	1249	OK
  81	     0	72.9	98.8	1242	OK
  82	     0	71.1	98.0	1232	OK
  83	     0	73.7	101.9	1237	OK
  84	     0	72.6	101.3	1232	OK
  85	     0	71.1	97.9	1241	OK
  86	     0	74.7	102.0	1260	OK
  87	     0	71.7	99.3	1233	OK
  88	     0	72.2	97.5	1235	OK
  89	     0	72.6	100.2	1236	OK
  90	     0	73.9	100.7	1226	OK
  91	     0	73.2	98.4	1248	OK
  92	     0	72.6	97.6	1266	OK
  93	     0	73.2	99.2	1236	OK
  94	     0	73.0	101.5	1225	OK
  95	     0	73.3	101.5	1233	OK
  96	     0	72.4	99.7	1266	OK
  97	     0	71.1	96.6	1265	OK
  98	     0	72.6	102.6	1264	OK
  99	     0	73.3	100.0	1239	OK
 100	     0	71.9	97.7	1254	OK
 101	     0	70.1	96.0	1233	OK
 102	     0	68.8	97.7	1235	OK
 103	     0	74.0	99.6	1242	OK
 104	     0	70.0	97.3	1241	OK
 105	     0	71.4	98.8	1229	OK
 106	     0	72.4	99.3	1237	OK
 107	     0	73.7	98.9	1253	OK
 108	     0	72.9	101.7	1229	OK
 109	     0	73.5	101.5	1241	OK
 110	     0	69.1	96.8	1244	OK
 111	     0	73.0	100.6	1220	OK
 112	     0	73.4	99.1	1229	OK
 113	     0	70.7	98.7	1228	OK
 114	     0	72.6	98.0	1236	OK
 115	     0	72.0	98.3	1239	OK
 116	     0	70.8	95.5	1215	OK
 117	     0	71.8	95.7	1226	OK
 118	     0	71.9	101.1	1249	OK
 119	     0	69.5	96.4	1249	OK
 120	     0	73.1	103.6	1205	OK
 121	     0	71.3	97.1	1263	OK
 122	     0	73.3	97.1	1236	OK
 123	     0	72.6	100.1	1245	OK
 124	     0	71.7	100.1	1254	OK
 125	     0	74.6	98.3	1252	OK
 126	     0	74.2	97.5	1247	OK
 127	     0	78.0	102.5	1284	OK
 128	     0	77.6	95.4	1218	OK
 129	     0	79.7	106.8	1213	OK
 130	     0	77.1	107.4	1204	OK
 131	     0	78.3	106.2	1222	OK
 132	     0	77.3	101.4	1214	OK
 133	     0	76.4	102.3	1200	OK
 134	     0	73.7	100.6	1190	OK
 135	     0	76.7	104.4	1189	OK
 136	     0	75.6	104.7	1213	OK
 137	     0	77.0	103.6	1219	OK
 138	     0	74.8	102.5	1207	OK
 139	     0	76.2	102.3	1229	OK
 140	     0	75.2	104.8	1207	OK
 141	     0	74.7	100.9	1188	OK
 142	     0	75.5	103.4	1222	OK
 143	     0	75.8	103.1	1212	OK
 144	     0	75.3	101.7	1190	OK
 145	     0	75.7	101.6	1198	OK
 146	     0	74.6	102.9	1218	OK
 147	     0	76.2	101.6	1222	OK
 148	     0	74.2	102.5	1217	OK
 149	     0	74.0	99.5	1238	OK
 150	     0	76.2	103.7	1224	OK
 151	     0	77.1	103.8	1217	OK
 152	     0	74.8	103.7	1228	OK
 153	     0	77.6	102.4	1194	OK
 154	     0	77.7	102.3	1237	OK
 155	     0	75.0	100.5	1224	OK
 156	     0	77.1	103.4	1219	OK
 157	     0	74.6	101.0	1214	OK
 158	     0	74.3	100.0	1223	OK
 159	     0	75.9	102.3	1210	OK
 160	     0	73.7	102.3	1224	OK
 161	     0	76.6	105.2	1212	OK
 162	     0	76.2	104.7	1210	OK
 163	     0	76.8	104.3	1217	OK
 164	     0	73.8	100.5	1228	OK
 165	     0	76.9	105.7	1197	OK
 166	     0	73.7	98.8	1239	OK
 167	     0	76.1	103.2	1206	OK
 168	     0	75.5	100.6	1213	OK
 169	     0	75.6	103.1	1218	OK
 170	     0	74.7	102.5	1227	OK
 171	     0	76.4	104.6	1239	OK
 172	     0	75.9	102.2	1220	OK
 173	     0	75.2	102.7	1236	OK
 174	     0	75.1	101.5	1243	OK
 175	     0	75.1	103.0	1227	OK
 176	     0	75.3	103.0	1237	OK
 177	     0	78.5	104.7	1212	OK
 178	     0	76.0	106.7	1236	OK
 179	     0	79.4	106.1	1241	OK
 180	     0	76.6	106.1	1214	OK
 181	     0	76.2	103.0	1217	OK
 182	     0	76.0	105.0	1227	OK
 183	     0	78.2	103.2	1230	OK
 184	     0	76.8	102.8	1233	OK
 185	     0	76.4	104.6	1208	OK
 186	     0	76.4	104.6	1235	OK
 187	     0	76.1	103.6	1228	OK
 188	     0	77.7	105.7	1219	OK
 189	     0	77.3	102.5	1243	OK
 190	     0	79.4	104.8	1191	OK
 191	     0	79.6	108.3	1234	OK
 192	     0	77.9	103.6	1217	OK
 193	     0	78.5	103.3	1210	OK
 194	     0	75.0	103.3	1231	OK
 195	     0	76.7	103.8	1224	OK
 196	     0	75.1	101.1	1197	OK
 197	     0	76.4	101.1	1233	OK
 198	     0	75.0	101.6	1217	OK
 199	     0	74.4	101.3	1195	OK
 200	     0	78.3	105.4	1239	OK
 201	     0	76.6	101.0	1210	OK
 202	     0	76.4	113.3	1230	OK
 203	     0	76.9	106.6	1225	OK
 204	     0	74.2	99.6	1245	OK
 205	     0	77.2	104.5	1214	OK
 206	     0	76.4	103.5	1231	OK
 207	     0	73.9	101.7	1212	OK
 208	     0	74.6	103.4	1199	OK
 209	     0	75.9	102.7	1209	OK
 210	     0	74.4	102.2	1217	OK
 211	     0	77.5	106.0	1208	OK
 212	     0	76.8	104.6	1212	OK
 213	     0	75.3	100.7	1226	OK
 214	     0	74.3	104.7	1254	OK
 215	     0	76.2	104.3	1226	OK
 216	     0	76.3	103.0	1208	OK
 217	     0	76.5	104.1	1219	OK
 218	     0	74.4	101.0	1221	OK
 219	     0	72.1	96.0	1208	OK
 220	     0	76.2	103.4	1194	OK
 221	     0	74.7	99.2	1215	OK
 222	     0	72.9	98.1	1189	OK
 223	     0	75.4	103.3	1207	OK
 224	     0	75.5	102.2	1238	OK
 225	     0	73.1	101.7	1196	OK
 226	     0	74.7	101.7	1218	OK
 227	     0	73.9	101.4	1222	OK
 228	     0	74.5	100.2	1208	OK
 229	     0	74.1	100.3	1229	OK
 230	     0	71.7	96.9	1206	OK
 231	     0	74.4	100.4	1224	OK
 232	     0	74.5	101.3	1210	OK
 233	     0	74.3	101.2	1205	OK
 234	     0	73.1	101.6	1219	OK
 235	     0	76.6	106.4	1204	OK
 236	     0	74.5	102.9	1202	OK
 237	     0	74.8	98.6	1232	OK
 238	     0	74.8	104.8	1219	OK
 239	     0	77.8	103.8	1222	OK
 240	     0	74.8	101.2	1233	OK
 241	     0	76.1	102.8	1183	OK
 242	     0	73.3	100.3	1225	OK
 243	     0	71.4	98.1	1230	OK
 244	     0	71.6	100.6	1223	OK
 245	     0	74.9	102.5	1225	OK
 246	     0	75.3	99.4	1225	OK
 247	     0	77.0	103.4	1216	OK
 248	     0	73.7	102.6	1223	OK
 249	     0	74.1	100.5	1206	OK
 250	     0	79.1	108.7	1206	OK
 251	     0	76.9	102.9	1214	OK
 252	     0	78.9	108.1	1211	OK
 253	     0	75.2	99.2	1232	OK
 254	     0	76.5	106.1	1226	OK
 255	     0	78.5	103.0	1203	OK
 256	     0	76.4	102.6	1224	OK
 257	     0	75.5	102.9	1212	OK
 258	     0	78.2	104.2	1221	OK
 259	     0	72.6	99.8	1215	OK
 260	     0	73.7	101.4	1231	OK
 261	     0	71.4	96.9	1216	OK
 262	     0	74.9	104.8	1214	OK
 263	     0	72.5	101.5	1217	OK
 264	     0	72.5	100.0	1223	OK
 265	     0	74.2	99.4	1227	OK
 266	     0	75.1	97.4	1209	OK
 267	     0	74.7	104.0	1203	OK
 268	     0	74.6	102.3	1217	OK
 269	     0	74.5	101.7	1214	OK
 270	     0	74.7	99.3	1211	OK
 271	     0	70.8	98.0	1205	OK
 272	     0	73.7	98.4	1236	OK
 273	     0	71.5	96.7	1203	OK
 274	     0	71.7	99.4	1218	OK
 275	     0	73.5	97.5	1212	OK
 276	     0	74.1	100.2	1207	OK
 277	     0	72.0	99.4	1194	OK
 278	     0	72.3	100.2	1232	OK
 279	     0	76.2	102.1	1228	OK
 280	     0	75.3	101.6	1204	OK
 281	     0	73.9	97.5	1210	OK
 282	     0	74.9	101.9	1207	OK
 283	     0	73.0	101.0	1194	OK
 284	     0	71.8	99.2	1202	OK
 285	     0	71.3	97.2	1240	OK
 286	     0	73.3	101.1	1217	OK
 287	     0	73.0	99.2	1217	OK
 288	     0	71.1	98.1	1196	OK
 289	     0	70.2	97.4	1201	OK
 290	     0	73.2	98.2	1199	OK
 291	     0	73.3	102.4	1219	OK
 292	     0	71.5	100.3	1225	OK
 293	     0	72.7	99.7	1213	OK
 294	     0	73.8	101.4	1209	OK
 295	     0	72.6	99.0	1208	OK
 296	     0	72.4	101.1	1214	OK
 297	     0	71.1	96.6	1236	OK
 298	     0	74.7	102.7	1210	OK
 299	     0	72.2	101.9	1201	OK
 300	     0	72.1	100.1	1223	OK
 301	     0	72.9	99.7	1222	OK
 302	     0	74.3	102.4	1234	OK
 303	     0	73.3	100.0	1243	OK
 304	     0	71.6	97.2	1209	OK
 305	     0	71.7	98.1	1218	OK
 306	     0	71.4	97.1	1236	OK
 307	     0	73.2	98.9	1218	OK
 308	     0	74.2	99.8	1226	OK
 309	     0	72.3	99.9	1220	OK
 310	     0	72.8	102.4	1216	OK
 311	     0	74.4	100.7	1194	OK
 312	     0	74.2	103.2	1230	OK
 313	     0	73.4	101.1	1225	OK
 314	     0	73.9	99.4	1229	OK
 315	     0	72.3	98.1	1204	OK
 316	     0	74.8	102.0	1209	OK
 317	     0	71.5	99.7	1218	OK
 318	     0	74.4	98.4	1219	OK
 319	     0	77.1	103.7	1232	OK
 320	     0	74.1	100.4	1203	OK
 321	     0	74.5	101.4	1217	OK
 322	     0	74.2	98.8	1206	OK
 323	     0	74.9	101.6	1187	OK
 324	     0	71.9	100.2	1231	OK
 325	     0	74.9	102.1	1230	OK
 326	     0	73.9	99.0	1200	OK
 327	     0	71.5	100.0	1232	OK
 328	     0	72.2	99.1	1210	OK
 329	     0	71.6	97.5	1223	OK
 330	     0	71.8	100.5	1232	OK
 331	     0	72.8	100.6	1209	OK
 332	     0	72.5	98.0	1238	OK
 333	     0	71.1	98.1	1193	OK
 334	     0	72.7	102.3	1209	OK
 335	     0	74.9	102.1	1190	OK
 336	     0	74.5	102.7	1206	OK
 337	     0	76.9	106.6	1197	OK
 338	     0	73.1	100.2	1211	OK
 339	     0	73.6	100.1	1237	OK
 340	     0	75.1	101.6	1220	OK
 341	     0	75.5	104.0	1222	OK
 342	     0	73.6	104.0	1203	OK
 343	     0	71.5	98.4	1235	OK
 344	     0	73.5	99.1	1203	OK
 345	     0	72.4	99.3	1210	OK
 346	     0	72.2	98.7	1205	OK
 347	     0	72.4	103.5	1243	OK
 348	     0	73.2	101.4	1209	OK
 349	     0	71.5	106.4	1221	OK
 350	     0	71.5	114.6	1226	OK
 351	     0	75.2	100.6	1225	OK
 352	     0	72.5	100.8	1216	OK
 353	     0	73.1	99.5	1210	OK
 354	     0	70.8	98.9	1207	OK
 355	     0	72.0	98.8	1192	OK
 356	     0	71.5	102.4	1227	OK
 357	     0	73.0	106.0	1198	OK
 358	     0	73.2	99.6	1214	OK
 359	     0	73.1	97.7	1216	OK
 360	     0	73.4	101.6	1222	OK
 361	     0	72.5	100.7	1191	OK
 362	     0	73.9	97.5	1189	OK
 363	     0	73.4	100.3	1200	OK
 364	     0	73.2	103.0	1201	OK
 365	     0	73.5	103.1	1218	OK
 366	     0	71.9	102.0	1174	OK
 367	     0	73.1	101.8	1205	OK
 368	     0	73.0	101.7	1203	OK
 369	     0	70.9	98.5	1178	OK
 370	     0	73.1	99.7	1196	OK
 371	     0	71.7	100.3	1181	OK
 372	     0	74.5	99.4	1197	OK
 373	     0	70.8	101.2	1211	OK
 374	     0	73.8	101.2	1188	OK
 375	     0	70.6	97.6	1222	OK
 376	     0	72.1	99.8	1195	OK
 377	     0	69.4	93.8	1188	OK
 378	     0	71.4	99.6	1214	OK
 379	     0	72.7	99.6	1206	OK
 380	     0	71.3	100.6	1215	OK
 381	     0	71.5	98.0	1178	OK
 382	     0	70.4	96.5	1198	OK
 383	     0	73.8	103.2	1195	OK
 384	     0	74.1	99.5	1200	OK
 385	     0	76.4	101.8	1193	OK
 386	     0	74.1	102.0	1194	OK
 387	     0	73.9	101.2	1189	OK
 388	     0	73.2	98.0	1172	OK
 389	     0	72.3	100.4	1156	OK
 390	     0	73.6	103.0	1190	OK
 391	     0	74.7	103.5	1176	OK
 392	     0	74.1	99.8	1161	OK
 393	     0	73.6	104.3	1179	OK
 394	     0	72.6	102.1	1162	OK
 395	     0	73.4	99.0	1202	OK
 396	     0	74.1	101.6	1182	OK
 397	     0	75.4	99.7	1204	OK
 398	     0	77.2	99.0	1186	OK
 399	     0	72.6	98.8	1181	OK
 400	     0	74.0	103.6	1198	OK
 401	     0	76.0	101.3	1162	OK
 402	     0	71.3	100.1	1178	OK
 403	     0	72.6	103.1	1198	OK
 404	     0	72.4	101.2	1177	OK
 405	     0	73.8	101.8	1159	OK
 406	     0	72.2	101.5	1182	OK
 407	     0	74.6	99.9	1188	OK
 408	     0	74.7	102.8	1171	OK
 409	     0	72.7	98.7	1182	OK
 410	     0	74.2	103.1	1207	OK
 411	     0	75.0	101.6	1174	OK
 412	     0	71.9	101.0	1184	OK
 413	     0	72.6	98.4	1176	OK
 414	     0	72.9	97.3	1164	OK
 415	     0	74.2	100.6	1188	OK
 416	     0	72.2	98.8	1187	OK
 417	     0	71.9	98.9	1199	OK
 418	     0	74.0	100.8	1179	OK
 419	     0	74.1	100.7	1193	OK
 420	     0	73.4	97.8	1204	OK
 421	     0	74.0	101.0	1195	OK
 422	     0	74.4	99.7	1183	OK
 423	     0	73.5	98.4	1190	OK
 424	     0	73.4	99.1	1191	OK
 425	     0	73.8	100.2	1194	OK
 426	     0	71.1	97.4	1182	OK
 427	     0	73.4	100.2	1189	OK
 428	     0	74.9	102.3	1165	OK
 429	     0	75.0	101.3	1181	OK
 430	     0	73.0	101.9	1198	OK
 431	     0	75.7	100.0	1209	OK
 432	     0	75.4	101.9	1202	OK
 433	     0	76.3	102.0	1197	OK
 434	     0	74.8	101.7	1196	OK
 435	     0	75.7	102.4	1189	OK
 436	     0	74.3	103.6	1185	OK
 437	     0	73.2	100.1	1188	OK
 438	     0	73.9	102.7	1181	OK
 439	     0	74.7	100.0	1198	OK
 440	     0	74.1	102.4	1190	OK
 441	     0	73.5	101.6	1204	OK
 442	     0	74.3	101.9	1192	OK
 443	     0	74.6	102.2	1206	OK
 444	     0	77.6	102.7	1194	OK
 445	     0	79.8	107.5	1196	OK
 446	     0	75.3	103.1	1186	OK
 447	     0	75.2	103.3	1203	OK
 448	     0	76.7	102.0	1185	OK
 449	     0	78.4	109.5	1201	OK
 450	     0	75.5	101.6	1196	OK
 451	     0	74.4	99.9	1185	OK
 452	     0	75.7	100.6	1167	OK
 453	     0	74.5	104.5	1175	OK
 454	     0	73.8	99.5	1190	OK
 455	     0	72.6	99.6	1184	OK
 456	     0	75.0	103.4	1178	OK
 457	     0	74.2	100.3	1198	OK
 458	     0	75.8	101.5	1197	OK
 459	     0	74.1	99.4	1185	OK
 460	     0	73.8	100.2	1188	OK
 461	     0	74.6	101.3	1176	OK
 462	     0	72.0	98.5	1183	OK
 463	     0	72.9	98.0	1207	OK
 464	     0	75.4	102.1	1182	OK
 465	     0	73.6	101.0	1164	OK
 466	     0	77.3	104.0	1196	OK
 467	     0	75.0	104.7	1200	OK
 468	     0	71.9	98.8	1186	OK
 469	     0	74.7	99.9	1189	OK
 470	     0	73.2	102.0	1191	OK
 471	     0	75.9	106.5	1199	OK
 472	     0	71.7	98.0	1189	OK
 473	     0	75.0	102.8	1158	OK
 474	     0	73.5	101.3	1202	OK
 475	     0	75.3	105.4	1191	OK
 476	     0	76.3	102.5	1180	OK
 477	     0	73.7	98.8	1205	OK
 478	     0	76.0	103.1	1180	OK
 479	     0	74.4	100.9	1178	OK
 480	     0	74.4	100.4	1194	OK
 481	     0	75.5	95.3	1188	OK
 482	     0	74.1	100.1	1188	OK
 483	     0	75.3	101.4	1193	OK
 484	     0	73.8	100.8	1165	OK
 485	     0	76.3	103.0	1185	OK
 486	     0	73.2	100.2	1172	OK
 487	     0	75.9	100.8	1193	OK
 488	     0	75.2	100.5	1171	OK
 489	     0	76.6	102.6	1184	OK
 490	     0	76.6	105.0	1182	OK
 491	     0	76.8	104.1	1156	OK
 492	     0	76.3	106.1	1190	OK
 493	     0	75.3	102.0	1177	OK
 494	     0	78.5	107.3	1184	OK
 495	     0	78.6	108.1	1175	OK
 496	     0	77.3	103.2	1180	OK
 497	     0	77.5	105.6	1219	OK
 498	     0	76.0	103.6	1177	OK
 499	     0	75.4	103.1	1182	OK
 500	     0	76.4	102.4	1198	OK
 501	     0	74.0	100.7	1179	OK
 502	     0	77.3	103.0	1175	OK
 503	     0	78.1	105.1	1192	OK
 504	     0	74.7	101.8	1195	OK
 505	     0	77.8	106.0	1203	OK
 506	     0	78.4	103.6	1169	OK
 507	     0	76.5	104.2	1189	OK
 508	     0	80.1	104.3	1207	OK
 509	     0	79.9	107.4	1177	OK
 510	     0	75.7	103.3	1227	OK
 511	     0	77.0	102.4	1179	OK
 512	     0	74.7	100.9	1226	OK
 513	     0	73.7	100.5	1208	OK
 514	     0	72.4	96.0	1217	OK
 515	     0	74.9	98.7	1212	OK
 516	     0	74.6	102.5	1210	OK
 517	     0	73.8	99.6	1197	OK
 518	     0	70.3	95.2	1225	OK
 519	     0	71.9	99.6	1215	OK
 520	     0	71.8	101.4	1219	OK
 521	     0	72.6	100.2	1244	OK
 522	     0	70.5	96.6	1213	OK
 523	     0	73.9	98.6	1209	OK
 524	     0	71.9	99.2	1199	OK
 525	     0	71.6	99.2	1235	OK
 526	     0	72.9	100.9	1218	OK
 527	     0	72.2	97.2	1204	OK
 528	     0	72.2	102.0	1233	OK
 529	     0	72.5	98.6	1227	OK
 530	     0	74.1	100.3	1223	OK
 531	     0	75.2	101.0	1219	OK
 532	     0	73.1	100.0	1195	OK
 533	     0	73.5	101.4	1228	OK
 534	     0	73.0	99.3	1194	OK
 535	     0	74.1	99.8	1225	OK
 536	     0	73.6	98.8	1214	OK
 537	     0	73.3	100.1	1196	OK
 538	     0	73.9	101.5	1216	OK
 539	     0	74.3	101.4	1202	OK
 540	     0	72.7	97.3	1190	OK
 541	     0	75.9	101.4	1234	OK
 542	     0	74.0	99.5	1212	OK
 543	     0	73.1	100.3	1219	OK
 544	     0	72.3	97.4	1231	OK
 545	     0	72.7	103.0	1212	OK
 546	     0	75.0	99.7	1243	OK
 547	     0	74.1	100.0	1205	OK
 548	     0	72.0	101.2	1216	OK
 549	     0	73.3	103.3	1209	OK
 550	     0	72.0	100.0	1209	OK
 551	     0	73.5	99.1	1223	OK
 552	     0	73.4	100.3	1230	OK
 553	     0	74.0	99.3	1211	OK
 554	     0	72.8	99.4	1217	OK
 555	     0	72.9	100.8	1212	OK
 556	     0	73.0	99.0	1216	OK
 557	     0	74.8	102.5	1232	OK
 558	     0	70.7	98.1	1234	OK
 559	     0	75.1	98.8	1225	OK
 560	     0	71.0	97.8	1205	OK
 561	     0	72.8	97.4	1217	OK
 562	     0	73.6	101.7	1209	OK
 563	     0	74.7	100.6	1214	OK
 564	     0	74.0	101.0	1234	OK
 565	     0	75.1	102.2	1227	OK
 566	     0	73.9	99.0	1214	OK
 567	     0	71.9	99.9	1217	OK
 568	     0	75.8	102.5	1232	OK
 569	     0	75.4	100.1	1224	OK
 570	     0	74.5	103.1	1204	OK
 571	     0	73.6	104.5	1244	OK
 572	     0	77.8	105.8	1215	OK
 573	     0	77.5	104.1	1226	OK
 574	     0	75.5	102.7	1223	OK
 575	     0	74.1	102.8	1231	OK
 576	     0	76.5	103.6	1216	OK
 577	     0	73.5	100.4	1234	OK
 578	     0	73.3	99.3	1220	OK
 579	     0	74.3	99.5	1222	OK
 580	     0	73.5	99.8	1221	OK
 581	     0	74.1	103.8	1208	OK
 582	     0	73.7	101.8	1216	OK
 583	     0	74.5	100.8	1208	OK
 584	     0	73.4	100.5	1209	OK
 585	     0	76.0	102.7	1201	OK
 586	     0	72.8	102.5	1227	OK
 587	     0	71.2	99.3	1221	OK
 588	     0	75.7	105.8	1224	OK
 589	     0	75.0	104.7	1206	OK
 590	     0	72.6	99.6	1217	OK
 591	     0	74.4	103.6	1215	OK
 592	     0	72.6	100.2	1184	OK
 593	     0	74.9	104.6	1222	OK
 594	     0	72.9	97.6	1209	OK
 595	     0	72.6	98.6	1224	OK
 596	     0	73.2	100.1	1205	OK
 597	     0	74.2	104.1	1201	OK
 598	     0	75.0	103.2	1212	OK
 599	     0	72.6	97.5	1214	OK
 600	     0	73.4	102.5	1223	OK
 601	     0	73.5	99.4	1212	OK
 602	     0	73.5	100.4	1225	OK
 603	     0	71.9	100.7	1218	OK
 604	     0	73.7	98.5	1224	OK
 605	     0	73.5	103.3	1192	OK
 606	     0	73.8	99.2	1218	OK
 607	     0	75.0	101.8	1192	OK
 608	     0	75.1	101.9	1226	OK
 609	     0	74.0	99.9	1189	OK
 610	     0	73.4	99.2	1212	OK
 611	     0	74.7	104.7	1204	OK
 612	     0	74.8	104.5	1229	OK
 613	     0	73.2	98.6	1179	OK
 614	     0	73.1	98.6	1206	OK
 615	     0	72.7	102.4	1231	OK
 616	     0	74.5	105.4	1230	OK
 617	     0	73.7	99.9	1205	OK
 618	     0	73.4	102.0	1197	OK
 619	     0	75.1	103.9	1218	OK
 620	     0	75.7	104.4	1204	OK
 621	     0	72.9	98.0	1184	OK
 622	     0	74.3	101.1	1219	OK
 623	     0	73.9	101.1	1213	OK
 624	     0	72.4	101.7	1186	OK
 625	     0	72.5	100.0	1197	OK
 626	     0	74.7	99.5	1190	OK
 627	     0	72.9	106.2	1204	OK
 628	     0	73.2	99.2	1213	OK
 629	     0	73.8	99.8	1222	OK
 630	     0	73.0	99.4	1209	OK
 631	     0	75.8	100.2	1190	OK
 632	     0	71.8	97.7	1233	OK
 633	     0	71.8	100.4	1197	OK
 634	     0	77.2	103.8	1198	OK
 635	     0	75.4	105.5	1224	OK
 636	     0	74.8	105.6	1201	OK
 637	     0	74.9	101.4	1196	OK
 638	     0	73.1	98.5	1169	OK
 639	     0	75.8	99.9	1200	OK
 640	     0	77.3	103.5	1228	OK
 641	     0	78.3	104.0	1233	OK
 642	     0	74.2	100.2	1210	OK
 643	     0	75.2	99.9	1221	OK
 644	     0	74.9	102.7	1197	OK
 645	     0	73.4	101.7	1217	OK
 646	     0	73.7	101.0	1202	OK
 647	     0	73.6	100.5	1219	OK
 648	     0	75.2	101.2	1221	OK
 649	     0	74.9	102.7	1237	OK
 650	     0	72.5	96.6	1213	OK
 651	     0	72.0	100.6	1232	OK
 652	     0	72.5	99.6	1208	OK
 653	     0	71.5	97.5	1240	OK
 654	     0	72.6	99.1	1232	OK
 655	     0	74.5	102.2	1238	OK
 656	     0	72.9	100.5	1224	OK
 657	     0	72.5	99.6	1226	OK
 658	     0	71.4	101.4	1242	OK
 659	     0	73.2	99.3	1226	OK
 660	     0	71.2	97.9	1224	OK
 661	     0	73.1	98.0	1226	OK
 662	     0	73.0	100.0	1234	OK
 663	     0	70.7	97.1	1244	OK
 664	     0	72.6	100.0	1201	OK
 665	     0	72.9	101.0	1247	OK
 666	     0	72.1	99.1	1214	OK
 667	     0	72.5	103.6	1210	OK
 668	     0	70.7	95.6	1235	OK
 669	     0	72.3	98.2	1209	OK
 670	     0	73.9	98.5	1255	OK
 671	     0	73.9	99.0	1217	OK
 672	     0	74.4	101.0	1252	OK
 673	     0	73.3	100.5	1224	OK
 674	     0	74.7	102.1	1221	OK
 675	     0	74.6	102.2	1216	OK
 676	     0	71.8	97.1	1234	OK
 677	     0	71.1	98.4	1225	OK
 678	     0	73.5	101.5	1224	OK
 679	     0	75.4	102.6	1226	OK
 680	     0	71.9	99.2	1234	OK
 681	     0	74.3	105.4	1242	OK
 682	     0	73.4	100.0	1228	OK
 683	     0	72.3	102.3	1232	OK
 684	     0	73.1	99.2	1241	OK
 685	     0	75.4	101.1	1227	OK
 686	     0	73.5	99.2	1227	OK
 687	     0	74.0	102.2	1244	OK
 688	     0	73.7	102.3	1222	OK
 689	     0	71.5	101.3	1247	OK
 690	     0	72.9	100.9	1243	OK
 691	     0	75.1	102.7	1244	OK
 692	     0	74.2	100.0	1233	OK
 693	     0	71.7	98.7	1251	OK
 694	     0	71.8	98.1	1222	OK
 695	     0	73.0	100.7	1219	OK
 696	     0	76.5	100.7	1241	OK
 697	     0	74.7	100.7	1241	OK
 698	     0	73.1	101.4	1223	OK
 699	     0	72.7	97.6	1221	OK
 700	     0	75.3	100.0	1242	OK
 701	     0	73.8	102.1	1244	OK
 702	     0	74.3	99.8	1216	OK
 703	     0	75.9	103.7	1218	OK
 704	     0	77.6	103.2	1219	OK
 705	     0	74.1	100.4	1264	OK
 706	     0	73.2	101.8	1246	OK
 707	     0	72.4	102.0	1233	OK
 708	     0	72.9	100.6	1230	OK
 709	     0	73.3	99.2	1236	OK
 710	     0	73.3	103.7	1256	OK
 711	     0	69.7	99.3	1240	OK
 712	     0	72.1	96.5	1225	OK
 713	     0	72.4	99.9	1248	OK
 714	     0	72.5	99.5	1237	OK
 715	     0	72.8	97.3	1242	OK
 716	     0	72.1	100.1	1234	OK
 717	     0	72.6	97.1	1219	OK
 718	     0	77.3	102.7	1260	OK
 719	     0	74.5	102.0	1229	OK
 720	     0	68.7	95.5	1247	OK
 721	     0	73.7	99.9	1217	OK
 722	     0	72.5	98.9	1245	OK
 723	     0	74.7	103.2	1253	OK
 724	     0	71.8	98.2	1238	OK
 725	     0	71.0	96.5	1234	OK
 726	     0	72.3	98.0	1233	OK
 727	     0	71.8	100.7	1237	OK
 728	     0	73.6	101.1	1244	OK
 729	     0	72.6	99.5	1238	OK
 730	     0	68.2	93.8	1237	OK
 731	     0	72.5	99.0	1253	OK
 732	     0	71.4	98.3	1239	OK
 733	     0	72.9	100.1	1226	OK
 734	     0	73.2	99.9	1243	OK
 735	     0	75.5	103.3	1243	OK
 736	     0	74.0	99.8	1220	OK
 737	     0	72.9	100.0	1242	OK
 738	     0	71.9	96.9	1221	OK
 739	     0	74.4	99.7	1239	OK
 740	     0	73.6	100.9	1248	OK
 741	     0	72.6	99.6	1233	OK
 742	     0	71.1	96.6	1225	OK
 743	     0	74.5	102.7	1221	OK
 744	     0	72.8	97.4	1226	OK
 745	     0	73.9	101.7	1251	OK
 746	     0	73.3	99.2	1233	OK
 747	     0	76.3	99.8	1234	OK
 748	     0	73.4	102.4	1247	OK
 749	     0	72.5	99.3	1226	OK
 750	     0	74.4	104.0	1241	OK
 751	     0	74.4	100.1	1233	OK
 752	     0	73.6	101.1	1241	OK
 753	     0	76.4	102.8	1231	OK
 754	     0	73.0	100.0	1240	OK
 755	     0	73.5	100.3	1253	OK
 756	     0	72.6	99.6	1255	OK
 757	     0	76.1	99.8	1242	OK
 758	     0	72.7	98.8	1243	OK
 759	     0	73.9	100.0	1245	OK
 760	     0	74.0	103.8	1230	OK
 761	     0	73.8	100.3	1233	OK
 762	     0	73.5	101.1	1263	OK
 763	     0	74.8	102.7	1261	OK
 764	     0	75.4	100.2	1240	OK
 765	     0	73.6	101.5	1224	OK
 766	     0	78.2	103.9	1243	OK
 767	     0	75.4	103.5	1281	OK
 768	     0	76.9	103.5	1222	OK
 769	     0	77.7	104.9	1202	OK
 770	     0	74.6	100.1	1195	OK
 771	     0	74.5	101.9	1170	OK
 772	     0	75.4	100.9	1171	OK
 773	     0	74.2	100.0	1216	OK
 774	     0	74.0	103.0	1198	OK
 775	     0	75.6	99.2	1189	OK
 776	  4000	73.3	150.9	1261	high noise
 777	     0	77.4	102.7	1182	OK
 778	     0	72.9	100.8	1173	OK
 779	     0	74.4	99.8	1191	OK
 780	     0	74.9	101.0	1180	OK
 781	     0	76.9	106.4	1211	OK
 782	     0	74.2	99.7	1204	OK
 783	     0	74.9	101.5	1197	OK
 784	     0	76.1	102.4	1196	OK
 785	     0	76.8	104.1	1186	OK
 786	     0	75.8	103.5	1193	OK
 787	     0	74.6	98.9	1184	OK
 788	     0	73.6	98.5	1195	OK
 789	     0	74.5	96.1	1207	OK
 790	     0	76.1	101.7	1180	OK
 791	     0	78.6	103.6	1183	OK
 792	     0	75.5	105.6	1215	OK
 793	     0	78.8	107.5	1192	OK
 794	     0	76.1	104.4	1212	OK
 795	     0	74.9	102.9	1195	OK
 796	     0	75.1	104.1	1208	OK
 797	     0	75.5	99.3	1202	OK
 798	     0	75.8	102.1	1189	OK
 799	     0	77.7	104.2	1201	OK
 800	     0	77.2	102.4	1204	OK
 801	     0	76.1	104.2	1182	OK
 802	     0	76.7	103.4	1179	OK
 803	     0	77.3	104.6	1217	OK
 804	     0	80.5	109.0	1185	OK
 805	     0	76.4	101.4	1197	OK
 806	     0	78.3	100.7	1206	OK
 807	     0	76.5	105.1	1216	OK
 808	     0	78.3	107.9	1217	OK
 809	     0	76.4	102.4	1189	OK
 810	     0	75.9	102.7	1206	OK
 811	     0	78.3	106.3	1186	OK
 812	     0	77.0	102.3	1214	OK
 813	     0	76.5	103.3	1208	OK
 814	     0	76.4	100.0	1203	OK
 815	     0	76.5	99.9	1222	OK
 816	     0	79.3	105.1	1204	OK
 817	     0	79.1	103.8	1200	OK
 818	     0	76.9	102.6	1219	OK
 819	     0	77.6	103.6	1191	OK
 820	     0	76.3	102.2	1194	OK
 821	     0	79.5	108.9	1203	OK
 822	     0	77.0	103.3	1194	OK
 823	     0	77.6	104.6	1204	OK
 824	     0	76.8	103.9	1207	OK
 825	     0	78.8	104.9	1218	OK
 826	     0	78.2	105.2	1191	OK
 827	     0	79.2	103.2	1225	OK
 828	     0	78.3	104.5	1188	OK
 829	     0	80.3	107.8	1214	OK
 830	     0	80.0	104.6	1199	OK
 831	     0	78.6	106.3	1185	OK
 832	     0	79.7	104.0	1189	OK
 833	     0	80.3	107.3	1185	OK
 834	     0	76.1	103.5	1199	OK
 835	     0	79.7	107.4	1197	OK
 836	     0	77.0	103.4	1181	OK
 837	     0	77.3	104.0	1188	OK
 838	     0	79.0	105.1	1207	OK
 839	     0	78.8	109.0	1178	OK
 840	     0	77.8	105.4	1207	OK
 841	     0	76.2	100.9	1188	OK
 842	     0	77.8	102.9	1178	OK
 843	     0	77.0	105.5	1196	OK
 844	     0	76.5	101.8	1201	OK
 845	     0	80.5	104.8	1201	OK
 846	     0	75.9	102.4	1182	OK
 847	     0	77.3	105.9	1198	OK
 848	     0	78.1	106.1	1204	OK
 849	     0	76.8	105.7	1176	OK
 850	     0	76.4	104.1	1192	OK
 851	     0	74.8	100.0	1175	OK
 852	     0	75.3	101.5	1174	OK
 853	     0	76.4	104.6	1204	OK
 854	     0	74.0	101.9	1178	OK
 855	     0	75.2	102.9	1208	OK
 856	     0	77.6	103.4	1194	OK
 857	     0	75.9	100.7	1184	OK
 858	     0	77.0	105.4	1189	OK
 859	     0	75.9	100.0	1175	OK
 860	     0	77.8	116.7	1189	OK
 861	     0	77.7	101.4	1188	OK
 862	     0	75.4	106.1	1173	OK
 863	     0	76.2	106.0	1207	OK
 864	     0	76.8	103.9	1201	OK
 865	     0	76.2	102.2	1187	OK
 866	     0	78.2	101.9	1180	OK
 867	     0	78.3	104.3	1200	OK
 868	     0	79.3	103.5	1185	OK
 869	     0	80.5	108.4	1194	OK
 870	     0	79.0	109.2	1184	OK
 871	     0	79.4	104.4	1185	OK
 872	     0	77.9	104.1	1201	OK
 873	     0	76.5	103.0	1178	OK
 874	     0	79.2	105.1	1176	OK
 875	     0	77.2	104.0	1184	OK
 876	     0	77.8	104.8	1185	OK
 877	     0	76.3	104.4	1185	OK
 878	     0	79.6	104.8	1173	OK
 879	     0	76.5	102.3	1181	OK
 880	     0	78.2	106.0	1188	OK
 881	     0	77.3	104.4	1164	OK
 882	     0	78.7	103.8	1178	OK
 883	     0	77.1	106.7	1187	OK
 884	     0	78.2	102.5	1173	OK
 885	     0	75.7	104.3	1161	OK
 886	     0	78.9	106.4	1161	OK
 887	     0	79.3	106.3	1178	OK
 888	     0	77.0	103.8	1175	OK
 889	     0	76.7	104.5	1171	OK
 890	     0	78.8	104.7	1166	OK
 891	     0	81.1	106.5	1182	OK
 892	     0	80.5	105.2	1195	OK
 893	     0	78.4	105.1	1204	OK
 894	     0	81.2	106.0	1205	OK
 895	     0	78.1	103.9	1175	OK
 896	     0	79.0	102.3	1169	OK
 897	     0	78.8	105.4	1140	OK
 898	     0	76.6	101.2	1141	OK
 899	     0	76.9	105.5	1146	OK
 900	     0	74.3	99.1	1157	OK
 901	     0	73.7	99.5	1159	OK
 902	     0	74.4	103.0	1156	OK
 903	     0	74.3	102.8	1131	OK
 904	     0	74.2	101.2	1159	OK
 905	     0	76.0	101.5	1158	OK
 906	     0	71.9	98.9	1135	OK
 907	     0	73.8	97.0	1165	OK
 908	     0	73.2	93.1	1165	OK
 909	     0	73.5	99.7	1151	OK
 910	     0	74.8	101.0	1169	OK
 911	     0	74.9	103.3	1150	OK
 912	     0	72.4	98.4	1164	OK
 913	     0	72.8	100.3	1152	OK
 914	     0	75.5	113.3	1160	OK
 915	     0	73.1	100.2	1161	OK
 916	     0	75.6	101.4	1162	OK
 917	     0	75.7	102.3	1167	OK
 918	     0	73.0	99.8	1147	OK
 919	     0	75.3	103.4	1156	OK
 920	     0	76.2	104.7	1127	OK
 921	     0	74.2	100.9	1171	OK
 922	     0	71.9	97.3	1159	OK
 923	     0	75.8	101.5	1173	OK
 924	     0	75.4	107.9	1168	OK
 925	     0	77.3	104.7	1143	OK
 926	     0	75.3	100.5	1158	OK
 927	     0	75.9	104.9	1152	OK
 928	     0	75.0	103.2	1135	OK
 929	     0	75.6	100.4	1136	OK
 930	     0	75.2	101.8	1154	OK
 931	     0	74.1	100.6	1158	OK
 932	     0	74.7	103.5	1152	OK
 933	     0	73.5	101.7	1173	OK
 934	     0	76.1	104.8	1151	OK
 935	     0	73.6	101.8	1155	OK
 936	     0	71.6	98.5	1163	OK
 937	     0	74.3	103.9	1158	OK
 938	     0	72.6	99.6	1172	OK
 939	     0	74.1	98.7	1133	OK
 940	     0	75.2	99.3	1167	OK
 941	     0	73.7	100.3	1139	OK
 942	     0	72.6	99.3	1158	OK
 943	     0	75.9	102.7	1162	OK
 944	     0	74.3	99.9	1178	OK
 945	     0	75.3	100.1	1157	OK
 946	     0	74.1	99.4	1162	OK
 947	     0	73.8	100.5	1176	OK
 948	     0	75.1	102.9	1160	OK
 949	     0	72.5	99.7	1141	OK
 950	     0	73.6	101.6	1149	OK
 951	     0	75.2	105.3	1139	OK
 952	     0	73.3	98.7	1160	OK
 953	     0	73.3	100.0	1175	OK
 954	     0	76.3	100.3	1170	OK
 955	     0	74.1	98.2	1171	OK
 956	     0	80.5	106.3	1156	OK
 957	     0	74.5	102.0	1172	OK
 958	     0	75.2	105.9	1173	OK
 959	     0	75.4	101.1	1173	OK
 960	     0	79.4	105.2	1157	OK
 961	     0	77.3	106.9	1178	OK
 962	     0	76.2	101.8	1163	OK
 963	     0	74.1	101.4	1163	OK
 964	     0	72.2	98.8	1199	OK
 965	     0	75.7	105.6	1168	OK
 966	     0	75.7	103.1	1153	OK
 967	     0	73.7	99.5	1159	OK
 968	     0	74.7	100.9	1159	OK
 969	     0	74.1	99.4	1175	OK
 970	     0	72.5	99.6	1181	OK
 971	     0	74.7	103.1	1153	OK
 972	     0	74.3	99.7	1161	OK
 973	     0	74.3	102.8	1172	OK
 974	     0	71.0	96.7	1173	OK
 975	     0	73.5	98.5	1175	OK
 976	     0	73.7	101.0	1173	OK
 977	     0	74.1	101.1	1166	OK
 978	     0	74.7	104.0	1159	OK
 979	     0	73.4	102.0	1171	OK
 980	     0	74.1	98.4	1157	OK
 981	     0	73.3	100.9	1175	OK
 982	     0	71.4	99.4	1171	OK
 983	     0	71.7	99.3	1179	OK
 984	     0	75.2	101.8	1195	OK
 985	     0	72.0	99.0	1159	OK
 986	     0	72.5	96.8	1143	OK
 987	     0	72.3	101.3	1152	OK
 988	     0	70.8	97.4	1184	OK
 989	     0	70.6	100.6	1147	OK
 990	     0	75.0	103.1	1155	OK
 991	     0	74.8	100.8	1168	OK
 992	     0	72.2	96.5	1168	OK
 993	     0	72.9	96.4	1166	OK
 994	     0	73.0	99.4	1176	OK
 995	     0	74.4	100.1	1174	OK
 996	     0	73.0	99.9	1181	OK
 997	     0	72.2	98.8	1169	OK
 998	     0	73.2	99.7	1153	OK
 999	     0	74.3	99.8	1153	OK
1000	     0	73.2	101.0	1166	OK
1001	     0	73.7	100.1	1184	OK
1002	     0	73.0	99.4	1189	OK
1003	     0	76.6	100.8	1146	OK
1004	     0	74.6	102.9	1158	OK
1005	     0	71.6	96.8	1156	OK
1006	     0	74.0	97.8	1179	OK
1007	     0	74.1	101.6	1172	OK
1008	     0	72.2	99.4	1156	OK
1009	     0	73.7	103.1	1157	OK
1010	     0	72.5	96.6	1182	OK
1011	     0	72.2	99.4	1162	OK
1012	     0	75.5	100.5	1174	OK
1013	     0	74.4	101.6	1170	OK
1014	     0	71.6	97.6	1145	OK
1015	     0	75.5	102.9	1183	OK
1016	     0	72.6	97.1	1168	OK
1017	     0	74.0	101.2	1180	OK
1018	     0	73.5	100.4	1159	OK
1019	     0	73.1	100.7	1173	OK
1020	     0	71.6	98.3	1157	OK
1021	     0	72.7	97.4	1197	OK
1022	     0	73.9	100.0	1172	OK
1023	     0	74.3	100.6	1153	OK
1024	     0	74.3	100.4	1180	OK
1025	     0	74.6	99.6	1197	OK
1026	     0	74.1	103.8	1210	OK
1027	     0	74.4	101.0	1193	OK
1028	     0	72.9	102.7	1202	OK
1029	     0	72.3	99.6	1200	OK
1030	     0	72.5	97.7	1206	OK
1031	     0	76.4	104.6	1210	OK
1032	     0	71.8	97.6	1206	OK
1033	     0	72.9	100.8	1185	OK
1034	     0	74.1	102.9	1179	OK
1035	     0	73.1	100.8	1195	OK
1036	     0	74.4	98.5	1186	OK
1037	     0	73.2	97.8	1202	OK
1038	     0	74.3	99.7	1194	OK
1039	     0	73.5	98.5	1205	OK
1040	     0	73.0	103.6	1193	OK
1041	     0	74.0	100.8	1185	OK
1042	     0	72.9	99.5	1189	OK
1043	     0	72.9	101.7	1190	OK
1044	     0	71.6	101.1	1204	OK
1045	     0	72.1	97.5	1186	OK
1046	     0	72.5	98.1	1225	OK
1047	     0	75.0	99.8	1220	OK
1048	     0	71.7	99.5	1196	OK
1049	     0	72.9	101.8	1189	OK
1050	     0	72.6	98.9	1175	OK
1051	     0	72.2	99.4	1213	OK
1052	     0	73.5	100.5	1200	OK
1053	     0	72.3	100.5	1187	OK
1054	     0	73.4	100.1	1194	OK
1055	     0	72.0	100.2	1214	OK
1056	     0	73.4	102.5	1212	OK
1057	     0	71.0	99.3	1199	OK
1058	     0	72.1	101.0	1187	OK
1059	     0	72.6	97.9	1187	OK
1060	     0	73.0	100.6	1192	OK
1061	     0	73.5	102.3	1173	OK
1062	     0	70.2	96.3	1177	OK
1063	     0	71.6	97.3	1217	OK
1064	     0	72.3	97.6	1195	OK
1065	     0	71.0	97.6	1189	OK
1066	     0	71.1	100.8	1195	OK
1067	     0	71.6	100.7	1202	OK
1068	     0	71.6	100.3	1222	OK
1069	     0	72.0	98.6	1183	OK
1070	     0	71.8	96.9	1216	OK
1071	     0	74.2	101.6	1212	OK
1072	     0	73.6	100.3	1183	OK
1073	     0	73.6	100.9	1190	OK
1074	     0	72.4	101.4	1166	OK
1075	     0	71.2	97.2	1189	OK
1076	     0	73.6	97.9	1205	OK
1077	     0	73.8	99.9	1225	OK
1078	     0	71.1	99.7	1205	OK
1079	     0	74.3	101.4	1198	OK
1080	     0	70.7	97.9	1193	OK
1081	     0	75.5	103.9	1198	OK
1082	     0	75.2	101.2	1189	OK
1083	     0	75.3	99.7	1196	OK
1084	     0	75.5	102.7	1187	OK
1085	     0	75.2	103.6	1193	OK
1086	     0	77.0	103.1	1194	OK
1087	     0	77.7	102.6	1209	OK
1088	     0	71.8	98.8	1185	OK
1089	     0	73.9	100.5	1195	OK
1090	     0	71.8	97.5	1196	OK
1091	     0	72.2	99.4	1181	OK
1092	     0	72.1	98.9	1211	OK
1093	     0	72.7	100.1	1199	OK
1094	     0	72.7	103.5	1204	OK
1095	     0	72.1	95.7	1193	OK
1096	     0	75.3	101.6	1179	OK
1097	     0	74.5	101.7	1186	OK
1098	     0	71.8	99.6	1207	OK
1099	     0	72.7	98.9	1180	OK
1100	     0	74.3	103.5	1200	OK
1101	     0	69.6	95.2	1202	OK
1102	     0	70.9	99.2	1198	OK
1103	     0	72.2	100.9	1210	OK
1104	     0	71.5	100.8	1214	OK
1105	     0	71.7	98.0	1186	OK
1106	     0	72.3	98.7	1199	OK
1107	     0	71.0	98.5	1187	OK
1108	     0	72.2	98.9	1184	OK
1109	     0	73.6	101.3	1188	OK
1110	     0	72.4	100.5	1196	OK
1111	     0	72.6	98.0	1183	OK
1112	     0	70.4	96.1	1193	OK
1113	     0	71.5	96.3	1209	OK
1114	     0	71.4	101.6	1199	OK
1115	     0	75.1	102.8	1191	OK
1116	     0	72.8	99.2	1174	OK
1117	     0	70.0	95.8	1173	OK
1118	     0	71.1	99.0	1183	OK
1119	     0	72.7	101.7	1178	OK
1120	     0	70.7	94.2	1186	OK
1121	     0	74.0	98.6	1175	OK
1122	     0	71.2	99.6	1189	OK
1123	     0	73.3	99.8	1185	OK
1124	     0	70.9	96.4	1198	OK
1125	     0	74.0	100.0	1192	OK
1126	     0	72.0	99.1	1188	OK
1127	     0	71.2	99.1	1186	OK
1128	     0	69.3	95.8	1201	OK
1129	     0	73.8	101.5	1192	OK
1130	     0	71.3	96.2	1209	OK
1131	     0	73.1	101.5	1192	OK
1132	     0	71.5	99.7	1215	OK
1133	     0	74.5	101.8	1186	OK
1134	     0	73.0	100.2	1186	OK
1135	     0	73.9	101.2	1199	OK
1136	     0	72.8	101.9	1194	OK
1137	     0	72.8	97.5	1194	OK
1138	     0	72.2	101.2	1177	OK
1139	     0	71.1	99.3	1184	OK
1140	     0	70.4	98.5	1186	OK
1141	     0	72.8	101.1	1195	OK
1142	     0	75.0	100.7	1190	OK
1143	     0	73.5	101.7	1205	OK
1144	     0	72.5	100.9	1195	OK
1145	     0	73.7	102.3	1207	OK
1146	     0	71.5	101.4	1205	OK
1147	     0	73.8	103.8	1190	OK
1148	     0	70.7	98.0	1183	OK
1149	     0	77.0	104.5	1237	OK
1150	     0	76.3	101.4	1210	OK
1151	   200	81.5	106.5	1233	high gain
1152	     0	78.6	104.4	1178	OK
1153	     0	77.2	102.5	1187	OK
1154	     0	76.8	102.2	1192	OK
1155	     0	77.7	105.5	1167	OK
1156	     0	74.1	103.4	1179	OK
1157	     0	73.5	100.5	1171	OK
1158	     0	78.2	107.1	1170	OK
1159	     0	76.0	104.5	1159	OK
1160	     0	74.9	106.5	1178	OK
1161	     0	74.0	98.7	1169	OK
1162	     0	77.8	107.4	1165	OK
1163	     0	75.9	102.0	1168	OK
1164	     0	75.8	102.9	1169	OK
1165	     0	72.9	102.7	1168	OK
1166	     0	77.6	103.4	1174	OK
1167	     0	74.8	102.1	1187	OK
1168	     0	74.3	99.6	1172	OK
1169	     0	74.2	101.8	1182	OK
1170	     0	73.4	103.1	1156	OK
1171	     0	75.8	104.5	1185	OK
1172	     0	75.8	102.7	1178	OK
1173	     0	76.8	104.2	1158	OK
1174	     0	74.2	99.9	1179	OK
1175	     0	76.1	103.1	1170	OK
1176	     0	76.1	101.8	1151	OK
1177	     0	77.3	101.4	1178	OK
1178	     0	75.8	100.1	1175	OK
1179	     0	78.2	102.8	1169	OK
1180	     0	77.2	102.3	1169	OK
1181	     0	77.9	104.5	1154	OK
1182	     0	74.7	101.0	1176	OK
1183	     0	73.4	98.0	1164	OK
1184	     0	77.5	107.0	1181	OK
1185	     0	75.5	102.9	1154	OK
1186	     0	74.1	98.5	1211	OK
1187	     0	77.7	102.9	1173	OK
1188	     0	72.6	100.6	1173	OK
1189	     0	74.6	102.5	1169	OK
1190	     0	75.7	103.3	1169	OK
1191	     0	77.6	106.9	1199	OK
1192	     0	73.9	102.7	1180	OK
1193	     0	75.4	101.7	1189	OK
1194	     0	75.3	102.5	1184	OK
1195	     0	73.8	104.2	1188	OK
1196	     0	75.3	101.2	1180	OK
1197	     0	75.7	100.2	1196	OK
1198	     0	75.8	104.6	1183	OK
1199	     0	74.2	101.9	1181	OK
1200	     0	76.2	101.6	1161	OK
1201	     0	76.9	103.4	1188	OK
1202	     0	75.9	101.1	1145	OK
1203	     0	78.2	105.6	1180	OK
1204	     0	75.6	100.4	1174	OK
1205	     0	77.0	101.7	1185	OK
1206	     0	73.2	102.8	1183	OK
1207	     0	76.5	103.5	1191	OK
1208	     0	77.0	104.7	1164	OK
1209	     0	77.4	104.4	1181	OK
1210	     0	78.6	103.3	1173	OK
1211	     0	76.1	105.1	1183	OK
1212	     0	78.0	104.0	1174	OK
1213	     0	80.2	108.8	1178	OK
1214	     0	79.2	105.8	1177	OK
1215	     0	81.0	109.0	1178	OK
1216	     0	78.5	108.4	1177	OK
1217	     0	79.9	104.7	1158	OK
1218	     0	76.2	103.3	1141	OK
1219	     0	75.4	100.9	1158	OK
1220	     0	74.7	103.4	1161	OK
1221	     0	73.2	99.6	1181	OK
1222	     0	76.3	101.2	1139	OK
1223	     0	76.2	102.6	1154	OK
1224	     0	73.9	100.8	1184	OK
1225	     0	77.2	107.0	1179	OK
1226	     0	74.6	100.3	1166	OK
1227	     0	73.8	99.1	1173	OK
1228	     0	74.4	103.6	1172	OK
1229	     0	78.2	104.6	1158	OK
1230	     0	76.2	103.1	1167	OK
1231	     0	77.9	104.9	1159	OK
1232	     0	74.6	102.5	1175	OK
1233	     0	78.9	109.3	1177	OK
1234	     0	76.1	101.6	1147	OK
1235	     0	75.4	100.3	1174	OK
1236	     0	77.7	104.0	1182	OK
1237	     0	75.8	100.3	1159	OK
1238	     0	75.6	104.4	1165	OK
1239	     0	75.3	101.0	1164	OK
1240	     0	80.6	107.0	1137	OK
1241	     0	75.7	104.9	1156	OK
1242	     0	76.6	104.7	1160	OK
1243	     0	75.4	106.2	1163	OK
1244	     0	76.0	104.2	1181	OK
1245	     0	75.4	101.3	1151	OK
1246	     0	72.2	99.4	1163	OK
1247	     0	76.8	106.0	1151	OK
1248	     0	74.0	112.4	1175	OK
1249	     0	76.2	105.0	1156	OK
1250	     0	74.5	102.5	1158	OK
1251	     0	75.4	103.9	1161	OK
1252	     0	74.5	100.0	1176	OK
1253	     0	74.5	100.4	1163	OK
1254	     0	73.9	102.0	1154	OK
1255	     0	76.6	105.4	1154	OK
1256	     0	73.8	100.5	1154	OK
1257	     0	74.8	106.2	1150	OK
1258	     0	76.0	105.2	1180	OK
1259	     0	75.1	102.4	1159	OK
1260	     0	76.6	104.3	1159	OK
1261	     0	75.4	101.7	1148	OK
1262	     0	74.9	103.5	1147	OK
1263	     0	76.1	102.9	1164	OK
1264	     0	74.9	100.7	1179	OK
1265	     0	73.6	103.3	1158	OK
1266	     0	75.2	101.1	1180	OK
1267	     0	75.3	104.3	1156	OK
1268	     0	76.3	102.9	1168	OK
1269	     0	74.1	99.6	1155	OK
1270	     0	74.8	100.1	1157	OK
1271	     0	73.7	101.1	1175	OK
1272	     0	74.5	102.7	1142	OK
1273	     0	74.1	100.6	1156	OK
1274	     0	75.7	102.8	1159	OK
1275	     0	76.1	103.9	1161	OK
1276	     0	77.1	100.6	1175	OK
1277	     0	78.7	104.7	1160	OK
1278	     0	78.0	107.3	1153	OK
1279	     0	80.5	106.8	1163	OK
1280	     0	77.0	105.0	1176	OK
1281	     0	78.3	104.3	1162	OK
1282	     0	75.0	104.8	1165	OK
1283	     0	72.6	98.9	1178	OK
1284	     0	73.5	101.3	1164	OK
1285	     0	75.8	102.3	1164	OK
1286	     0	71.2	99.4	1152	OK
1287	     0	75.3	100.5	1163	OK
1288	     0	74.9	101.3	1145	OK
1289	     0	73.6	100.7	1180	OK
1290	     0	71.9	102.3	1157	OK
1291	     0	73.4	102.3	1176	OK
1292	     0	75.4	103.7	1170	OK
1293	     0	74.6	100.0	1163	OK
1294	     0	75.0	102.2	1175	OK
1295	     0	71.3	99.5	1159	OK
1296	     0	73.7	101.9	1163	OK
1297	     0	73.6	101.1	1158	OK
1298	     0	72.0	99.1	1158	OK
1299	     0	73.8	101.0	1178	OK
1300	     0	72.0	96.9	1161	OK
1301	     0	72.9	100.7	1157	OK
1302	     0	73.0	101.8	1160	OK
1303	     0	73.6	100.7	1172	OK
1304	     0	73.6	99.6	1164	OK
1305	     0	73.6	101.1	1178	OK
1306	     0	72.0	100.2	1170	OK
1307	     0	75.1	105.5	1168	OK
1308	     0	73.2	97.6	1161	OK
1309	     0	73.1	99.5	1171	OK
1310	     0	72.2	98.1	1163	OK
1311	     0	74.9	101.3	1151	OK
1312	     0	73.0	98.6	1171	OK
1313	     0	74.5	100.6	1163	OK
1314	     0	73.1	102.6	1173	OK
1315	     0	73.1	100.6	1168	OK
1316	     0	75.7	101.7	1152	OK
1317	     0	72.2	99.0	1177	OK
1318	     0	73.6	100.0	1148	OK
1319	     0	71.3	101.1	1178	OK
1320	     0	70.9	100.7	1179	OK
1321	     0	72.3	97.6	1158	OK
1322	     0	71.3	99.5	1174	OK
1323	     0	73.8	100.6	1181	OK
1324	     0	71.1	97.9	1184	OK
1325	     0	74.1	99.2	1160	OK
1326	     0	70.8	96.1	1172	OK
1327	     0	72.7	103.2	1168	OK
1328	     0	74.7	103.3	1164	OK
1329	     0	73.6	99.1	1169	OK
1330	     0	73.4	100.5	1164	OK
1331	     0	75.1	102.8	1125	OK
1332	     0	74.4	103.8	1160	OK
1333	     0	73.1	100.3	1171	OK
1334	     0	73.7	104.3	1188	OK
1335	     0	73.0	100.2	1155	OK
1336	     0	75.0	102.7	1159	OK
1337	     0	72.5	101.5	1146	OK
1338	     0	76.2	104.2	1152	OK
1339	     0	75.9	105.1	1154	OK
1340	     0	74.7	103.2	1143	OK
1341	     0	76.1	103.9	1177	OK
1342	     0	74.9	103.5	1165	OK
1343	     0	78.2	106.8	1164	OK
1344	     0	71.7	100.5	1164	OK
1345	     0	74.5	100.4	1166	OK
1346	     0	75.3	103.3	1174	OK
1347	     0	71.3	98.2	1170	OK
1348	     0	72.3	98.1	1175	OK
1349	     0	73.9	98.5	1152	OK
1350	     0	72.5	100.6	1163	OK
1351	     0	72.4	100.3	1154	OK
1352	     0	73.6	101.5	1163	OK
1353	     0	74.6	102.0	1167	OK
1354	     0	76.5	101.8	1143	OK
1355	     0	71.4	99.4	1165	OK
1356	     0	72.0	100.7	1179	OK
1357	     0	74.3	103.6	1159	OK
1358	     0	73.9	100.1	1168	OK
1359	     0	73.2	100.3	1172	OK
1360	     0	71.1	96.5	1152	OK
1361	     0	74.5	101.8	1151	OK
1362	     0	72.5	100.8	1155	OK
1363	     0	72.9	101.5	1155	OK
1364	     0	74.8	101.2	1161	OK
1365	     0	71.4	100.3	1166	OK
1366	     0	74.0	101.7	1169	OK
1367	     0	72.7	101.9	1173	OK
1368	     0	71.9	98.7	1156	OK
1369	     0	71.2	98.3	1153	OK
1370	     0	73.1	100.4	1175	OK
1371	     0	70.7	98.7	1154	OK
1372	     0	72.8	102.9	1169	OK
1373	     0	73.1	102.6	1163	OK
1374	     0	71.9	96.9	1153	OK
1375	     0	73.0	100.3	1155	OK
1376	     0	72.9	101.4	1154	OK
1377	     0	70.2	100.4	1153	OK
1378	     0	71.8	99.4	1171	OK
1379	     0	72.7	102.5	1154	OK
1380	     0	74.2	103.5	1170	OK
1381	     0	71.2	100.5	1155	OK
1382	     0	71.6	99.3	1163	OK
1383	     0	73.4	100.7	1173	OK
1384	     0	70.5	99.1	1148	OK
1385	     0	71.6	97.7	1165	OK
1386	     0	75.0	106.0	1132	OK
1387	     0	71.3	97.2	1151	OK
1388	     0	71.3	99.6	1155	OK
1389	     0	72.2	100.0	1175	OK
1390	     0	71.8	97.0	1148	OK
1391	     0	70.4	98.1	1160	OK
1392	     0	72.1	98.3	1152	OK
1393	     0	71.1	101.8	1166	OK
1394	     0	71.4	98.0	1143	OK
1395	     0	72.1	99.8	1181	OK
1396	     0	68.7	96.1	1162	OK
1397	     0	71.2	97.1	1163	OK
1398	     0	73.4	101.8	1154	OK
1399	     0	70.9	99.9	1145	OK
1400	     0	70.8	98.3	1177	OK
1401	     0	72.4	97.8	1145	OK
1402	     0	72.6	102.6	1143	OK
1403	     0	72.3	102.1	1162	OK
1404	     0	72.0	99.0	1160	OK
1405	     0	73.8	100.1	1157	OK
1406	     0	72.8	101.8	1138	OK
1407	     0	75.6	104.9	1163	OK
1408	     0	73.6	102.5	1140	OK
1409	     0	71.9	99.2	1162	OK
1410	     0	73.4	104.4	1150	OK
1411	     0	74.2	100.1	1125	OK
1412	     0	71.7	98.1	1145	OK
1413	     0	73.0	101.3	1136	OK
1414	     0	71.1	98.2	1136	OK
1415	     0	71.4	101.8	1145	OK
1416	     0	74.0	101.5	1145	OK
1417	     0	73.8	101.3	1173	OK
1418	     0	72.7	99.0	1149	OK
1419	     0	71.9	99.8	1156	OK
1420	     0	71.0	98.5	1137	OK
1421	     0	70.4	99.4	1142	OK
1422	     0	73.1	102.9	1132	OK
1423	     0	74.7	100.7	1150	OK
1424	     0	71.5	97.6	1129	OK
1425	     0	73.1	98.5	1150	OK
1426	     0	70.9	97.9	1158	OK
1427	     0	73.5	105.0	1146	OK
1428	     0	74.3	101.3	1138	OK
1429	     0	74.1	101.6	1150	OK
1430	     0	74.0	100.2	1125	OK
1431	     0	74.3	104.8	1157	OK
1432	     0	74.1	98.7	1134	OK
1433	     0	76.3	102.6	1123	OK
1434	     0	72.5	100.1	1131	OK
1435	     0	73.6	100.6	1126	OK
1436	     0	73.6	100.0	1157	OK
1437	     0	73.1	99.9	1143	OK
1438	     0	72.8	101.1	1133	OK
1439	     0	72.9	100.3	1167	OK
1440	     0	73.1	99.8	1128	OK
1441	     0	74.0	100.7	1149	OK
1442	     0	76.0	102.9	1148	OK
1443	     0	73.5	102.2	1137	OK
1444	     0	75.2	104.4	1139	OK
1445	     0	73.4	105.1	1147	OK
1446	     0	70.8	100.3	1129	OK
1447	     0	73.3	101.1	1143	OK
1448	     0	72.9	100.2	1141	OK
1449	     0	72.5	100.0	1163	OK
1450	     0	71.9	99.5	1153	OK
1451	     0	76.1	103.5	1134	OK
1452	     0	75.2	100.2	1160	OK
1453	     0	72.6	97.0	1145	OK
1454	     0	73.6	103.2	1159	OK
1455	     0	74.5	100.8	1148	OK
1456	     0	74.4	101.2	1149	OK
1457	     0	74.9	103.2	1145	OK
1458	     0	73.5	100.6	1144	OK
1459	     0	74.7	101.4	1155	OK
1460	     0	73.3	101.4	1141	OK
1461	     0	73.9	102.3	1141	OK
1462	     0	73.2	102.8	1147	OK
1463	     0	72.3	100.6	1136	OK
1464	     0	75.7	102.2	1139	OK
1465	     0	73.8	99.0	1152	OK
1466	     0	76.1	102.5	1147	OK
1467	     0	76.2	104.8	1134	OK
1468	     0	78.3	106.4	1171	OK
1469	     0	77.5	103.1	1140	OK
1470	     0	77.2	104.1	1127	OK
1471	     0	79.4	106.0	1128	OK
1472	     0	77.0	102.3	1143	OK
1473	     0	75.7	102.8	1134	OK
1474	     0	74.1	100.7	1141	OK
1475	     0	75.9	105.8	1128	OK
1476	     0	71.9	100.5	1132	OK
1477	     0	73.3	101.2	1127	OK
1478	     0	72.7	98.9	1151	OK
1479	     0	75.8	104.6	1125	OK
1480	     0	72.8	103.1	1142	OK
1481	     0	74.7	102.9	1136	OK
1482	     0	73.0	102.8	1114	OK
1483	     0	75.2	102.3	1159	OK
1484	     0	73.3	100.2	1133	OK
1485	     0	73.2	101.0	1136	OK
1486	     0	71.9	99.3	1166	OK
1487	     0	74.1	101.1	1128	OK
1488	     0	73.3	100.6	1123	OK
1489	     0	73.6	99.8	1142	OK
1490	     0	74.9	101.9	1137	OK
1491	     0	74.8	102.7	1142	OK
1492	     0	72.9	98.2	1126	OK
1493	     0	74.4	102.6	1133	OK
1494	     0	73.0	99.9	1129	OK
1495	     0	73.8	102.4	1119	OK
1496	     0	73.6	101.3	1143	OK
1497	     0	73.4	101.3	1151	OK
1498	     0	76.2	101.6	1142	OK
1499	     0	74.1	105.4	1131	OK
1500	     0	73.0	100.5	1123	OK
1501	     0	75.0	104.9	1132	OK
1502	     0	74.5	104.5	1151	OK
1503	     0	72.2	99.5	1149	OK
1504	     0	74.0	102.8	1130	OK
1505	     0	71.1	98.8	1136	OK
1506	     0	74.8	99.4	1125	OK
1507	     0	76.3	104.0	1139	OK
1508	     0	77.4	103.2	1123	OK
1509	     0	73.1	100.9	1108	OK
1510	     0	73.8	100.1	1155	OK
1511	     0	75.7	103.2	1119	OK
1512	     0	76.0	100.4	1141	OK
1513	     0	76.5	106.7	1131	OK
1514	     0	76.7	105.3	1121	OK
1515	     0	78.1	105.7	1147	OK
1516	     0	74.5	103.1	1131	OK
1517	     0	75.4	100.9	1137	OK
1518	     0	76.0	102.1	1151	OK
1519	     0	74.4	102.3	1117	OK
1520	     0	77.1	106.8	1147	OK
1521	     0	77.8	104.1	1124	OK
1522	     0	76.0	102.7	1123	OK
1523	     0	79.1	109.3	1125	OK
1524	     0	77.3	105.1	1128	OK
1525	     0	74.3	101.2	1132	OK
1526	     0	77.2	103.5	1122	OK
1527	     0	76.4	104.8	1147	OK
1528	     0	74.7	100.7	1134	OK
1529	     0	77.3	103.8	1130	OK
1530	     0	77.5	104.1	1144	OK
1531	     0	77.1	104.6	1150	OK
1532	     0	77.7	107.9	1158	OK
1533	     0	79.2	104.6	1122	OK
1534	     0	79.5	107.6	1139	OK
1535	     0	77.3	103.9	1124	OK
1536	     0	72.2	100.5	1170	OK
1537	     0	73.9	98.0	1166	OK
1538	     0	72.5	101.3	1147	OK
1539	     0	75.0	101.9	1195	OK
1540	     0	71.4	99.2	1173	OK
1541	     0	69.6	77.0	1223	OK
1542	     0	73.4	99.9	1163	OK
1543	     0	73.7	102.0	1154	OK
1544	     0	72.7	99.8	1180	OK
1545	     0	71.4	101.6	1153	OK
1546	     0	70.6	97.4	1166	OK
1547	     0	72.4	97.8	1184	OK
1548	     0	72.4	99.4	1170	OK
1549	     0	72.7	100.5	1172	OK
1550	     0	74.8	99.3	1155	OK
1551	     0	73.4	102.9	1151	OK
1552	     0	73.0	99.0	1164	OK
1553	     0	72.3	98.0	1170	OK
1554	     0	72.8	98.8	1152	OK
1555	     0	74.3	98.5	1157	OK
1556	     0	73.6	101.9	1168	OK
1557	     0	74.3	100.6	1171	OK
1558	     0	72.9	101.5	1175	OK
1559	     0	74.4	101.9	1167	OK
1560	     0	75.1	104.9	1157	OK
1561	     0	76.8	102.8	1171	OK
1562	     0	73.0	100.0	1182	OK
1563	     0	73.9	100.3	1139	OK
1564	     0	73.5	103.6	1172	OK
1565	     0	72.9	99.0	1165	OK
1566	     0	73.1	100.6	1170	OK
1567	     0	71.4	102.1	1180	OK
1568	     0	71.2	98.3	1150	OK
1569	     0	69.8	97.1	1189	OK
1570	     0	71.1	97.9	1182	OK
1571	     0	72.0	100.5	1201	OK
1572	     0	72.2	99.7	1163	OK
1573	     0	73.8	101.8	1169	OK
1574	     0	73.8	103.3	1167	OK
1575	     0	73.2	97.5	1159	OK
1576	     0	71.4	108.2	1188	OK
1577	     0	71.3	99.0	1167	OK
1578	     0	72.6	100.9	1139	OK
1579	     0	72.9	100.4	1174	OK
1580	     0	70.7	97.1	1159	OK
1581	     0	73.0	103.2	1175	OK
1582	     0	70.4	100.3	1174	OK
1583	     0	72.8	96.1	1178	OK
1584	     0	73.5	102.3	1164	OK
1585	     0	74.4	102.3	1147	OK
1586	     0	74.9	103.7	1178	OK
1587	     0	73.1	100.6	1184	OK
1588	     0	75.0	101.1	1176	OK
1589	     0	75.6	101.5	1184	OK
1590	     0	73.8	101.1	1155	OK
1591	     0	73.0	102.5	1170	OK
1592	     0	74.8	103.0	1164	OK
1593	     0	71.3	120.7	1207	OK
1594	     0	73.4	98.7	1159	OK
1595	     0	75.0	105.1	1191	OK
1596	     0	75.5	103.5	1165	OK
1597	     0	73.4	102.2	1176	OK
1598	     0	76.7	103.0	1155	OK
1599	     0	79.7	106.8	1166	OK
1600	     0	74.2	103.3	1170	OK
1601	     0	73.8	99.1	1176	OK
1602	     0	74.1	101.4	1166	OK
1603	     0	75.1	102.2	1173	OK
1604	     0	74.8	100.7	1181	OK
1605	     0	74.5	100.6	1188	OK
1606	     0	75.1	103.2	1165	OK
1607	     0	72.0	98.0	1160	OK
1608	     0	73.3	103.3	1162	OK
1609	     0	72.5	100.1	1167	OK
1610	     0	72.3	98.9	1181	OK
1611	     0	71.4	97.4	1156	OK
1612	     0	74.4	101.7	1153	OK
1613	     0	72.2	99.2	1161	OK
1614	     0	76.3	102.2	1168	OK
1615	     0	76.0	102.7	1199	OK
1616	     0	73.2	101.1	1172	OK
1617	     0	72.7	101.4	1186	OK
1618	     0	74.6	103.7	1176	OK
1619	     0	77.0	104.1	1166	OK
1620	     0	72.3	98.9	1166	OK
1621	     0	73.5	102.5	1158	OK
1622	     0	73.7	102.9	1184	OK
1623	     0	72.7	100.6	1188	OK
1624	     0	73.8	99.6	1181	OK
1625	     0	72.9	102.7	1167	OK
1626	     0	73.3	101.0	1159	OK
1627	     0	74.8	101.1	1177	OK
1628	     0	73.4	100.4	1172	OK
1629	     0	74.3	104.0	1174	OK
1630	     0	73.0	100.3	1172	OK
1631	     0	73.1	100.1	1172	OK
1632	     0	73.6	101.2	1166	OK
1633	     0	75.2	106.7	1142	OK
1634	     0	71.7	96.2	1189	OK
1635	     0	76.0	103.0	1181	OK
1636	     0	74.3	98.9	1177	OK
1637	     0	73.3	101.3	1169	OK
1638	     0	72.9	102.6	1147	OK
1639	     0	75.2	101.3	1152	OK
1640	     0	74.4	103.2	1149	OK
1641	     0	74.9	102.5	1165	OK
1642	     0	72.4	101.3	1178	OK
1643	     0	75.1	101.7	1145	OK
1644	     0	73.7	99.9	1164	OK
1645	     0	72.9	101.2	1182	OK
1646	     0	73.3	101.3	1153	OK
1647	     0	74.2	100.1	1143	OK
1648	     0	73.0	99.8	1158	OK
1649	     0	71.8	95.8	1168	OK
1650	     0	70.9	100.0	1159	OK
1651	     0	73.9	104.4	1168	OK
1652	     0	73.2	100.0	1176	OK
1653	     0	74.1	101.0	1183	OK
1654	     0	72.8	101.1	1154	OK
1655	     0	73.4	99.3	1161	OK
1656	     0	72.9	98.8	1159	OK
1657	     0	74.6	101.9	1174	OK
1658	     0	74.1	100.6	1150	OK
1659	     0	75.8	103.9	1151	OK
1660	     0	74.0	100.2	1163	OK
1661	     0	74.6	100.6	1178	OK
1662	     0	79.2	109.3	1149	OK
1663	     0	77.8	106.3	1185	OK
1664	     0	76.2	105.0	1193	OK
1665	     0	75.9	102.5	1171	OK
1666	     0	74.2	101.3	1173	OK
1667	     0	74.9	100.8	1167	OK
1668	     0	72.3	100.0	1166	OK
1669	     0	72.5	99.9	1187	OK
1670	     0	71.9	100.6	1157	OK
1671	     0	73.8	97.9	1179	OK
1672	     0	71.4	98.8	1205	OK
1673	     0	72.2	101.3	1168	OK
1674	     0	72.9	99.2	1175	OK
1675	     0	72.7	99.8	1179	OK
1676	     0	71.1	96.7	1182	OK
1677	     0	71.3	97.3	1187	OK
1678	     0	75.2	103.0	1174	OK
1679	     0	73.7	104.3	1173	OK
1680	     0	73.0	98.0	1194	OK
1681	     0	70.3	96.5	1172	OK
1682	     0	71.2	99.9	1181	OK
1683	     0	73.8	100.6	1182	OK
1684	     0	70.5	96.7	1186	OK
1685	     0	73.8	100.0	1191	OK
1686	     0	71.6	98.7	1199	OK
1687	     0	72.6	102.0	1171	OK
1688	     0	72.2	100.1	1190	OK
1689	     0	70.1	96.9	1169	OK
1690	     0	71.9	99.3	1185	OK
1691	     0	72.8	99.5	1185	OK
1692	     0	73.7	103.8	1191	OK
1693	     0	73.9	100.9	1189	OK
1694	     0	73.7	100.6	1176	OK
1695	     0	73.5	101.3	1196	OK
1696	     0	74.3	103.7	1162	OK
1697	     0	74.5	99.9	1189	OK
1698	     0	71.0	101.2	1210	OK
1699	     0	71.8	97.8	1201	OK
1700	     0	76.8	104.6	1202	OK
1701	     0	72.9	100.2	1204	OK
1702	     0	73.3	100.2	1185	OK
1703	     0	74.1	102.2	1213	OK
1704	     0	71.9	97.5	1164	OK
1705	     0	74.3	102.4	1183	OK
1706	     0	72.7	100.1	1183	OK
1707	     0	73.8	100.0	1166	OK
1708	     0	72.1	100.7	1167	OK
1709	     0	73.7	100.6	1196	OK
1710	     0	72.2	100.7	1170	OK
1711	     0	72.1	97.4	1214	OK
1712	     0	71.6	100.0	1198	OK
1713	     0	73.5	100.5	1189	OK
1714	     0	73.5	99.5	1186	OK
1715	     0	75.0	100.9	1197	OK
1716	     0	71.7	100.0	1183	OK
1717	     0	73.9	101.5	1189	OK
1718	     0	75.2	101.9	1172	OK
1719	     0	72.0	98.2	1197	OK
1720	     0	73.4	99.9	1192	OK
1721	     0	73.2	103.3	1194	OK
1722	     0	73.9	99.3	1182	OK
1723	     0	73.4	99.7	1183	OK
1724	     0	75.1	100.1	1182	OK
1725	     0	75.9	102.9	1177	OK
1726	     0	79.7	105.5	1210	OK
1727	     0	77.5	102.6	1194	OK
1728	     0	72.7	102.4	1195	OK
1729	     0	75.6	102.3	1197	OK
1730	     0	72.5	98.9	1193	OK
1731	     0	74.6	101.2	1209	OK
1732	     0	74.0	102.3	1174	OK
1733	     0	72.0	97.3	1180	OK
1734	     0	75.4	103.7	1205	OK
1735	     0	71.5	100.7	1181	OK
1736	     0	72.1	99.3	1193	OK
1737	     0	74.0	101.8	1191	OK
1738	     0	74.1	98.8	1182	OK
1739	     0	74.9	102.8	1176	OK
1740	     0	72.4	99.0	1194	OK
1741	     0	73.0	101.3	1170	OK
1742	     0	76.6	102.4	1170	OK
1743	     0	70.0	99.3	1214	OK
1744	     0	73.3	100.2	1185	OK
1745	     0	68.2	93.8	1184	OK
1746	     0	71.6	97.7	1190	OK
1747	     0	73.1	100.2	1202	OK
1748	     0	71.3	100.0	1187	OK
1749	     0	72.3	101.5	1173	OK
1750	     0	72.4	99.8	1213	OK
1751	     0	71.1	95.9	1201	OK
1752	     0	72.2	99.6	1190	OK
1753	     0	73.9	103.6	1182	OK
1754	     0	72.1	97.6	1187	OK
1755	     0	71.0	98.9	1191	OK
1756	     0	71.4	101.6	1214	OK
1757	     0	73.2	103.7	1189	OK
1758	     0	72.4	99.3	1194	OK
1759	     0	73.7	100.0	1199	OK
1760	     0	74.6	100.7	1186	OK
1761	     0	74.7	101.3	1188	OK
1762	     0	71.9	44.1	1216	OK
1763	     0	74.7	99.3	1183	OK
1764	     0	72.6	100.6	1169	OK
1765	     0	74.6	100.1	1187	OK
1766	     0	75.0	104.1	1191	OK
1767	     0	74.8	103.0	1200	OK
1768	     0	75.1	100.9	1199	OK
1769	     0	72.1	100.9	1202	OK
1770	     0	71.9	98.2	1184	OK
1771	     0	76.8	104.4	1196	OK
1772	     0	75.0	102.2	1180	OK
1773	     0	74.0	104.5	1168	OK
1774	     0	74.7	103.7	1193	OK
1775	     0	73.8	100.4	1183	OK
1776	     0	71.5	96.6	1178	OK
1777	     0	72.8	101.7	1186	OK
1778	     0	71.2	97.0	1205	OK
1779	     0	73.6	101.5	1201	OK
1780	     0	71.8	97.9	1198	OK
1781	     0	73.5	101.0	1198	OK
1782	     0	74.6	101.1	1169	OK
1783	     0	74.7	100.9	1182	OK
1784	     0	75.0	101.7	1185	OK
1785	     0	77.1	104.9	1183	OK
1786	     0	75.7	99.4	1179	OK
1787	     0	76.7	100.9	1179	OK
1788	     0	75.4	102.6	1167	OK
1789	     0	75.1	102.4	1177	OK
1790	     0	76.0	103.4	1186	OK
1791	     0	75.5	103.0	1196	OK
1792	     0	77.3	102.2	1137	OK
1793	     0	76.4	105.1	1149	OK
1794	     0	73.2	97.9	1151	OK
1795	     0	75.3	101.3	1145	OK
1796	     0	74.2	101.6	1144	OK
1797	     0	75.7	102.8	1142	OK
1798	     0	73.5	101.4	1131	OK
1799	     0	76.3	100.4	1158	OK
1800	     0	73.5	99.8	1155	OK
1801	     0	74.7	101.1	1140	OK
1802	     0	75.8	103.4	1152	OK
1803	     0	75.4	101.9	1141	OK
1804	     0	75.5	99.8	1134	OK
1805	     0	77.4	102.9	1142	OK
1806	     0	76.9	101.8	1167	OK
1807	     0	76.6	102.8	1140	OK
1808	     0	74.4	100.6	1156	OK
1809	     0	76.5	100.9	1137	OK
1810	     0	76.2	105.3	1146	OK
1811	     0	76.7	101.4	1154	OK
1812	     0	71.8	99.1	1141	OK
1813	     0	75.2	104.2	1155	OK
1814	     0	75.2	105.4	1144	OK
1815	     0	74.8	102.9	1147	OK
1816	     0	76.6	106.1	1143	OK
1817	     0	76.9	104.0	1129	OK
1818	     0	75.7	103.9	1140	OK
1819	     0	75.4	105.0	1147	OK
1820	     0	74.1	98.7	1166	OK
1821	     0	76.2	102.4	1146	OK
1822	     0	75.6	101.8	1146	OK
1823	     0	78.5	103.6	1142	OK
1824	     0	73.0	99.5	1161	OK
1825	     0	74.7	102.7	1170	OK
1826	     0	74.7	102.4	1157	OK
1827	     0	76.2	103.9	1153	OK
1828	     0	76.3	101.5	1143	OK
1829	     0	77.6	103.7	1155	OK
1830	     0	75.2	103.1	1134	OK
1831	     0	78.2	106.1	1160	OK
1832	     0	75.3	104.4	1157	OK
1833	     0	76.9	100.5	1145	OK
1834	     0	74.6	102.2	1152	OK
1835	     0	77.1	103.0	1182	OK
1836	     0	75.7	102.3	1138	OK
1837	     0	78.8	104.2	1149	OK
1838	     0	77.3	103.5	1177	OK
1839	     0	75.9	100.8	1152	OK
1840	     0	79.4	104.3	1146	OK
1841	     0	79.8	105.4	1163	OK
1842	     0	77.6	103.5	1135	OK
1843	     0	78.0	104.9	1159	OK
1844	     0	76.3	103.6	1169	OK
1845	     0	77.6	104.4	1171	OK
1846	     0	78.8	105.7	1140	OK
1847	     0	79.2	107.8	1155	OK
1848	     0	77.8	106.8	1188	OK
1849	     0	76.6	103.7	1146	OK
1850	     0	76.9	103.5	1172	OK
1851	     0	76.2	105.0	1156	OK
1852	     0	76.7	102.0	1158	OK
1853	     0	79.2	106.2	1191	OK
1854	     0	79.0	106.0	1152	OK
1855	     0	81.9	105.6	1158	OK
1856	     0	80.3	107.4	1156	OK
1857	     0	78.7	106.1	1150	OK
1858	     0	78.8	106.0	1136	OK
1859	     0	80.7	107.6	1142	OK
1860	     0	77.6	102.8	1137	OK
1861	     0	76.6	102.0	1145	OK
1862	     0	78.8	105.7	1171	OK
1863	     0	75.3	103.5	1150	OK
1864	     0	76.3	103.4	1157	OK
1865	     0	78.3	104.8	1136	OK
1866	     0	76.7	102.5	1130	OK
1867	     0	75.8	103.8	1135	OK
1868	     0	75.8	101.1	1165	OK
1869	     0	77.0	104.5	1164	OK
1870	     0	72.3	97.8	1146	OK
1871	     0	77.3	103.3	1157	OK
1872	     0	75.7	102.3	1127	OK
1873	     0	74.8	104.7	1144	OK
1874	     0	78.2	104.1	1130	OK
1875	     0	77.0	106.3	1153	OK
1876	     0	74.9	102.3	1151	OK
1877	     0	77.7	105.6	1150	OK
1878	     0	78.0	104.9	1153	OK
1879	     0	77.9	104.2	1154	OK
1880	     0	76.8	104.7	1162	OK
1881	     0	75.6	101.2	1142	OK
1882	     0	74.5	100.3	1141	OK
1883	     0	76.1	103.4	1150	OK
1884	     0	77.3	105.5	1139	OK
1885	     0	76.2	100.4	1163	OK
1886	     0	75.1	100.1	1151	OK
1887	     0	74.7	101.8	1120	OK
1888	     0	78.7	107.0	1154	OK
1889	     0	78.2	106.7	1154	OK
1890	     0	75.9	102.2	1135	OK
1891	     0	77.7	103.1	1149	OK
1892	     0	77.3	107.2	1139	OK
1893	     0	76.0	104.3	1132	OK
1894	     0	76.7	101.9	1138	OK
1895	     0	78.1	105.7	1150	OK
1896	     0	77.2	106.4	1151	OK
1897	     0	77.4	105.2	1138	OK
1898	     0	78.0	105.6	1135	OK
1899	     0	76.0	103.9	1123	OK
1900	     0	77.8	102.6	1157	OK
1901	     0	81.3	105.9	1120	OK
1902	     0	75.9	101.7	1149	OK
1903	     0	77.6	103.8	1133	OK
1904	     0	79.7	108.2	1125	OK
1905	     0	77.7	103.2	1145	OK
1906	     0	77.2	111.3	1139	OK
1907	     0	77.4	106.9	1150	OK
1908	     0	75.4	105.1	1153	OK
1909	     0	77.0	101.8	1147	OK
1910	     0	78.0	103.9	1140	OK
1911	     0	78.3	107.3	1141	OK
1912	     0	78.7	105.6	1140	OK
1913	     0	75.5	99.6	1139	OK
1914	     0	80.1	104.7	1142	OK
1915	     0	80.6	105.4	1160	OK
1916	     0	80.4	110.0	1154	OK
1917	     0	81.6	108.0	1145	OK
1918	     0	81.0	107.2	1150	OK
1919	     0	79.0	103.5	1131	OK
1920	     0	80.3	102.0	1152	OK
1921	     0	77.5	105.7	1118	OK
1922	     0	75.8	103.5	1133	OK
1923	     0	75.5	101.1	1131	OK
1924	     0	74.2	99.4	1113	OK
1925	     0	74.1	103.5	1107	OK
1926	     0	74.8	98.7	1123	OK
1927	     0	73.9	102.7	1102	OK
1928	     0	73.2	97.1	1136	OK
1929	     0	72.7	99.6	1122	OK
1930	     0	73.8	99.2	1121	OK
1931	     0	73.5	99.2	1122	OK
1932	     0	71.9	99.8	1126	OK
1933	     0	74.0	101.3	1089	OK
1934	     0	72.8	97.6	1126	OK
1935	     0	74.2	98.6	1106	OK
1936	     0	72.7	101.0	1123	OK
1937	     0	73.9	98.7	1110	OK
1938	     0	72.8	102.2	1097	OK
1939	     0	73.1	102.2	1125	OK
1940	     0	73.8	100.8	1110	OK
1941	     0	75.9	102.6	1120	OK
1942	     0	74.5	103.7	1128	OK
1943	     0	74.1	99.1	1122	OK
1944	     0	73.7	99.4	1132	OK
1945	     0	75.2	101.3	1117	OK
1946	     0	74.5	101.3	1116	OK
1947	     0	77.4	103.9	1126	OK
1948	     0	73.5	100.2	1115	OK
1949	     0	74.9	101.7	1108	OK
1950	     0	73.4	102.4	1109	OK
1951	     0	72.4	98.4	1133	OK
1952	     0	75.9	102.5	1126	OK
1953	     0	77.3	102.9	1124	OK
1954	     0	77.2	104.4	1144	OK
1955	     0	74.0	102.8	1130	OK
1956	     0	74.5	100.1	1111	OK
1957	     0	74.4	98.7	1143	OK
1958	     0	73.6	99.3	1132	OK
1959	     0	72.7	99.1	1107	OK
1960	     0	73.8	103.5	1123	OK
1961	     0	72.4	101.8	1121	OK
1962	     0	76.0	103.5	1131	OK
1963	     0	74.2	101.6	1101	OK
1964	     0	72.5	100.2	1120	OK
1965	     0	75.2	99.4	1131	OK
1966	     0	75.5	101.4	1135	OK
1967	     0	74.3	102.1	1098	OK
1968	     0	72.6	98.8	1124	OK
1969	     0	72.9	100.1	1118	OK
1970	     0	74.1	100.9	1132	OK
1971	     0	74.5	101.5	1119	OK
1972	     0	72.8	99.2	1112	OK
1973	     0	74.3	99.5	1106	OK
1974	     0	74.2	102.3	1120	OK
1975	     0	74.5	98.8	1125	OK
1976	     0	73.6	99.1	1129	OK
1977	     0	73.1	102.5	1148	OK
1978	     0	76.0	101.1	1123	OK
1979	     0	78.2	106.1	1115	OK
1980	     0	77.0	102.4	1140	OK
1981	     0	76.0	101.9	1118	OK
1982	     0	76.3	101.9	1127	OK
1983	     0	75.6	101.6	1132	OK
1984	     0	77.4	104.0	1132	OK
1985	     0	76.9	103.3	1118	OK
1986	     0	75.9	100.9	1138	OK
1987	     0	74.8	100.2	1115	OK
1988	     0	75.4	102.5	1143	OK
1989	     0	74.2	102.7	1125	OK
1990	     0	74.1	102.1	1124	OK
1991	     0	75.8	104.6	1131	OK
1992	     0	73.8	102.0	1132	OK
1993	     0	74.7	100.5	1128	OK
1994	     0	73.6	98.6	1120	OK
1995	     0	74.0	102.9	1121	OK
1996	     0	73.0	97.1	1125	OK
1997	     0	72.4	98.2	1122	OK
1998	     0	75.2	102.3	1133	OK
1999	     0	73.5	101.6	1139	OK
2000	     0	72.3	99.6	1138	OK
2001	     0	73.2	101.1	1150	OK
2002	     0	75.0	102.2	1123	OK
2003	     0	75.6	102.3	1122	OK
2004	     0	74.6	98.9	1112	OK
2005	     0	74.3	102.8	1102	OK
2006	     0	75.3	101.1	1124	OK
2007	     0	74.6	101.9	1115	OK
2008	     0	72.1	96.4	1122	OK
2009	     0	72.5	99.8	1127	OK
2010	     0	74.6	99.0	1114	OK
2011	     0	75.5	102.1	1130	OK
2012	     0	72.5	97.1	1121	OK
2013	     0	71.6	96.8	1129	OK
2014	     0	72.4	99.2	1120	OK
2015	     0	75.7	102.6	1106	OK
2016	     0	72.3	99.1	1105	OK
2017	     0	72.7	96.5	1123	OK
2018	     0	72.3	102.6	1150	OK
2019	     0	75.6	105.3	1129	OK
2020	     0	72.6	99.6	1093	OK
2021	     0	73.0	100.7	1127	OK
2022	     0	71.3	97.7	1148	OK
2023	     0	72.8	100.4	1123	OK
2024	     0	71.6	98.0	1135	OK
2025	     0	73.0	102.2	1115	OK
2026	     0	72.5	98.3	1126	OK
2027	     0	72.5	100.0	1114	OK
2028	     0	74.0	101.1	1102	OK
2029	     0	71.6	98.1	1109	OK
2030	     0	72.4	97.3	1118	OK
2031	     0	72.8	101.7	1131	OK
2032	     0	75.8	99.3	1148	OK
2033	     0	71.4	98.1	1129	OK
2034	     0	74.3	100.7	1129	OK
2035	     0	72.9	96.9	1121	OK
2036	     0	72.2	98.4	1104	OK
2037	     0	74.1	101.3	1127	OK
2038	     0	71.9	99.9	1120	OK
2039	     0	72.9	99.1	1116	OK
2040	     0	72.9	98.3	1104	OK
2041	     0	71.3	99.2	1140	OK
2042	     0	72.8	98.9	1124	OK
2043	     0	74.2	101.6	1144	OK
2044	     0	71.3	96.6	1119	OK
2045	     0	72.7	101.8	1115	OK
2046	     0	72.5	99.5	1136	OK
2047	     0	74.8	101.0	1128	OK
