#chan	code	gain	vt50	innse	comment
   0	 80000	65.2	100.0	2107	very high noise
   1	     0	65.3	119.1	1888	OK
   2	     0	66.2	121.2	1877	OK
   3	     0	65.1	117.0	1883	OK
   4	     0	63.0	115.1	1898	OK
   5	     0	62.5	112.6	1887	OK
   6	     0	62.8	111.5	1915	OK
   7	     0	63.0	113.7	1921	OK
   8	     0	62.3	113.3	1846	OK
   9	     0	63.3	113.9	1905	OK
  10	     0	64.3	117.4	1896	OK
  11	     0	63.2	121.3	1809	OK
  12	     0	62.9	113.6	1915	OK
  13	     0	64.2	114.9	1907	OK
  14	     0	63.3	115.1	1872	OK
  15	     0	62.5	115.1	1880	OK
  16	 80000	60.2	91.9	2150	very high noise
  17	     0	63.0	115.2	1841	OK
  18	     0	63.0	114.9	1893	OK
  19	     0	64.1	118.0	1844	OK
  20	     0	64.0	110.9	1928	OK
  21	     0	62.0	111.7	1913	OK
  22	     0	64.7	120.7	1852	OK
  23	  4000	64.2	109.8	1965	high noise
  24	  4000	61.4	107.7	1949	high noise
  25	  4000	63.4	111.9	1941	high noise
  26	     0	62.1	114.3	1928	OK
  27	     0	64.3	113.6	1923	OK
  28	     0	62.6	114.2	1888	OK
  29	     0	63.0	118.2	1910	OK
  30	  4000	62.2	109.9	1948	high noise
  31	     0	64.4	114.2	1911	OK
  32	     0	63.5	117.0	1842	OK
  33	     0	61.7	111.7	1914	OK
  34	     0	62.1	114.3	1881	OK
  35	     0	63.5	115.4	1907	OK
  36	     0	63.3	118.6	1848	OK
  37	     0	64.5	122.1	1833	OK
  38	     0	64.7	116.5	1907	OK
  39	     0	64.6	117.5	1873	OK
  40	     0	63.6	116.2	1854	OK
  41	     0	62.3	111.6	1938	OK
  42	     0	63.6	116.8	1867	OK
  43	  4000	62.7	106.6	2000	high noise
  44	     0	64.9	117.0	1855	OK
  45	     0	64.4	115.5	1912	OK
  46	     0	63.0	113.0	1891	OK
  47	     0	62.0	118.8	1843	OK
  48	     0	63.4	114.9	1913	OK
  49	     0	64.3	118.0	1854	OK
  50	     0	64.6	114.8	1886	OK
  51	     0	64.8	120.6	1844	OK
  52	     0	63.3	113.9	1875	OK
  53	     0	62.1	111.0	1937	OK
  54	     0	65.2	122.7	1809	OK
  55	     0	62.5	115.0	1868	OK
  56	     0	63.2	116.1	1857	OK
  57	     0	62.3	110.7	1921	OK
  58	     0	65.1	120.0	1841	OK
  59	     0	63.2	113.3	1896	OK
  60	     0	64.7	119.4	1859	OK
  61	     0	64.4	122.9	1845	OK
  62	     0	65.0	117.8	1845	OK
  63	     0	66.5	115.9	1895	OK
  64	     0	64.2	120.9	1823	OK
  65	     0	65.2	118.0	1866	OK
  66	     0	62.8	116.7	1857	OK
  67	     0	62.0	117.3	1876	OK
  68	  4000	62.9	110.4	1962	high noise
  69	     0	61.4	115.5	1872	OK
  70	     0	61.9	114.4	1855	OK
  71	     0	61.2	112.9	1899	OK
  72	     0	61.3	111.9	1891	OK
  73	     0	64.7	122.7	1828	OK
  74	     0	64.0	117.0	1834	OK
  75	     0	64.2	119.7	1824	OK
  76	     0	64.1	120.2	1812	OK
  77	     0	63.5	118.1	1848	OK
  78	     0	63.4	114.6	1881	OK
  79	     0	61.4	110.8	1860	OK
  80	     0	61.7	113.8	1852	OK
  81	     0	63.5	113.0	1861	OK
  82	     0	62.2	116.1	1871	OK
  83	     0	63.9	117.8	1855	OK
  84	     0	63.4	117.0	1795	OK
  85	     0	62.0	114.0	1860	OK
  86	     0	64.5	119.4	1825	OK
  87	     0	61.8	112.0	1877	OK
  88	     0	62.5	113.7	1891	OK
  89	     0	63.2	115.6	1862	OK
  90	     0	64.3	125.6	1772	OK
  91	     0	63.4	112.2	1888	OK
  92	     0	63.3	111.2	1917	OK
  93	     0	63.6	113.7	1898	OK
  94	     0	63.6	118.3	1811	OK
  95	     0	63.8	115.2	1847	OK
  96	     0	63.3	118.6	1834	OK
  97	     0	61.9	109.6	1933	OK
  98	     0	63.4	118.1	1810	OK
  99	     0	63.4	114.6	1843	OK
 100	     0	62.5	113.9	1887	OK
 101	     0	61.3	117.0	1839	OK
 102	     0	60.2	110.4	1856	OK
 103	     0	63.9	114.1	1878	OK
 104	     0	62.2	149.2	1820	OK
 105	     0	61.8	112.1	1888	OK
 106	     0	63.1	114.3	1874	OK
 107	     0	64.1	116.2	1850	OK
 108	     0	63.2	113.8	1843	OK
 109	     0	63.6	116.8	1840	OK
 110	     0	60.5	112.0	1835	OK
 111	     0	63.9	126.1	1768	OK
 112	     0	64.5	119.0	1807	OK
 113	     0	61.8	117.8	1829	OK
 114	     0	63.4	115.3	1856	OK
 115	     0	62.8	111.6	1888	OK
 116	     0	62.1	114.3	1843	OK
 117	     0	62.3	111.5	1891	OK
 118	     0	62.9	116.3	1836	OK
 119	     0	61.2	113.2	1823	OK
 120	     0	63.9	119.6	1803	OK
 121	     0	62.3	115.9	1832	OK
 122	     0	63.5	114.4	1855	OK
 123	     0	62.6	116.4	1821	OK
 124	     0	62.7	119.7	1816	OK
 125	     0	64.5	115.3	1889	OK
 126	  4000	63.8	112.4	1959	high noise
 127	 80000	66.2	116.4	2013	very high noise
 128	     0	68.1	123.6	1863	OK
 129	     0	69.0	121.6	1805	OK
 130	     0	67.3	123.6	1781	OK
 131	     0	68.3	120.6	1857	OK
 132	     0	67.3	116.8	1872	OK
 133	     0	67.3	137.1	1770	OK
 134	     0	64.9	122.9	1812	OK
 135	     0	66.8	121.0	1771	OK
 136	     0	66.6	123.2	1814	OK
 137	     0	66.5	115.8	1887	OK
 138	     0	64.8	115.2	1852	OK
 139	     0	66.6	118.4	1887	OK
 140	     0	65.7	120.2	1842	OK
 141	     0	65.3	119.1	1828	OK
 142	     0	66.2	122.0	1836	OK
 143	     0	66.5	118.7	1835	OK
 144	     0	66.3	123.2	1807	OK
 145	     0	65.9	117.6	1863	OK
 146	     0	65.5	118.5	1851	OK
 147	     0	66.5	116.4	1872	OK
 148	     0	64.7	117.8	1840	OK
 149	     0	65.2	121.0	1810	OK
 150	     0	66.6	119.9	1855	OK
 151	     0	66.9	117.1	1864	OK
 152	     0	65.8	118.5	1825	OK
 153	     0	67.3	116.6	1897	OK
 154	     0	67.7	118.9	1855	OK
 155	     0	65.3	115.7	1872	OK
 156	     0	67.0	116.1	1902	OK
 157	     0	65.5	116.1	1885	OK
 158	     0	65.3	121.3	1819	OK
 159	     0	67.0	138.6	1776	OK
 160	     0	64.9	118.0	1819	OK
 161	     0	66.7	119.6	1869	OK
 162	     0	66.5	123.3	1810	OK
 163	     0	66.8	118.6	1830	OK
 164	     0	64.4	113.1	1897	OK
 165	     0	66.8	115.9	1901	OK
 166	     0	65.3	120.0	1821	OK
 167	     0	66.3	116.5	1901	OK
 168	     0	65.9	116.9	1863	OK
 169	     0	66.3	122.1	1827	OK
 170	     0	65.5	117.7	1847	OK
 171	     0	66.7	119.7	1870	OK
 172	     0	66.0	115.1	1887	OK
 173	     0	66.1	118.0	1884	OK
 174	     0	65.8	120.0	1843	OK
 175	     0	65.3	113.2	1903	OK
 176	     0	66.0	120.9	1819	OK
 177	     0	67.9	118.8	1831	OK
 178	     0	66.5	119.2	1870	OK
 179	     0	68.7	122.7	1865	OK
 180	     0	66.6	117.4	1890	OK
 181	     0	66.4	115.4	1867	OK
 182	     0	66.7	123.8	1817	OK
 183	     0	68.6	125.8	1806	OK
 184	     0	66.8	117.0	1852	OK
 185	     0	66.2	122.8	1843	OK
 186	     0	66.6	121.0	1871	OK
 187	     0	66.2	119.6	1839	OK
 188	     0	67.5	121.5	1881	OK
 189	     0	67.1	121.6	1825	OK
 190	     0	69.3	125.4	1791	OK
 191	     0	69.3	120.9	1860	OK
 192	     0	67.9	120.0	1880	OK
 193	     0	68.3	122.9	1803	OK
 194	     0	65.5	118.2	1794	OK
 195	     0	66.9	125.5	1770	OK
 196	     0	65.9	114.6	1868	OK
 197	 80000	65.4	101.7	2088	very high noise
 198	     0	65.6	117.4	1828	OK
 199	     0	64.9	113.7	1866	OK
 200	     0	68.2	121.8	1832	OK
 201	     0	66.9	120.0	1833	OK
 202	     0	66.5	116.9	1829	OK
 203	     0	66.9	122.2	1832	OK
 204	     0	65.0	112.8	1885	OK
 205	     0	67.4	119.1	1826	OK
 206	     0	67.0	120.2	1812	OK
 207	     0	64.8	116.5	1825	OK
 208	     0	65.6	119.7	1821	OK
 209	     0	65.9	115.7	1873	OK
 210	     0	64.9	115.1	1841	OK
 211	     0	67.7	125.3	1800	OK
 212	     0	67.0	117.6	1840	OK
 213	     0	65.9	119.5	1842	OK
 214	     0	65.5	122.4	1786	OK
 215	     0	66.5	118.9	1832	OK
 216	     0	66.4	119.2	1858	OK
 217	     0	67.1	118.1	1828	OK
 218	     0	65.5	117.0	1828	OK
 219	  4000	63.0	108.2	1925	high noise
 220	     0	66.2	118.0	1831	OK
 221	     0	65.3	117.8	1813	OK
 222	     0	64.1	120.1	1790	OK
 223	     0	66.1	119.2	1821	OK
 224	     0	66.5	121.1	1815	OK
 225	     0	64.3	116.7	1838	OK
 226	     0	65.4	115.6	1810	OK
 227	     0	65.0	119.4	1843	OK
 228	     0	65.7	119.2	1798	OK
 229	     0	64.8	116.3	1838	OK
 230	     0	63.0	111.7	1855	OK
 231	     0	66.0	122.1	1760	OK
 232	     0	65.3	120.6	1804	OK
 233	     0	65.0	115.9	1810	OK
 234	     0	64.0	111.9	1858	OK
 235	     0	67.4	123.0	1797	OK
 236	     0	65.7	119.1	1773	OK
 237	     0	65.3	114.5	1808	OK
 238	     0	65.4	117.2	1832	OK
 239	     0	67.9	123.4	1779	OK
 240	     0	65.8	116.9	1829	OK
 241	     0	66.1	115.1	1837	OK
 242	     0	64.1	113.6	1850	OK
 243	     0	62.6	111.7	1866	OK
 244	     0	63.4	115.9	1805	OK
 245	     0	65.7	122.3	1795	OK
 246	     0	66.0	121.2	1809	OK
 247	     0	67.2	117.7	1845	OK
 248	     0	64.8	121.2	1787	OK
 249	     0	65.2	116.4	1831	OK
 250	     0	68.8	124.4	1771	OK
 251	     0	67.4	122.6	1791	OK
 252	     0	69.2	127.7	1716	OK
 253	     0	65.7	115.1	1852	OK
 254	     0	67.4	123.3	1741	OK
 255	     0	68.5	120.8	1810	OK
 256	     0	67.7	121.7	1817	OK
 257	     0	67.1	126.6	1772	OK
 258	     0	68.8	121.0	1781	OK
 259	     0	64.8	120.0	1785	OK
 260	     0	65.2	116.5	1783	OK
 261	     0	63.8	116.8	1793	OK
 262	     0	66.1	121.6	1785	OK
 263	     0	64.7	118.3	1774	OK
 264	     0	64.0	114.1	1855	OK
 265	     0	65.8	117.1	1817	OK
 266	     0	66.6	118.1	1818	OK
 267	     0	65.5	116.4	1833	OK
 268	     0	66.5	134.8	1744	OK
 269	     0	66.2	121.7	1757	OK
 270	     0	65.8	117.8	1808	OK
 271	     0	63.3	114.1	1833	OK
 272	     0	65.9	127.8	1744	OK
 273	     0	63.6	111.0	1837	OK
 274	     0	64.1	118.8	1791	OK
 275	     0	65.1	115.0	1824	OK
 276	     0	66.3	129.8	1759	OK
 277	     0	64.9	124.5	1771	OK
 278	     0	64.8	120.3	1775	OK
 279	     0	67.5	123.4	1788	OK
 280	     0	66.5	122.6	1793	OK
 281	     0	65.8	122.5	1788	OK
 282	     0	66.0	118.6	1787	OK
 283	     0	64.5	117.5	1807	OK
 284	     0	63.5	111.8	1847	OK
 285	     0	64.1	116.6	1810	OK
 286	     0	64.6	116.1	1781	OK
 287	     0	64.4	113.3	1845	OK
 288	     0	63.5	120.0	1751	OK
 289	     0	61.9	110.0	1848	OK
 290	     0	65.0	115.7	1805	OK
 291	     0	65.0	118.8	1788	OK
 292	     0	63.5	116.4	1819	OK
 293	     0	65.1	127.0	1746	OK
 294	     0	65.3	120.4	1820	OK
 295	     0	64.7	118.1	1797	OK
 296	     0	64.4	118.1	1792	OK
 297	     0	63.3	113.5	1822	OK
 298	     0	66.2	122.3	1816	OK
 299	     0	63.8	114.5	1790	OK
 300	     0	63.5	116.5	1820	OK
 301	     0	64.7	114.2	1861	OK
 302	     0	65.5	121.4	1838	OK
 303	     0	65.1	119.3	1818	OK
 304	     0	63.6	114.2	1820	OK
 305	     0	63.9	119.9	1765	OK
 306	     0	63.6	119.5	1776	OK
 307	     0	64.6	116.4	1837	OK
 308	     0	65.6	118.1	1812	OK
 309	     0	63.0	112.9	1862	OK
 310	     0	64.4	120.2	1777	OK
 311	     0	65.5	117.7	1834	OK
 312	     0	65.7	117.1	1801	OK
 313	     0	64.4	119.6	1824	OK
 314	     0	65.5	122.1	1808	OK
 315	     0	64.2	119.9	1796	OK
 316	     0	65.7	119.5	1780	OK
 317	     0	63.3	118.0	1822	OK
 318	     0	65.5	114.4	1832	OK
 319	     0	68.2	127.6	1777	OK
 320	     0	64.3	116.3	1847	OK
 321	     0	65.9	121.2	1772	OK
 322	     0	65.4	117.7	1815	OK
 323	     0	65.3	117.0	1847	OK
 324	     0	63.4	114.6	1862	OK
 325	     0	65.9	116.4	1859	OK
 326	     0	64.7	115.6	1842	OK
 327	     0	63.3	114.1	1800	OK
 328	     0	63.3	114.3	1883	OK
 329	     0	62.7	113.5	1855	OK
 330	     0	63.0	113.6	1859	OK
 331	     0	64.4	116.2	1785	OK
 332	     0	63.7	113.9	1862	OK
 333	     0	62.5	113.2	1808	OK
 334	     0	64.1	117.8	1827	OK
 335	     0	65.9	120.8	1825	OK
 336	     0	65.2	118.4	1812	OK
 337	     0	66.7	119.3	1850	OK
 338	     0	63.5	116.1	1859	OK
 339	     0	64.7	116.6	1845	OK
 340	     0	65.7	115.5	1844	OK
 341	     0	66.8	124.2	1796	OK
 342	     0	64.6	119.6	1807	OK
 343	     0	63.1	114.8	1823	OK
 344	     0	64.8	117.8	1823	OK
 345	     0	64.0	114.9	1845	OK
 346	     0	63.4	111.8	1843	OK
 347	     0	63.6	118.0	1790	OK
 348	     0	64.6	116.5	1813	OK
 349	     0	62.9	115.0	1837	OK
 350	     0	63.8	129.2	1758	OK
 351	     0	65.9	117.0	1830	OK
 352	     0	63.8	115.7	1809	OK
 353	     0	64.1	115.5	1837	OK
 354	     0	62.7	116.4	1780	OK
 355	     0	63.7	116.5	1803	OK
 356	     0	62.9	114.5	1844	OK
 357	     0	64.4	117.8	1834	OK
 358	     0	64.0	116.1	1814	OK
 359	     0	64.3	116.0	1832	OK
 360	     0	64.5	116.5	1822	OK
 361	     0	63.5	111.5	1861	OK
 362	     0	65.1	117.0	1820	OK
 363	     0	64.6	115.9	1818	OK
 364	     0	64.1	118.5	1807	OK
 365	     0	64.6	118.7	1812	OK
 366	     0	63.0	113.1	1801	OK
 367	     0	64.5	117.5	1799	OK
 368	     0	63.4	111.2	1864	OK
 369	     0	62.4	113.5	1813	OK
 370	     0	64.0	113.7	1838	OK
 371	     0	62.6	112.8	1837	OK
 372	     0	65.3	117.9	1823	OK
 373	     0	63.1	118.2	1778	OK
 374	     0	63.9	114.9	1836	OK
 375	     0	61.9	109.6	1877	OK
 376	     0	63.4	116.0	1830	OK
 377	     0	61.8	114.1	1834	OK
 378	     0	62.6	111.9	1853	OK
 379	     0	63.7	112.7	1829	OK
 380	     0	62.6	115.1	1820	OK
 381	     0	62.9	113.7	1821	OK
 382	     0	62.1	111.4	1826	OK
 383	     0	64.1	107.0	1904	OK
 384	     0	66.1	118.1	1780	OK
 385	     0	68.2	124.5	1717	OK
 386	     0	65.9	119.6	1764	OK
 387	     0	66.1	118.6	1753	OK
 388	     0	65.1	115.4	1744	OK
 389	     0	64.5	114.5	1760	OK
 390	     0	66.0	120.9	1711	OK
 391	     0	66.1	117.0	1765	OK
 392	     0	66.0	119.7	1720	OK
 393	     0	65.3	119.6	1722	OK
 394	     0	65.1	122.0	1718	OK
 395	     0	65.8	116.8	1755	OK
 396	     0	65.7	119.2	1729	OK
 397	     0	67.0	121.6	1730	OK
 398	     0	68.7	126.3	1724	OK
 399	     0	64.9	115.9	1758	OK
 400	     0	66.0	119.9	1727	OK
 401	     0	67.1	119.5	1746	OK
 402	     0	64.0	119.4	1710	OK
 403	     0	65.5	120.7	1720	OK
 404	     0	64.2	120.7	1721	OK
 405	     0	66.0	122.5	1739	OK
 406	     0	64.5	118.9	1748	OK
 407	     0	65.7	108.0	1847	OK
 408	     0	66.6	120.4	1700	OK
 409	     0	65.2	125.3	1701	OK
 410	     0	66.0	119.8	1731	OK
 411	     0	66.5	117.3	1757	OK
 412	     0	64.2	118.2	1729	OK
 413	     0	65.0	114.3	1761	OK
 414	     0	64.8	114.4	1772	OK
 415	     0	65.9	121.0	1711	OK
 416	     0	64.3	115.8	1776	OK
 417	     0	63.9	116.4	1766	OK
 418	     0	65.6	124.5	1701	OK
 419	     0	66.3	119.0	1721	OK
 420	     0	65.3	119.1	1739	OK
 421	     0	65.5	115.5	1784	OK
 422	     0	66.1	120.2	1737	OK
 423	     0	65.4	116.8	1745	OK
 424	     0	65.9	119.9	1781	OK
 425	     0	65.4	115.6	1767	OK
 426	     0	63.4	115.9	1747	OK
 427	     0	65.3	119.6	1779	OK
 428	     0	66.7	122.5	1750	OK
 429	     0	66.7	118.7	1751	OK
 430	     0	65.4	121.7	1736	OK
 431	     0	67.2	118.2	1772	OK
 432	     0	67.2	126.8	1675	OK
 433	     0	67.4	119.6	1758	OK
 434	     0	66.8	122.5	1701	OK
 435	     0	66.8	120.2	1771	OK
 436	     0	66.7	123.6	1733	OK
 437	     0	65.1	117.5	1750	OK
 438	     0	65.5	115.3	1797	OK
 439	     0	66.5	118.3	1755	OK
 440	     0	65.8	117.9	1755	OK
 441	     0	65.6	121.5	1739	OK
 442	     0	65.6	119.8	1768	OK
 443	     0	66.4	119.4	1773	OK
 444	     0	68.6	121.9	1783	OK
 445	     0	70.3	125.9	1760	OK
 446	     0	67.0	120.4	1761	OK
 447	     0	66.0	115.9	1761	OK
 448	     0	67.5	122.4	1764	OK
 449	     0	68.9	123.9	1767	OK
 450	     0	66.8	119.9	1749	OK
 451	     0	65.4	117.4	1761	OK
 452	     0	67.1	121.6	1749	OK
 453	     0	66.3	125.3	1737	OK
 454	     0	65.9	118.2	1723	OK
 455	     0	63.8	114.3	1796	OK
 456	     0	65.8	119.5	1748	OK
 457	     0	65.7	118.6	1766	OK
 458	     0	66.5	120.2	1720	OK
 459	     0	65.9	119.7	1745	OK
 460	     0	65.3	120.4	1750	OK
 461	     0	66.3	119.2	1733	OK
 462	     0	63.8	115.2	1769	OK
 463	     0	64.3	112.1	1780	OK
 464	     0	67.3	128.9	1719	OK
 465	     0	65.0	118.8	1770	OK
 466	     0	68.5	122.1	1759	OK
 467	     0	66.2	119.6	1778	OK
 468	     0	63.9	119.1	1724	OK
 469	     0	66.1	120.2	1764	OK
 470	     0	65.0	118.7	1753	OK
 471	     0	67.2	124.7	1727	OK
 472	     0	63.9	126.9	1680	OK
 473	     0	66.5	129.0	1711	OK
 474	     0	65.4	123.9	1707	OK
 475	     0	66.4	117.9	1743	OK
 476	     0	67.3	120.9	1755	OK
 477	     0	65.1	115.7	1753	OK
 478	     0	66.7	118.7	1749	OK
 479	     0	65.8	119.2	1744	OK
 480	     0	66.1	118.0	1739	OK
 481	     0	67.0	125.6	1736	OK
 482	     0	64.8	108.6	1838	OK
 483	     0	66.6	119.5	1775	OK
 484	     0	65.0	118.5	1751	OK
 485	     0	67.3	121.2	1746	OK
 486	     0	64.8	119.7	1730	OK
 487	     0	67.2	128.5	1713	OK
 488	     0	66.5	121.4	1729	OK
 489	     0	67.4	115.5	1799	OK
 490	     0	67.6	122.8	1735	OK
 491	     0	67.4	120.4	1772	OK
 492	     0	67.4	121.1	1713	OK
 493	     0	66.4	118.0	1784	OK
 494	     0	68.9	122.8	1757	OK
 495	     0	69.3	124.1	1716	OK
 496	     0	68.1	121.2	1756	OK
 497	     0	68.0	121.6	1726	OK
 498	     0	66.9	120.1	1750	OK
 499	     0	66.6	118.8	1728	OK
 500	     0	67.4	118.7	1737	OK
 501	     0	65.4	117.1	1753	OK
 502	     0	68.0	120.1	1702	OK
 503	     0	68.9	123.7	1700	OK
 504	     0	66.1	118.4	1724	OK
 505	     0	68.4	122.4	1748	OK
 506	     0	68.7	123.6	1691	OK
 507	     0	67.7	125.3	1710	OK
 508	     0	70.4	130.2	1696	OK
 509	     0	69.7	125.5	1732	OK
 510	     0	67.2	139.1	1694	OK
 511	     0	67.6	122.8	1708	OK
 512	     0	66.1	118.2	1855	OK
 513	     0	65.6	121.8	1790	OK
 514	     0	64.3	114.5	1806	OK
 515	     0	66.7	121.1	1793	OK
 516	     0	66.1	119.5	1780	OK
 517	     0	65.0	117.8	1785	OK
 518	     0	63.1	112.7	1806	OK
 519	     0	63.7	117.8	1786	OK
 520	     0	64.1	121.3	1737	OK
 521	     0	64.7	121.1	1758	OK
 522	     0	63.7	119.5	1762	OK
 523	     0	65.7	123.0	1736	OK
 524	     0	63.6	114.3	1835	OK
 525	     0	63.9	116.8	1769	OK
 526	     0	65.1	117.1	1783	OK
 527	     0	65.0	127.5	1738	OK
 528	     0	64.2	119.2	1795	OK
 529	     0	64.8	116.6	1783	OK
 530	     0	65.9	124.3	1744	OK
 531	     0	66.5	119.6	1800	OK
 532	     0	65.1	126.8	1737	OK
 533	     0	65.4	116.7	1785	OK
 534	     0	64.5	116.2	1786	OK
 535	     0	65.5	115.3	1826	OK
 536	     0	65.7	137.9	1749	OK
 537	     0	64.6	116.3	1800	OK
 538	     0	65.1	116.7	1796	OK
 539	     0	65.7	116.6	1801	OK
 540	     0	64.6	118.0	1792	OK
 541	     0	66.8	117.5	1791	OK
 542	     0	65.1	115.0	1836	OK
 543	     0	65.1	148.8	1754	OK
 544	     0	64.3	115.4	1807	OK
 545	     0	64.8	117.5	1790	OK
 546	     0	66.4	118.2	1830	OK
 547	     0	65.5	123.6	1787	OK
 548	     0	64.3	118.6	1792	OK
 549	     0	65.2	120.3	1787	OK
 550	     0	63.9	114.0	1785	OK
 551	     0	64.8	117.5	1778	OK
 552	     0	65.0	118.6	1833	OK
 553	     0	65.3	117.0	1839	OK
 554	     0	64.0	113.8	1877	OK
 555	     0	64.7	118.3	1807	OK
 556	     0	64.8	116.6	1827	OK
 557	     0	66.4	121.3	1743	OK
 558	     0	63.3	120.4	1744	OK
 559	     0	66.2	119.8	1831	OK
 560	     0	63.0	112.0	1841	OK
 561	     0	63.9	115.2	1857	OK
 562	     0	65.0	117.6	1790	OK
 563	     0	66.1	121.5	1795	OK
 564	     0	65.9	116.4	1807	OK
 565	     0	66.2	116.6	1819	OK
 566	     0	65.4	117.1	1840	OK
 567	     0	63.9	119.9	1793	OK
 568	     0	67.0	121.4	1792	OK
 569	     0	66.3	118.4	1788	OK
 570	     0	65.8	118.8	1785	OK
 571	     0	65.7	122.3	1738	OK
 572	     0	68.2	120.5	1783	OK
 573	     0	67.7	120.3	1813	OK
 574	     0	66.6	121.6	1775	OK
 575	     0	65.3	112.8	1871	OK
 576	     0	67.4	121.3	1821	OK
 577	     0	64.9	117.2	1832	OK
 578	     0	65.0	122.4	1793	OK
 579	     0	65.2	119.0	1811	OK
 580	     0	65.1	122.6	1768	OK
 581	     0	65.3	121.5	1768	OK
 582	     0	64.8	117.4	1826	OK
 583	     0	65.9	127.0	1736	OK
 584	     0	64.5	116.8	1822	OK
 585	     0	65.9	115.2	1854	OK
 586	     0	64.5	118.4	1800	OK
 587	     0	62.9	115.8	1787	OK
 588	     0	66.6	123.2	1824	OK
 589	     0	66.0	122.3	1792	OK
 590	     0	64.6	119.1	1786	OK
 591	     0	65.0	116.3	1822	OK
 592	     0	63.7	114.3	1857	OK
 593	     0	65.9	118.6	1810	OK
 594	     0	64.5	117.2	1804	OK
 595	     0	64.0	112.9	1838	OK
 596	     0	64.5	114.5	1852	OK
 597	     0	65.5	120.1	1811	OK
 598	     0	65.6	116.7	1819	OK
 599	     0	64.2	117.3	1817	OK
 600	     0	64.5	115.9	1847	OK
 601	     0	64.8	116.3	1838	OK
 602	     0	64.8	115.4	1844	OK
 603	     0	63.2	117.3	1777	OK
 604	     0	65.1	118.6	1835	OK
 605	     0	64.7	119.3	1824	OK
 606	     0	64.9	114.4	1831	OK
 607	     0	65.9	116.3	1821	OK
 608	     0	66.0	119.6	1805	OK
 609	     0	65.4	122.5	1798	OK
 610	     0	64.5	116.5	1837	OK
 611	     0	65.7	118.1	1818	OK
 612	     0	65.6	118.0	1847	OK
 613	     0	64.0	115.5	1815	OK
 614	     0	64.6	115.2	1833	OK
 615	     0	63.8	118.5	1827	OK
 616	     0	65.7	118.6	1792	OK
 617	     0	64.7	112.4	1871	OK
 618	     0	64.2	115.7	1862	OK
 619	     0	66.0	117.5	1832	OK
 620	     0	66.1	118.5	1804	OK
 621	     0	64.0	117.4	1808	OK
 622	     0	64.9	115.2	1866	OK
 623	     0	64.4	115.2	1813	OK
 624	     0	63.5	118.5	1805	OK
 625	     0	64.0	116.1	1811	OK
 626	     0	65.2	116.6	1811	OK
 627	     0	64.1	119.6	1801	OK
 628	     0	64.6	116.3	1803	OK
 629	     0	64.7	118.7	1814	OK
 630	     0	64.0	116.1	1815	OK
 631	     0	66.5	120.0	1783	OK
 632	     0	63.4	114.6	1859	OK
 633	     0	63.7	118.9	1802	OK
 634	     0	67.8	130.5	1765	OK
 635	     0	66.3	122.0	1832	OK
 636	     0	65.7	122.1	1763	OK
 637	     0	66.0	118.1	1801	OK
 638	     0	63.7	116.5	1788	OK
 639	     0	66.3	120.7	1750	OK
 640	     0	68.9	126.8	1784	OK
 641	     0	69.4	124.6	1786	OK
 642	     0	65.5	119.8	1796	OK
 643	     0	66.3	119.4	1813	OK
 644	     0	66.3	120.8	1823	OK
 645	     0	64.9	116.9	1837	OK
 646	     0	65.5	118.6	1785	OK
 647	     0	65.1	114.5	1852	OK
 648	     0	66.4	117.5	1838	OK
 649	     0	65.9	118.6	1833	OK
 650	     0	64.3	117.6	1792	OK
 651	     0	63.7	118.0	1827	OK
 652	     0	64.0	115.3	1848	OK
 653	     0	63.6	114.6	1831	OK
 654	     0	64.6	114.2	1840	OK
 655	     0	65.9	117.7	1808	OK
 656	     0	64.2	117.1	1849	OK
 657	     0	64.2	119.3	1826	OK
 658	     0	63.8	118.6	1802	OK
 659	     0	64.6	112.2	1866	OK
 660	     0	63.4	115.1	1859	OK
 661	     0	65.2	127.2	1743	OK
 662	     0	64.6	115.1	1835	OK
 663	     0	62.5	112.2	1830	OK
 664	     0	64.1	114.9	1841	OK
 665	     0	64.6	121.9	1832	OK
 666	     0	64.0	116.8	1838	OK
 667	     0	64.1	119.5	1831	OK
 668	     0	62.8	112.0	1894	OK
 669	     0	64.2	115.9	1840	OK
 670	     0	65.4	117.1	1841	OK
 671	     0	65.9	117.9	1805	OK
 672	     0	66.1	119.2	1847	OK
 673	     0	64.6	114.4	1803	OK
 674	     0	65.9	118.0	1863	OK
 675	     0	65.7	118.1	1835	OK
 676	     0	63.4	112.6	1872	OK
 677	     0	63.2	116.5	1826	OK
 678	     0	65.3	119.2	1822	OK
 679	     0	66.6	120.2	1827	OK
 680	     0	64.2	117.8	1795	OK
 681	     0	66.3	123.2	1810	OK
 682	     0	65.1	118.3	1825	OK
 683	     0	64.8	117.5	1809	OK
 684	     0	65.3	117.1	1814	OK
 685	     0	66.3	117.5	1809	OK
 686	     0	65.0	117.5	1869	OK
 687	     0	65.5	117.1	1823	OK
 688	     0	65.4	119.0	1847	OK
 689	     0	63.8	118.6	1795	OK
 690	     0	64.3	118.3	1823	OK
 691	     0	66.7	120.7	1826	OK
 692	     0	65.7	118.5	1835	OK
 693	     0	63.4	113.6	1865	OK
 694	     0	64.0	115.7	1825	OK
 695	     0	65.1	120.9	1812	OK
 696	     0	67.3	122.6	1850	OK
 697	     0	65.9	120.0	1822	OK
 698	     0	64.5	115.5	1841	OK
 699	     0	64.5	118.2	1806	OK
 700	     0	66.1	118.2	1861	OK
 701	     0	65.8	116.9	1858	OK
 702	     0	65.8	118.9	1802	OK
 703	     0	67.3	121.3	1793	OK
 704	     0	67.7	122.0	1845	OK
 705	     0	66.1	126.8	1789	OK
 706	     0	64.4	115.3	1876	OK
 707	     0	64.3	122.0	1807	OK
 708	     0	64.3	119.0	1807	OK
 709	     0	64.8	116.8	1865	OK
 710	     0	65.3	120.9	1811	OK
 711	     0	62.0	114.0	1841	OK
 712	     0	63.5	113.9	1857	OK
 713	     0	64.4	120.0	1837	OK
 714	     0	64.3	119.8	1795	OK
 715	     0	64.7	115.5	1843	OK
 716	     0	63.9	115.7	1832	OK
 717	     0	64.3	117.5	1823	OK
 718	     0	67.5	119.6	1859	OK
 719	     0	65.4	119.3	1841	OK
 720	     0	60.7	112.5	1836	OK
 721	     0	64.8	114.2	1881	OK
 722	     0	64.7	121.9	1741	OK
 723	     0	66.4	121.2	1839	OK
 724	     0	63.6	116.6	1827	OK
 725	     0	62.7	113.9	1860	OK
 726	     0	64.0	115.5	1846	OK
 727	     0	63.8	115.4	1855	OK
 728	     0	65.0	121.6	1791	OK
 729	     0	64.3	117.1	1834	OK
 730	     0	61.0	113.8	1831	OK
 731	     0	64.0	116.2	1855	OK
 732	     0	62.9	114.9	1863	OK
 733	     0	64.1	107.9	1944	OK
 734	     0	64.8	117.9	1861	OK
 735	     0	66.7	121.3	1842	OK
 736	     0	64.8	117.8	1822	OK
 737	     0	64.6	118.2	1807	OK
 738	     0	63.6	117.4	1817	OK
 739	     0	65.9	118.5	1812	OK
 740	     0	65.3	117.7	1815	OK
 741	     0	64.7	118.1	1824	OK
 742	     0	62.7	113.6	1878	OK
 743	     0	65.6	117.1	1810	OK
 744	     0	64.8	121.3	1782	OK
 745	     0	65.1	122.2	1805	OK
 746	     0	64.7	117.3	1846	OK
 747	     0	67.0	121.8	1831	OK
 748	     0	64.7	115.8	1820	OK
 749	     0	64.3	116.5	1859	OK
 750	     0	65.2	121.6	1830	OK
 751	     0	65.8	124.7	1792	OK
 752	     0	65.3	122.2	1810	OK
 753	     0	67.6	122.5	1798	OK
 754	  4000	63.5	105.9	1984	high noise
 755	     0	64.8	115.5	1862	OK
 756	     0	63.9	114.3	1870	OK
 757	     0	66.9	115.9	1835	OK
 758	     0	64.3	113.9	1842	OK
 759	     0	65.5	118.1	1838	OK
 760	     0	66.1	140.9	1752	OK
 761	     0	65.4	124.5	1802	OK
 762	     0	65.2	117.5	1788	OK
 763	     0	66.4	118.5	1843	OK
 764	     0	66.7	120.3	1804	OK
 765	     0	65.4	123.0	1791	OK
 766	     0	68.6	121.0	1824	OK
 767	     0	67.1	120.3	1816	OK
 768	     0	68.0	124.9	1765	OK
 769	     0	68.8	123.0	1781	OK
 770	     0	66.6	118.9	1761	OK
 771	     0	66.0	116.5	1818	OK
 772	     0	67.1	119.1	1746	OK
 773	     0	66.6	124.0	1748	OK
 774	     0	66.0	119.2	1748	OK
 775	     0	67.4	123.8	1724	OK
 776	     0	66.9	122.3	1726	OK
 777	     0	68.6	121.8	1750	OK
 778	     0	64.8	119.5	1729	OK
 779	     0	66.2	118.1	1740	OK
 780	     0	66.5	117.2	1798	OK
 781	     0	68.2	122.7	1768	OK
 782	     0	66.5	118.3	1748	OK
 783	     0	67.1	126.0	1705	OK
 784	     0	67.6	120.1	1775	OK
 785	     0	68.3	122.8	1746	OK
 786	     0	67.2	118.8	1746	OK
 787	     0	67.1	121.0	1720	OK
 788	     0	65.8	119.3	1759	OK
 789	     0	66.8	123.6	1756	OK
 790	     0	67.7	123.4	1753	OK
 791	     0	70.0	123.6	1742	OK
 792	     0	67.1	124.1	1746	OK
 793	     0	70.6	130.3	1729	OK
 794	     0	68.2	126.0	1720	OK
 795	     0	67.4	124.3	1696	OK
 796	     0	67.1	122.4	1737	OK
 797	     0	67.6	123.6	1757	OK
 798	     0	67.6	121.2	1760	OK
 799	     0	69.0	121.1	1729	OK
 800	     0	68.2	121.2	1755	OK
 801	     0	67.6	118.1	1765	OK
 802	     0	67.7	120.6	1766	OK
 803	     0	68.5	120.8	1799	OK
 804	     0	71.6	128.9	1729	OK
 805	     0	68.2	125.9	1703	OK
 806	     0	69.3	129.4	1730	OK
 807	  4000	66.5	86.3	1997	high noise
 808	     0	69.3	125.8	1761	OK
 809	     0	67.9	121.8	1743	OK
 810	     0	67.7	121.3	1766	OK
 811	     0	69.2	126.9	1713	OK
 812	     0	68.6	122.1	1738	OK
 813	  4000	67.1	104.7	1958	high noise
 814	     0	68.0	125.1	1724	OK
 815	     0	68.2	125.2	1742	OK
 816	     0	70.1	123.1	1738	OK
 817	     0	70.0	123.2	1775	OK
 818	     0	68.4	118.5	1792	OK
 819	     0	68.5	123.4	1772	OK
 820	     0	68.0	121.9	1744	OK
 821	     0	70.1	123.9	1752	OK
 822	     0	68.4	122.3	1751	OK
 823	     0	68.7	123.3	1784	OK
 824	     0	67.8	120.1	1775	OK
 825	     0	69.8	124.5	1753	OK
 826	     0	69.0	122.5	1777	OK
 827	     0	69.9	123.6	1744	OK
 828	     0	69.1	121.3	1784	OK
 829	     0	70.9	125.9	1747	OK
 830	     0	70.5	125.0	1729	OK
 831	     0	69.6	123.3	1777	OK
 832	     0	70.7	122.9	1758	OK
 833	     0	71.0	129.6	1752	OK
 834	     0	67.4	122.0	1753	OK
 835	     0	70.3	119.2	1792	OK
 836	     0	68.4	124.5	1776	OK
 837	     0	68.7	125.8	1726	OK
 838	     0	69.4	115.8	1851	OK
 839	     0	69.4	127.7	1760	OK
 840	     0	69.2	126.9	1699	OK
 841	     0	67.7	125.2	1725	OK
 842	     0	69.1	124.4	1747	OK
 843	     0	68.2	123.9	1735	OK
 844	     0	68.4	123.1	1740	OK
 845	     0	71.0	124.7	1778	OK
 846	     0	67.4	120.1	1774	OK
 847	     0	68.5	120.0	1780	OK
 848	     0	69.0	123.1	1749	OK
 849	     0	67.8	118.4	1779	OK
 850	     0	67.7	121.9	1759	OK
 851	     0	66.7	118.0	1792	OK
 852	     0	66.9	119.5	1763	OK
 853	     0	67.9	125.6	1766	OK
 854	     0	65.7	117.2	1760	OK
 855	     0	66.9	120.6	1759	OK
 856	     0	68.5	119.6	1792	OK
 857	     0	67.5	116.0	1764	OK
 858	     0	68.3	123.6	1734	OK
 859	     0	68.0	127.3	1725	OK
 860	     0	69.5	125.9	1756	OK
 861	     0	69.0	120.1	1789	OK
 862	     0	66.8	119.2	1737	OK
 863	     0	67.8	124.4	1733	OK
 864	     0	68.5	121.1	1736	OK
 865	     0	67.8	119.7	1790	OK
 866	     0	69.6	121.1	1801	OK
 867	     0	69.1	123.0	1752	OK
 868	     0	70.1	125.7	1762	OK
 869	     0	70.8	126.0	1707	OK
 870	     0	70.2	127.5	1761	OK
 871	     0	70.1	123.4	1743	OK
 872	     0	69.0	122.5	1777	OK
 873	     0	67.6	123.9	1749	OK
 874	     0	70.2	126.7	1756	OK
 875	     0	68.5	123.4	1756	OK
 876	     0	68.6	120.9	1746	OK
 877	     0	67.5	117.5	1805	OK
 878	     0	70.7	135.8	1720	OK
 879	     0	68.0	121.0	1734	OK
 880	     0	69.3	124.6	1741	OK
 881	     0	68.3	120.8	1751	OK
 882	     0	69.9	128.7	1719	OK
 883	     0	68.3	120.9	1731	OK
 884	     0	69.1	127.1	1734	OK
 885	     0	66.9	121.7	1752	OK
 886	     0	69.3	120.2	1759	OK
 887	     0	70.4	128.1	1693	OK
 888	     0	68.5	125.2	1718	OK
 889	     0	68.1	122.4	1752	OK
 890	     0	69.6	121.0	1765	OK
 891	     0	71.0	124.0	1736	OK
 892	     0	71.1	125.1	1787	OK
 893	     0	69.4	126.5	1717	OK
 894	     0	71.2	124.3	1738	OK
 895	     0	67.9	125.7	1720	OK
 896	  4000	69.3	118.5	1851	high noise
 897	     0	71.1	128.4	1689	OK
 898	     0	69.4	121.2	1681	OK
 899	     0	69.3	125.2	1637	OK
 900	     0	67.6	123.8	1663	OK
 901	     0	67.1	119.1	1674	OK
 902	     0	67.6	120.9	1675	OK
 903	     0	68.0	121.5	1684	OK
 904	     0	67.2	121.2	1640	OK
 905	     0	69.2	121.4	1693	OK
 906	     0	66.2	120.5	1616	OK
 907	     0	67.4	121.8	1654	OK
 908	     0	67.6	123.1	1651	OK
 909	     0	66.7	117.5	1706	OK
 910	     0	68.4	123.2	1641	OK
 911	     0	67.8	121.8	1625	OK
 912	     0	65.8	116.5	1693	OK
 913	     0	66.4	120.7	1650	OK
 914	     0	68.4	124.0	1645	OK
 915	     0	66.8	121.5	1669	OK
 916	     0	68.1	117.1	1690	OK
 917	     0	68.3	122.0	1656	OK
 918	     0	66.6	121.2	1644	OK
 919	     0	68.2	123.0	1659	OK
 920	     0	68.7	121.9	1658	OK
 921	     0	67.2	119.4	1683	OK
 922	     0	65.8	121.2	1665	OK
 923	     0	69.1	123.9	1624	OK
 924	     0	68.5	124.3	1672	OK
 925	     0	69.6	121.8	1684	OK
 926	     0	68.4	122.6	1689	OK
 927	     0	68.9	123.7	1616	OK
 928	     0	67.9	121.6	1669	OK
 929	     0	69.3	126.1	1660	OK
 930	     0	68.7	126.5	1636	OK
 931	     0	68.6	134.0	1658	OK
 932	     0	67.8	121.9	1676	OK
 933	     0	67.1	122.8	1670	OK
 934	     0	69.1	124.0	1652	OK
 935	     0	67.0	123.3	1646	OK
 936	     0	65.5	119.1	1664	OK
 937	     0	67.6	119.8	1682	OK
 938	     0	66.3	118.9	1701	OK
 939	     0	67.7	123.6	1653	OK
 940	     0	68.0	121.3	1673	OK
 941	     0	67.3	118.2	1694	OK
 942	     0	66.0	117.4	1677	OK
 943	     0	68.9	122.7	1671	OK
 944	     0	67.9	124.9	1684	OK
 945	     0	68.8	122.8	1629	OK
 946	     0	67.4	119.2	1672	OK
 947	     0	67.2	121.4	1723	OK
 948	     0	68.1	118.8	1693	OK
 949	     0	65.9	117.7	1693	OK
 950	     0	66.8	119.7	1661	OK
 951	     0	67.8	119.9	1704	OK
 952	     0	66.4	120.1	1698	OK
 953	     0	66.8	121.3	1674	OK
 954	     0	68.8	119.9	1706	OK
 955	     0	67.1	117.9	1691	OK
 956	     0	72.1	124.6	1682	OK
 957	     0	67.7	120.7	1699	OK
 958	     0	68.1	124.7	1694	OK
 959	     0	68.5	121.4	1673	OK
 960	     0	71.6	127.4	1659	OK
 961	     0	69.3	122.7	1675	OK
 962	     0	69.0	124.2	1660	OK
 963	     0	66.7	117.8	1701	OK
 964	     0	65.7	114.2	1707	OK
 965	     0	68.5	124.2	1675	OK
 966	     0	68.4	119.9	1671	OK
 967	     0	66.6	119.9	1696	OK
 968	     0	67.7	120.3	1684	OK
 969	     0	66.9	117.9	1726	OK
 970	     0	66.1	120.3	1678	OK
 971	     0	67.3	121.7	1688	OK
 972	     0	67.1	118.9	1669	OK
 973	     0	67.0	124.3	1646	OK
 974	     0	64.6	117.4	1682	OK
 975	     0	66.6	119.8	1673	OK
 976	     0	66.6	119.7	1688	OK
 977	     0	67.3	120.4	1680	OK
 978	     0	68.0	125.2	1684	OK
 979	     0	66.4	117.5	1684	OK
 980	     0	67.5	122.7	1662	OK
 981	     0	66.3	118.9	1706	OK
 982	     0	64.7	117.4	1670	OK
 983	     0	65.1	118.0	1703	OK
 984	     0	68.0	120.3	1639	OK
 985	     0	65.0	117.5	1659	OK
 986	     0	66.0	121.3	1649	OK
 987	     0	65.4	118.9	1682	OK
 988	     0	65.2	121.6	1658	OK
 989	     0	64.0	118.0	1634	OK
 990	     0	67.2	120.0	1685	OK
 991	     0	67.9	122.6	1683	OK
 992	     0	65.5	119.9	1697	OK
 993	     0	66.1	115.3	1711	OK
 994	     0	66.8	126.8	1634	OK
 995	     0	67.6	122.3	1651	OK
 996	     0	66.0	117.9	1695	OK
 997	     0	65.3	116.7	1705	OK
 998	     0	65.8	115.3	1716	OK
 999	     0	66.8	110.9	1743	OK
1000	     0	66.9	125.8	1625	OK
1001	     0	66.6	116.0	1687	OK
1002	     0	66.9	121.5	1686	OK
1003	     0	68.9	120.7	1704	OK
1004	     0	67.0	119.5	1649	OK
1005	     0	66.0	131.1	1626	OK
1006	     0	67.1	119.8	1674	OK
1007	     0	67.1	120.3	1687	OK
1008	     0	65.1	115.3	1675	OK
1009	     0	67.2	123.3	1679	OK
1010	     0	66.0	118.5	1653	OK
1011	     0	65.7	117.4	1645	OK
1012	     0	68.2	120.0	1677	OK
1013	     0	67.1	122.8	1667	OK
1014	     0	65.7	121.4	1642	OK
1015	     0	68.1	121.0	1688	OK
1016	     0	65.8	115.5	1702	OK
1017	     0	66.5	119.7	1682	OK
1018	     0	66.4	122.6	1643	OK
1019	     0	65.8	116.3	1711	OK
1020	     0	64.6	117.0	1663	OK
1021	     0	65.8	116.9	1682	OK
1022	     0	66.7	119.4	1659	OK
1023	     0	67.5	120.2	1658	OK
1024	     0	64.8	117.1	1785	OK
1025	     0	65.2	117.1	1790	OK
1026	     0	64.8	120.9	1733	OK
1027	     0	65.0	117.7	1793	OK
1028	     0	63.7	114.2	1781	OK
1029	     0	63.7	118.8	1743	OK
1030	     0	64.4	120.2	1741	OK
1031	     0	66.7	117.5	1764	OK
1032	     0	63.8	117.9	1730	OK
1033	     0	64.3	117.0	1725	OK
1034	     0	64.6	117.1	1764	OK
1035	     0	64.3	117.5	1776	OK
1036	     0	65.2	120.8	1744	OK
1037	     0	64.7	118.3	1780	OK
1038	     0	64.8	116.9	1785	OK
1039	     0	64.4	115.2	1767	OK
1040	     0	64.4	122.6	1745	OK
1041	     0	65.0	120.0	1772	OK
1042	     0	64.2	116.8	1733	OK
1043	     0	64.4	117.9	1750	OK
1044	     0	63.1	117.4	1772	OK
1045	     0	63.5	119.6	1760	OK
1046	     0	63.8	114.9	1782	OK
1047	     0	65.7	122.4	1761	OK
1048	     0	62.7	117.7	1756	OK
1049	     0	63.4	114.9	1773	OK
1050	     0	63.9	121.3	1729	OK
1051	     0	63.5	115.2	1763	OK
1052	     0	64.4	122.2	1747	OK
1053	     0	63.4	116.2	1761	OK
1054	     0	64.5	118.9	1766	OK
1055	     0	63.5	115.9	1774	OK
1056	     0	64.6	121.5	1776	OK
1057	     0	63.4	126.8	1705	OK
1058	     0	63.7	120.0	1746	OK
1059	     0	64.0	117.5	1772	OK
1060	     0	64.1	116.3	1776	OK
1061	     0	64.5	118.5	1804	OK
1062	     0	62.0	115.2	1755	OK
1063	     0	63.1	116.2	1772	OK
1064	     0	63.3	114.4	1804	OK
1065	     0	62.4	113.1	1788	OK
1066	     0	62.8	116.8	1755	OK
1067	     0	62.7	112.6	1818	OK
1068	     0	62.9	116.3	1757	OK
1069	     0	63.0	117.1	1743	OK
1070	     0	63.5	118.7	1749	OK
1071	     0	64.7	117.8	1787	OK
1072	     0	65.0	122.9	1725	OK
1073	     0	64.1	114.6	1804	OK
1074	     0	63.2	117.5	1796	OK
1075	     0	62.9	116.2	1760	OK
1076	     0	65.1	123.5	1744	OK
1077	     0	64.7	117.2	1752	OK
1078	     0	63.0	118.6	1755	OK
1079	     0	64.4	118.8	1787	OK
1080	     0	62.2	112.1	1775	OK
1081	     0	65.9	116.2	1824	OK
1082	     0	66.0	121.1	1746	OK
1083	     0	66.0	119.9	1769	OK
1084	     0	65.7	117.9	1781	OK
1085	     0	65.7	118.9	1754	OK
1086	     0	67.6	121.9	1727	OK
1087	     0	68.2	121.9	1758	OK
1088	     0	63.2	120.6	1737	OK
1089	     0	64.3	118.4	1765	OK
1090	     0	63.5	119.8	1733	OK
1091	     0	63.0	115.2	1772	OK
1092	     0	62.7	112.3	1799	OK
1093	     0	63.8	114.9	1758	OK
1094	     0	63.8	116.5	1771	OK
1095	     0	63.3	115.2	1790	OK
1096	     0	65.3	116.0	1768	OK
1097	     0	65.0	117.4	1751	OK
1098	     0	63.2	115.8	1776	OK
1099	     0	63.8	115.9	1775	OK
1100	     0	65.4	120.4	1748	OK
1101	     0	61.0	110.6	1816	OK
1102	     0	62.5	117.7	1750	OK
1103	     0	63.2	116.8	1740	OK
1104	     0	63.2	117.4	1794	OK
1105	     0	62.7	114.4	1759	OK
1106	     0	63.6	115.5	1796	OK
1107	     0	62.5	114.3	1725	OK
1108	     0	63.9	121.6	1720	OK
1109	     0	64.5	118.6	1756	OK
1110	     0	63.4	116.3	1755	OK
1111	     0	64.0	126.5	1688	OK
1112	     0	61.6	111.5	1759	OK
1113	     0	62.9	112.9	1746	OK
1114	     0	63.1	118.4	1721	OK
1115	     0	65.2	117.3	1764	OK
1116	     0	64.2	118.9	1749	OK
1117	     0	61.5	112.2	1758	OK
1118	     0	62.6	114.8	1737	OK
1119	     0	63.3	117.7	1753	OK
1120	     0	62.3	110.7	1785	OK
1121	     0	65.2	118.8	1735	OK
1122	     0	62.6	116.0	1778	OK
1123	     0	64.5	116.8	1754	OK
1124	     0	62.4	115.9	1753	OK
1125	     0	65.1	119.7	1703	OK
1126	     0	63.2	115.6	1754	OK
1127	     0	62.9	118.5	1735	OK
1128	     0	61.9	117.6	1712	OK
1129	     0	64.9	118.6	1746	OK
1130	     0	62.9	115.2	1761	OK
1131	     0	64.1	117.7	1744	OK
1132	     0	63.2	115.7	1726	OK
1133	     0	65.4	118.1	1732	OK
1134	     0	64.2	120.1	1716	OK
1135	     0	64.6	120.4	1720	OK
1136	     0	63.9	116.4	1741	OK
1137	     0	63.8	114.6	1741	OK
1138	     0	63.5	114.9	1760	OK
1139	     0	62.9	118.5	1725	OK
1140	     0	62.1	116.9	1721	OK
1141	     0	63.5	115.2	1765	OK
1142	     0	65.6	115.5	1782	OK
1143	     0	64.2	115.8	1785	OK
1144	     0	63.8	113.8	1742	OK
1145	     0	64.6	116.9	1733	OK
1146	     0	62.9	117.2	1753	OK
1147	     0	64.7	117.1	1761	OK
1148	     0	61.8	114.2	1767	OK
1149	     0	66.9	121.4	1769	OK
1150	     0	66.3	116.9	1817	OK
1151	  4000	69.1	117.9	2000	high noise
1152	     0	68.6	121.4	1787	OK
1153	     0	67.8	119.7	1769	OK
1154	     0	68.0	119.4	1775	OK
1155	     0	68.3	120.1	1736	OK
1156	     0	64.9	116.6	1762	OK
1157	     0	64.6	113.8	1776	OK
1158	     0	68.8	120.4	1755	OK
1159	     0	67.4	120.1	1762	OK
1160	     0	66.1	121.8	1729	OK
1161	     0	65.3	117.0	1783	OK
1162	     0	68.4	124.0	1729	OK
1163	     0	66.8	117.9	1766	OK
1164	     0	66.9	120.5	1735	OK
1165	     0	64.4	117.8	1770	OK
1166	     0	68.0	118.8	1770	OK
1167	     0	66.3	121.4	1715	OK
1168	  4000	64.7	100.9	1957	high noise
1169	     0	65.7	120.3	1721	OK
1170	     0	65.2	120.5	1754	OK
1171	     0	67.0	117.7	1804	OK
1172	     0	66.3	115.9	1776	OK
1173	     0	67.2	118.1	1779	OK
1174	     0	65.8	118.6	1751	OK
1175	     0	66.5	116.8	1775	OK
1176	     0	66.8	117.2	1779	OK
1177	     0	67.8	118.3	1776	OK
1178	     0	66.5	117.0	1752	OK
1179	     0	68.8	125.5	1721	OK
1180	     0	68.4	127.9	1721	OK
1181	     0	68.3	166.7	1747	OK
1182	     0	65.7	116.9	1775	OK
1183	     0	64.9	116.5	1740	OK
1184	     0	67.8	122.9	1757	OK
1185	     0	67.0	118.8	1741	OK
1186	     0	66.0	123.4	1757	OK
1187	     0	68.1	122.0	1750	OK
1188	     0	64.3	116.1	1757	OK
1189	     0	65.6	118.6	1778	OK
1190	     0	66.7	117.2	1750	OK
1191	     0	68.1	122.8	1739	OK
1192	     0	65.1	115.5	1779	OK
1193	     0	67.0	120.9	1709	OK
1194	     0	66.7	124.0	1764	OK
1195	     0	65.4	119.5	1773	OK
1196	     0	66.5	117.4	1743	OK
1197	     0	66.7	115.7	1791	OK
1198	     0	66.9	120.6	1749	OK
1199	     0	65.7	115.1	1779	OK
1200	     0	67.0	121.5	1741	OK
1201	     0	67.6	119.7	1787	OK
1202	     0	66.7	118.6	1752	OK
1203	     0	68.6	124.7	1759	OK
1204	     0	66.5	114.3	1809	OK
1205	     0	67.5	118.2	1791	OK
1206	     0	64.7	117.9	1745	OK
1207	     0	67.4	119.7	1758	OK
1208	     0	67.6	118.5	1764	OK
1209	     0	68.2	120.8	1758	OK
1210	     0	68.8	124.1	1751	OK
1211	     0	67.3	120.6	1762	OK
1212	     0	68.7	124.8	1745	OK
1213	     0	69.9	122.8	1791	OK
1214	     0	69.3	124.4	1744	OK
1215	     0	71.3	126.6	1729	OK
1216	     0	68.8	124.6	1744	OK
1217	     0	70.0	122.1	1736	OK
1218	     0	67.1	120.5	1749	OK
1219	     0	66.3	117.6	1761	OK
1220	     0	65.9	124.9	1715	OK
1221	     0	64.7	116.1	1783	OK
1222	     0	67.5	121.0	1732	OK
1223	     0	67.3	122.0	1725	OK
1224	     0	65.3	116.9	1747	OK
1225	     0	67.9	120.1	1744	OK
1226	     0	66.2	120.2	1729	OK
1227	     0	65.2	115.0	1725	OK
1228	     0	65.3	116.9	1756	OK
1229	     0	68.1	118.3	1768	OK
1230	     0	67.4	120.4	1695	OK
1231	     0	68.6	124.8	1729	OK
1232	     0	65.7	121.3	1744	OK
1233	     0	69.5	126.5	1694	OK
1234	     0	66.6	121.6	1733	OK
1235	     0	66.6	119.7	1729	OK
1236	     0	68.3	119.5	1760	OK
1237	     0	66.9	122.8	1693	OK
1238	     0	66.5	120.1	1738	OK
1239	     0	66.6	119.9	1768	OK
1240	     0	70.6	124.2	1711	OK
1241	     0	66.8	120.7	1726	OK
1242	     0	67.2	117.1	1742	OK
1243	     0	66.6	122.0	1719	OK
1244	     0	67.0	118.3	1736	OK
1245	     0	66.8	118.6	1710	OK
1246	     0	64.2	118.7	1704	OK
1247	     0	67.7	118.9	1722	OK
1248	     0	65.8	118.5	1713	OK
1249	     0	67.4	123.9	1708	OK
1250	     0	65.3	116.2	1742	OK
1251	     0	66.6	119.0	1718	OK
1252	     0	66.2	116.5	1717	OK
1253	     0	66.1	117.3	1718	OK
1254	     0	65.5	116.1	1698	OK
1255	     0	67.4	122.1	1710	OK
1256	     0	65.1	117.6	1708	OK
1257	     0	66.2	122.1	1702	OK
1258	     0	67.3	121.5	1728	OK
1259	     0	66.5	121.6	1629	OK
1260	     0	67.4	118.6	1719	OK
1261	     0	66.3	118.8	1727	OK
1262	     0	66.1	119.6	1717	OK
1263	     0	67.1	117.2	1703	OK
1264	     0	65.5	117.2	1750	OK
1265	     0	65.3	125.9	1653	OK
1266	     0	66.4	120.2	1706	OK
1267	     0	66.9	120.1	1724	OK
1268	     0	67.5	117.5	1708	OK
1269	     0	65.3	116.8	1720	OK
1270	     0	66.5	117.4	1728	OK
1271	     0	65.4	119.9	1669	OK
1272	     0	65.6	120.3	1696	OK
1273	     0	65.9	119.9	1692	OK
1274	     0	67.1	121.0	1708	OK
1275	     0	67.1	117.7	1734	OK
1276	     0	68.0	118.1	1730	OK
1277	     0	69.3	129.0	1671	OK
1278	     0	68.5	124.7	1662	OK
1279	     0	70.6	131.0	1653	OK
1280	     0	68.7	126.1	1687	OK
1281	     0	69.5	126.8	1675	OK
1282	     0	66.5	118.5	1731	OK
1283	     0	64.5	113.7	1773	OK
1284	     0	65.5	117.4	1683	OK
1285	     0	68.0	162.9	1711	OK
1286	     0	63.5	115.8	1704	OK
1287	     0	67.1	121.1	1694	OK
1288	     0	66.0	116.4	1725	OK
1289	     0	65.8	119.2	1680	OK
1290	     0	64.5	119.8	1691	OK
1291	     0	65.6	119.5	1704	OK
1292	     0	66.7	115.3	1742	OK
1293	     0	66.8	118.6	1705	OK
1294	     0	66.9	120.0	1696	OK
1295	     0	64.2	121.8	1689	OK
1296	     0	65.7	118.0	1682	OK
1297	     0	65.6	120.4	1724	OK
1298	     0	64.3	116.0	1721	OK
1299	     0	66.1	116.2	1695	OK
1300	     0	64.4	119.9	1704	OK
1301	     0	64.9	115.5	1728	OK
1302	     0	65.0	117.1	1712	OK
1303	     0	65.2	116.7	1745	OK
1304	     0	65.3	116.7	1735	OK
1305	     0	65.3	115.5	1726	OK
1306	     0	64.3	116.3	1711	OK
1307	     0	67.4	126.2	1693	OK
1308	     0	65.4	120.8	1698	OK
1309	     0	64.8	113.9	1740	OK
1310	     0	64.9	120.8	1687	OK
1311	     0	66.5	118.7	1706	OK
1312	     0	64.5	115.5	1723	OK
1313	     0	66.0	117.9	1733	OK
1314	     0	65.4	123.6	1693	OK
1315	     0	64.6	117.1	1755	OK
1316	     0	67.1	122.5	1742	OK
1317	     0	64.4	115.2	1753	OK
1318	     0	66.1	120.7	1704	OK
1319	     0	63.6	114.2	1771	OK
1320	     0	63.1	116.6	1714	OK
1321	     0	65.1	120.7	1700	OK
1322	     0	63.7	115.5	1740	OK
1323	     0	65.6	115.2	1741	OK
1324	     0	63.3	114.6	1736	OK
1325	     0	66.2	120.5	1721	OK
1326	     0	64.3	118.7	1678	OK
1327	     0	65.0	119.8	1711	OK
1328	     0	66.1	118.2	1739	OK
1329	     0	65.9	116.7	1712	OK
1330	     0	65.8	120.9	1736	OK
1331	     0	66.4	117.4	1740	OK
1332	     0	65.3	116.2	1754	OK
1333	     0	65.3	117.3	1713	OK
1334	     0	66.0	121.4	1710	OK
1335	     0	64.9	117.1	1711	OK
1336	     0	66.3	121.9	1727	OK
1337	     0	64.4	116.0	1751	OK
1338	     0	67.0	118.0	1719	OK
1339	     0	67.7	122.4	1718	OK
1340	     0	66.3	120.8	1681	OK
1341	     0	67.7	122.6	1702	OK
1342	     0	66.7	120.6	1700	OK
1343	     0	68.8	121.0	1738	OK
1344	     0	64.0	116.6	1722	OK
1345	     0	65.5	120.5	1720	OK
1346	     0	66.7	118.5	1722	OK
1347	     0	63.7	116.6	1733	OK
1348	     0	64.1	117.8	1752	OK
1349	     0	65.4	118.1	1734	OK
1350	     0	64.6	114.0	1721	OK
1351	     0	64.5	119.7	1704	OK
1352	     0	64.9	115.2	1752	OK
1353	     0	65.6	116.3	1756	OK
1354	     0	67.3	124.1	1709	OK
1355	     0	63.7	117.9	1735	OK
1356	     0	64.3	119.8	1720	OK
1357	     0	65.9	120.1	1745	OK
1358	     0	65.6	122.4	1695	OK
1359	     0	64.9	119.3	1704	OK
1360	     0	62.7	112.5	1747	OK
1361	     0	66.0	117.1	1726	OK
1362	     0	64.4	117.4	1742	OK
1363	     0	64.8	118.1	1721	OK
1364	     0	66.2	118.6	1732	OK
1365	     0	63.6	119.1	1717	OK
1366	     0	64.9	115.6	1765	OK
1367	     0	64.6	121.0	1682	OK
1368	     0	64.6	120.5	1693	OK
1369	     0	63.5	120.0	1720	OK
1370	     0	64.9	116.3	1721	OK
1371	     0	63.2	117.5	1678	OK
1372	     0	64.6	119.2	1739	OK
1373	     0	64.9	118.3	1732	OK
1374	     0	64.1	118.6	1701	OK
1375	     0	65.0	127.7	1711	OK
1376	     0	65.2	120.5	1688	OK
1377	     0	62.2	115.1	1735	OK
1378	     0	63.6	113.8	1737	OK
1379	     0	64.7	121.0	1716	OK
1380	     0	66.1	119.8	1723	OK
1381	     0	63.1	116.9	1720	OK
1382	     0	63.4	118.1	1727	OK
1383	     0	64.6	116.9	1767	OK
1384	     0	63.1	117.6	1747	OK
1385	     0	64.4	137.4	1698	OK
1386	     0	66.6	122.3	1701	OK
1387	     0	63.5	118.8	1717	OK
1388	     0	63.0	115.6	1711	OK
1389	     0	64.0	115.6	1742	OK
1390	     0	63.6	115.5	1767	OK
1391	     0	62.9	116.5	1726	OK
1392	     0	64.5	116.4	1741	OK
1393	     0	63.3	117.2	1702	OK
1394	     0	63.2	111.2	1750	OK
1395	     0	63.9	116.5	1702	OK
1396	     0	61.2	110.4	1759	OK
1397	     0	63.4	121.2	1721	OK
1398	     0	64.8	117.1	1761	OK
1399	     0	63.4	119.2	1649	OK
1400	     0	62.9	117.0	1718	OK
1401	     0	64.2	116.5	1730	OK
1402	     0	64.9	118.4	1688	OK
1403	     0	64.7	120.7	1703	OK
1404	     0	64.2	117.7	1763	OK
1405	     0	65.2	116.7	1736	OK
1406	     0	64.8	118.2	1712	OK
1407	     0	67.0	119.5	1727	OK
1408	     0	66.0	115.8	1714	OK
1409	     0	65.0	116.9	1650	OK
1410	     0	66.7	122.0	1641	OK
1411	     0	67.1	121.7	1637	OK
1412	     0	64.8	118.1	1636	OK
1413	     0	65.9	119.6	1648	OK
1414	     0	63.4	113.0	1676	OK
1415	     0	64.4	118.0	1660	OK
1416	     0	66.3	117.8	1653	OK
1417	     0	66.7	122.2	1645	OK
1418	     0	65.4	117.3	1683	OK
1419	     0	65.0	119.6	1649	OK
1420	     0	64.6	124.7	1654	OK
1421	     0	63.9	116.5	1647	OK
1422	     0	65.7	120.3	1646	OK
1423	     0	66.9	125.2	1646	OK
1424	     0	64.4	115.8	1662	OK
1425	     0	65.9	119.6	1639	OK
1426	     0	64.0	115.7	1659	OK
1427	     0	66.1	122.7	1621	OK
1428	     0	66.0	119.2	1680	OK
1429	     0	66.1	110.6	1733	OK
1430	     0	66.5	123.8	1619	OK
1431	     0	66.8	122.4	1624	OK
1432	     0	66.0	117.6	1663	OK
1433	     0	68.3	122.0	1650	OK
1434	     0	64.9	116.9	1640	OK
1435	     0	66.0	117.4	1640	OK
1436	     0	66.5	121.3	1643	OK
1437	     0	65.6	120.5	1652	OK
1438	     0	65.5	118.9	1665	OK
1439	     0	65.9	121.3	1645	OK
1440	     0	65.7	120.8	1633	OK
1441	     0	66.4	119.0	1645	OK
1442	     0	68.0	124.5	1655	OK
1443	     0	66.1	118.3	1653	OK
1444	     0	67.4	122.0	1661	OK
1445	     0	66.3	122.7	1639	OK
1446	     0	63.7	117.3	1658	OK
1447	     0	66.2	122.2	1681	OK
1448	     0	65.1	115.8	1705	OK
1449	     0	65.5	121.1	1642	OK
1450	     0	64.8	115.1	1691	OK
1451	     0	67.8	123.7	1645	OK
1452	     0	67.1	125.3	1675	OK
1453	     0	65.4	117.5	1639	OK
1454	     0	66.5	124.1	1632	OK
1455	     0	67.1	122.3	1663	OK
1456	     0	66.2	117.5	1695	OK
1457	     0	67.3	124.4	1643	OK
1458	     0	66.3	120.9	1683	OK
1459	     0	66.4	120.1	1681	OK
1460	     0	65.3	120.0	1643	OK
1461	     0	66.5	122.1	1673	OK
1462	     0	65.7	120.8	1648	OK
1463	     0	65.5	129.8	1627	OK
1464	     0	67.4	120.9	1673	OK
1465	     0	66.3	120.6	1659	OK
1466	     0	67.7	122.0	1652	OK
1467	     0	67.7	123.2	1636	OK
1468	     0	69.8	125.4	1627	OK
1469	     0	68.8	120.2	1686	OK
1470	     0	69.0	124.6	1646	OK
1471	     0	70.1	123.6	1661	OK
1472	     0	68.4	121.5	1655	OK
1473	     0	67.0	121.5	1689	OK
1474	     0	65.8	120.0	1674	OK
1475	     0	67.4	123.5	1640	OK
1476	     0	64.6	120.8	1639	OK
1477	     0	65.1	116.1	1688	OK
1478	     0	65.5	121.9	1624	OK
1479	     0	67.0	121.0	1658	OK
1480	     0	65.2	117.5	1644	OK
1481	     0	66.7	119.8	1642	OK
1482	     0	64.9	120.0	1654	OK
1483	     0	67.2	123.7	1655	OK
1484	     0	65.3	117.5	1674	OK
1485	     0	65.3	116.2	1662	OK
1486	     0	64.6	118.5	1666	OK
1487	     0	65.7	121.3	1689	OK
1488	     0	65.3	118.3	1672	OK
1489	     0	65.7	122.5	1644	OK
1490	     0	66.7	119.4	1663	OK
1491	     0	66.6	118.8	1675	OK
1492	     0	65.4	122.4	1597	OK
1493	     0	66.6	120.9	1649	OK
1494	     0	65.2	116.4	1609	OK
1495	     0	65.6	116.9	1661	OK
1496	     0	65.9	122.5	1671	OK
1497	     0	65.5	119.5	1669	OK
1498	     0	67.9	125.3	1661	OK
1499	     0	66.2	123.2	1614	OK
1500	     0	65.4	120.2	1653	OK
1501	     0	67.0	122.9	1652	OK
1502	     0	66.3	122.2	1681	OK
1503	     0	64.6	120.0	1643	OK
1504	     0	65.8	118.3	1656	OK
1505	     0	63.6	121.4	1656	OK
1506	     0	66.4	118.0	1662	OK
1507	     0	67.8	122.3	1658	OK
1508	     0	68.3	122.3	1649	OK
1509	     0	65.4	119.5	1641	OK
1510	     0	65.9	121.2	1662	OK
1511	     0	67.7	124.7	1605	OK
1512	     0	67.0	119.4	1694	OK
1513	     0	67.8	121.6	1641	OK
1514	     0	68.2	123.1	1640	OK
1515	     0	69.2	125.1	1622	OK
1516	     0	66.3	118.9	1675	OK
1517	  4000	66.7	98.3	1870	high noise
1518	     0	67.9	123.9	1633	OK
1519	     0	66.1	121.3	1618	OK
1520	     0	68.7	126.2	1615	OK
1521	     0	68.6	123.9	1650	OK
1522	     0	67.6	122.3	1618	OK
1523	     0	70.0	128.4	1642	OK
1524	     0	68.6	122.6	1661	OK
1525	     0	66.5	119.4	1623	OK
1526	     0	68.2	122.4	1651	OK
1527	     0	67.9	124.6	1647	OK
1528	     0	66.9	122.5	1620	OK
1529	     0	68.5	123.4	1650	OK
1530	     0	68.9	124.5	1622	OK
1531	     0	68.1	123.0	1625	OK
1532	     0	68.9	122.3	1662	OK
1533	     0	69.9	128.4	1611	OK
1534	     0	70.0	126.1	1635	OK
1535	     0	68.3	123.5	1651	OK
1536	     0	64.2	119.1	1659	OK
1537	     0	66.4	122.6	1703	OK
1538	     0	64.6	117.4	1688	OK
1539	     0	67.2	118.8	1698	OK
1540	     0	64.1	117.3	1697	OK
1541	     0	65.8	121.5	1673	OK
1542	     0	65.8	117.6	1720	OK
1543	     0	66.2	124.2	1656	OK
1544	     0	65.4	120.8	1694	OK
1545	     0	63.8	117.9	1689	OK
1546	     0	63.6	118.2	1699	OK
1547	     0	65.1	121.9	1629	OK
1548	     0	64.2	114.5	1771	OK
1549	     0	65.5	121.7	1661	OK
1550	     0	67.0	121.5	1712	OK
1551	     0	66.0	124.1	1653	OK
1552	     0	65.0	116.6	1714	OK
1553	     0	64.7	116.1	1736	OK
1554	     0	65.3	117.2	1714	OK
1555	     0	66.0	120.1	1674	OK
1556	     0	65.4	118.4	1681	OK
1557	     0	66.5	122.3	1711	OK
1558	     0	65.1	118.6	1710	OK
1559	     0	66.4	119.9	1696	OK
1560	     0	67.3	123.2	1656	OK
1561	     0	68.3	121.7	1694	OK
1562	     0	65.2	118.6	1714	OK
1563	     0	65.6	121.1	1674	OK
1564	     0	65.9	121.8	1669	OK
1565	     0	65.5	122.8	1679	OK
1566	     0	65.4	121.6	1700	OK
1567	     0	64.0	119.5	1642	OK
1568	     0	64.7	128.0	1631	OK
1569	     0	62.5	112.0	1750	OK
1570	     0	64.0	118.7	1708	OK
1571	     0	64.2	121.3	1681	OK
1572	     0	64.7	120.4	1655	OK
1573	     0	65.7	118.4	1683	OK
1574	     0	65.9	121.0	1711	OK
1575	     0	64.9	115.3	1728	OK
1576	     0	64.0	119.3	1675	OK
1577	     0	63.8	116.6	1703	OK
1578	     0	64.9	118.2	1683	OK
1579	     0	65.1	115.6	1750	OK
1580	     0	63.8	120.4	1684	OK
1581	     0	65.4	120.3	1706	OK
1582	     0	63.3	117.6	1661	OK
1583	     0	65.2	123.1	1664	OK
1584	     0	65.7	121.1	1694	OK
1585	     0	66.3	120.8	1695	OK
1586	     0	66.8	119.9	1703	OK
1587	     0	65.5	118.1	1728	OK
1588	     0	66.8	122.6	1665	OK
1589	     0	67.5	120.8	1694	OK
1590	     0	66.1	120.0	1701	OK
1591	     0	65.4	120.1	1722	OK
1592	     0	66.7	121.4	1692	OK
1593	     0	65.0	120.3	1696	OK
1594	     0	66.0	129.2	1649	OK
1595	     0	67.1	126.9	1674	OK
1596	     0	66.9	119.8	1706	OK
1597	     0	65.7	121.8	1677	OK
1598	     0	68.0	122.8	1706	OK
1599	     0	70.4	125.6	1680	OK
1600	     0	65.5	115.4	1785	OK
1601	     0	65.9	122.8	1699	OK
1602	     0	65.6	117.0	1740	OK
1603	     0	67.5	126.5	1694	OK
1604	     0	66.4	119.0	1695	OK
1605	     0	65.9	121.1	1694	OK
1606	     0	66.5	120.7	1728	OK
1607	     0	63.8	115.5	1728	OK
1608	     0	65.8	123.5	1690	OK
1609	     0	64.7	120.1	1674	OK
1610	     0	63.8	116.1	1743	OK
1611	     0	63.8	117.7	1721	OK
1612	     0	65.8	122.2	1721	OK
1613	     0	64.3	119.6	1712	OK
1614	     0	67.4	123.3	1730	OK
1615	     0	67.7	123.1	1718	OK
1616	     0	64.9	116.7	1740	OK
1617	     0	64.8	121.2	1744	OK
1618	     0	66.3	120.8	1736	OK
1619	     0	68.3	125.2	1711	OK
1620	     0	64.4	118.8	1694	OK
1621	     0	65.2	119.3	1716	OK
1622	     0	65.2	119.4	1738	OK
1623	     0	64.9	118.1	1712	OK
1624	     0	65.3	117.4	1744	OK
1625	     0	65.1	118.7	1720	OK
1626	     0	65.2	119.0	1719	OK
1627	     0	66.1	119.0	1700	OK
1628	     0	66.5	149.5	1698	OK
1629	     0	65.7	119.6	1707	OK
1630	     0	64.7	115.3	1738	OK
1631	     0	65.1	117.8	1724	OK
1632	     0	65.4	118.1	1724	OK
1633	     0	66.8	126.5	1686	OK
1634	     0	64.3	116.4	1716	OK
1635	     0	67.0	120.9	1707	OK
1636	     0	65.5	116.2	1748	OK
1637	     0	65.3	121.3	1706	OK
1638	     0	64.6	120.4	1690	OK
1639	     0	66.8	119.3	1763	OK
1640	     0	65.9	120.4	1693	OK
1641	     0	67.1	141.5	1696	OK
1642	     0	64.9	126.6	1710	OK
1643	     0	66.5	120.8	1694	OK
1644	     0	65.7	120.4	1695	OK
1645	     0	65.1	118.2	1721	OK
1646	     0	64.8	115.1	1748	OK
1647	     0	65.8	117.5	1766	OK
1648	     0	64.9	117.3	1720	OK
1649	     0	63.5	115.4	1752	OK
1650	     0	62.6	114.0	1756	OK
1651	     0	65.6	121.3	1722	OK
1652	     0	65.2	119.4	1720	OK
1653	     0	65.8	121.1	1687	OK
1654	     0	64.8	118.5	1735	OK
1655	     0	65.2	117.0	1732	OK
1656	     0	64.8	116.3	1748	OK
1657	     0	66.2	119.4	1759	OK
1658	     0	65.7	119.1	1703	OK
1659	     0	67.1	121.8	1738	OK
1660	     0	65.3	115.5	1727	OK
1661	     0	65.7	115.8	1731	OK
1662	     0	69.9	128.6	1688	OK
1663	     0	68.4	123.3	1716	OK
1664	     0	68.8	128.1	1696	OK
1665	     0	67.8	122.6	1708	OK
1666	     0	66.5	121.1	1702	OK
1667	     0	66.7	122.3	1711	OK
1668	     0	64.5	114.7	1733	OK
1669	     0	64.8	118.1	1729	OK
1670	     0	64.3	118.3	1704	OK
1671	     0	65.9	118.9	1758	OK
1672	     0	64.1	119.4	1716	OK
1673	     0	64.6	119.0	1718	OK
1674	     0	65.5	117.6	1743	OK
1675	     0	65.3	119.2	1725	OK
1676	     0	63.2	113.8	1754	OK
1677	     0	64.3	120.4	1709	OK
1678	     0	66.2	119.0	1747	OK
1679	     0	65.7	122.4	1737	OK
1680	     0	65.2	119.1	1721	OK
1681	     0	62.8	116.4	1730	OK
1682	     0	63.4	114.8	1738	OK
1683	     0	65.6	119.5	1724	OK
1684	     0	63.5	115.0	1739	OK
1685	     0	65.8	118.2	1744	OK
1686	     0	64.2	117.3	1747	OK
1687	     0	64.1	117.7	1748	OK
1688	     0	64.6	118.0	1765	OK
1689	     0	63.0	114.2	1761	OK
1690	     0	64.6	118.2	1750	OK
1691	     0	65.2	120.2	1719	OK
1692	     0	66.4	121.7	1708	OK
1693	     0	65.8	118.6	1756	OK
1694	     0	65.8	122.0	1701	OK
1695	     0	66.0	122.3	1747	OK
1696	     0	66.2	122.3	1715	OK
1697	     0	66.5	121.4	1730	OK
1698	     0	63.6	119.1	1744	OK
1699	     0	64.7	119.3	1712	OK
1700	     0	68.0	122.1	1724	OK
1701	     0	66.0	120.7	1712	OK
1702	     0	65.3	116.0	1765	OK
1703	     0	65.8	120.3	1727	OK
1704	     0	64.4	118.2	1712	OK
1705	     0	66.4	121.2	1732	OK
1706	     0	65.1	116.8	1738	OK
1707	     0	65.8	119.6	1726	OK
1708	     0	63.9	118.7	1716	OK
1709	     0	66.1	124.9	1735	OK
1710	     0	64.8	118.3	1720	OK
1711	     0	64.9	170.4	1753	OK
1712	     0	64.5	119.1	1696	OK
1713	     0	65.6	118.8	1751	OK
1714	     0	66.2	121.7	1705	OK
1715	     0	66.6	118.9	1767	OK
1716	     0	64.5	121.1	1701	OK
1717	     0	66.0	120.1	1693	OK
1718	     0	66.9	117.4	1773	OK
1719	     0	64.6	118.9	1730	OK
1720	     0	65.3	119.6	1718	OK
1721	     0	65.5	120.9	1729	OK
1722	     0	65.9	117.8	1731	OK
1723	     0	65.9	123.6	1688	OK
1724	     0	67.2	120.0	1721	OK
1725	     0	67.7	120.4	1741	OK
1726	     0	71.1	130.0	1661	OK
1727	  4000	68.7	109.9	1833	high noise
1728	     0	64.7	119.5	1731	OK
1729	     0	66.8	123.8	1741	OK
1730	     0	64.8	117.3	1761	OK
1731	     0	66.4	120.2	1752	OK
1732	     0	66.1	126.5	1679	OK
1733	     0	64.2	118.1	1751	OK
1734	     0	66.6	120.7	1750	OK
1735	     0	64.0	118.5	1764	OK
1736	     0	64.0	119.6	1704	OK
1737	     0	66.2	123.1	1700	OK
1738	     0	66.2	120.3	1715	OK
1739	     0	66.4	118.8	1728	OK
1740	     0	64.7	117.2	1744	OK
1741	     0	65.3	119.4	1732	OK
1742	     0	68.0	124.8	1729	OK
1743	     0	62.9	116.5	1746	OK
1744	     0	65.3	115.1	1756	OK
1745	     0	61.2	110.8	1750	OK
1746	     0	64.5	121.7	1730	OK
1747	     0	65.1	116.4	1749	OK
1748	     0	63.8	120.7	1707	OK
1749	     0	64.5	119.0	1732	OK
1750	     0	64.8	120.4	1674	OK
1751	     0	63.4	113.7	1753	OK
1752	     0	64.7	117.0	1714	OK
1753	     0	65.9	120.7	1753	OK
1754	     0	64.8	118.2	1726	OK
1755	     0	63.6	117.5	1692	OK
1756	     0	64.0	118.8	1721	OK
1757	     0	65.3	121.1	1708	OK
1758	     0	64.3	118.2	1728	OK
1759	     0	65.5	118.4	1755	OK
1760	     0	65.8	110.1	1808	OK
1761	     0	66.5	120.6	1732	OK
1762	     0	66.8	126.2	1644	OK
1763	     0	66.0	123.6	1701	OK
1764	     0	65.1	122.4	1692	OK
1765	     0	66.6	119.0	1727	OK
1766	     0	66.9	126.1	1666	OK
1767	     0	67.1	121.5	1725	OK
1768	     0	67.0	125.7	1716	OK
1769	     0	64.5	118.8	1706	OK
1770	     0	64.5	118.4	1718	OK
1771	     0	68.2	126.2	1709	OK
1772	     0	66.8	121.9	1730	OK
1773	     0	66.2	126.1	1690	OK
1774	     0	66.6	122.0	1720	OK
1775	     0	65.8	121.5	1683	OK
1776	     0	64.1	117.3	1731	OK
1777	     0	64.8	117.1	1730	OK
1778	     0	64.2	115.8	1741	OK
1779	     0	65.6	119.5	1723	OK
1780	     0	64.1	116.4	1735	OK
1781	     0	65.7	116.4	1718	OK
1782	     0	66.7	120.3	1697	OK
1783	     0	66.8	122.1	1725	OK
1784	     0	66.7	120.6	1731	OK
1785	     0	68.8	123.5	1722	OK
1786	     0	67.3	122.4	1715	OK
1787	     0	68.7	123.6	1689	OK
1788	     0	66.9	121.8	1722	OK
1789	     0	66.9	122.1	1705	OK
1790	     0	67.3	120.7	1714	OK
1791	     0	67.5	119.8	1731	OK
1792	     0	68.9	123.8	1674	OK
1793	     0	68.8	126.1	1665	OK
1794	     0	65.4	109.5	1734	OK
1795	     0	67.8	120.2	1691	OK
1796	     0	66.9	122.8	1650	OK
1797	     0	68.1	122.4	1657	OK
1798	     0	66.4	125.3	1632	OK
1799	     0	69.1	125.2	1688	OK
1800	     0	66.4	118.2	1669	OK
1801	     0	67.5	119.4	1649	OK
1802	     0	67.9	122.2	1654	OK
1803	     0	67.4	120.7	1632	OK
1804	     0	68.1	124.7	1646	OK
1805	     0	69.4	119.5	1695	OK
1806	     0	69.3	121.4	1682	OK
1807	     0	68.4	122.5	1648	OK
1808	     0	66.9	122.3	1682	OK
1809	     0	69.1	126.2	1628	OK
1810	     0	68.2	119.4	1683	OK
1811	     0	69.0	123.6	1675	OK
1812	     0	65.2	119.5	1660	OK
1813	     0	67.5	125.7	1653	OK
1814	     0	67.8	123.9	1657	OK
1815	     0	67.3	120.4	1699	OK
1816	     0	68.9	125.6	1625	OK
1817	     0	68.8	123.0	1677	OK
1818	     0	68.3	122.7	1648	OK
1819	     0	67.3	123.5	1648	OK
1820	     0	67.2	120.1	1694	OK
1821	     0	68.2	121.3	1678	OK
1822	     0	67.7	121.3	1652	OK
1823	     0	70.4	126.4	1622	OK
1824	     0	65.8	114.9	1699	OK
1825	     0	67.2	120.4	1693	OK
1826	     0	67.3	123.8	1644	OK
1827	     0	68.3	122.9	1642	OK
1828	     0	67.8	121.1	1684	OK
1829	     0	69.5	124.1	1687	OK
1830	     0	67.5	124.9	1623	OK
1831	     0	69.9	128.7	1653	OK
1832	     0	67.4	123.5	1665	OK
1833	     0	69.1	123.2	1671	OK
1834	     0	66.7	118.2	1687	OK
1835	     0	68.6	119.6	1712	OK
1836	     0	68.0	121.7	1659	OK
1837	     0	70.5	127.5	1639	OK
1838	     0	69.6	125.9	1640	OK
1839	     0	68.6	123.0	1644	OK
1840	     0	70.2	202.0	1724	OK
1841	     0	71.1	128.6	1645	OK
1842	     0	69.5	122.7	1693	OK
1843	     0	70.2	130.8	1658	OK
1844	     0	68.8	125.5	1634	OK
1845	     0	69.4	123.6	1656	OK
1846	     0	70.1	126.0	1647	OK
1847	     0	70.7	123.9	1706	OK
1848	     0	69.6	125.1	1644	OK
1849	     0	68.8	125.8	1660	OK
1850	     0	68.5	122.7	1685	OK
1851	     0	68.0	122.1	1670	OK
1852	     0	68.7	124.7	1646	OK
1853	     0	70.1	124.3	1705	OK
1854	     0	70.4	124.4	1644	OK
1855	     0	73.1	127.6	1644	OK
1856	     0	71.6	128.4	1641	OK
1857	     0	69.7	125.7	1661	OK
1858	     0	70.2	123.0	1692	OK
1859	     0	71.3	125.7	1660	OK
1860	     0	69.3	121.9	1688	OK
1861	     0	68.7	121.3	1670	OK
1862	     0	70.0	125.7	1665	OK
1863	     0	67.7	122.0	1667	OK
1864	     0	68.9	125.3	1646	OK
1865	     0	69.8	123.7	1697	OK
1866	     0	68.3	124.4	1646	OK
1867	     0	67.8	122.3	1656	OK
1868	     0	68.2	125.4	1643	OK
1869	     0	69.1	124.4	1679	OK
1870	     0	65.3	119.2	1658	OK
1871	     0	68.4	120.5	1698	OK
1872	     0	68.0	124.0	1664	OK
1873	     0	66.9	122.7	1679	OK
1874	     0	69.7	123.2	1667	OK
1875	     0	69.0	125.4	1650	OK
1876	     0	67.4	123.6	1666	OK
1877	     0	69.2	120.4	1692	OK
1878	     0	69.9	130.1	1641	OK
1879	  4000	69.3	112.1	1775	high noise
1880	     0	69.0	122.9	1699	OK
1881	     0	67.6	119.6	1692	OK
1882	     0	66.8	121.3	1664	OK
1883	     0	68.1	122.2	1682	OK
1884	     0	69.2	127.2	1627	OK
1885	     0	68.1	119.5	1698	OK
1886	     0	67.1	118.9	1664	OK
1887	     0	66.7	120.2	1655	OK
1888	     0	70.1	124.7	1676	OK
1889	     0	70.0	122.9	1694	OK
1890	     0	68.3	126.7	1650	OK
1891	     0	69.5	122.6	1682	OK
1892	     0	69.3	129.5	1610	OK
1893	     0	68.0	121.0	1626	OK
1894	     0	68.7	123.3	1663	OK
1895	     0	69.6	127.7	1649	OK
1896	     0	69.4	125.4	1644	OK
1897	     0	69.2	124.5	1676	OK
1898	     0	69.7	124.5	1702	OK
1899	     0	67.9	125.5	1614	OK
1900	     0	69.6	124.5	1643	OK
1901	     0	72.6	127.3	1642	OK
1902	     0	68.0	121.4	1663	OK
1903	     0	69.2	123.8	1657	OK
1904	     0	70.7	128.0	1657	OK
1905	     0	69.9	131.8	1642	OK
1906	     0	68.7	124.3	1635	OK
1907	     0	69.3	123.4	1663	OK
1908	     0	67.6	124.2	1667	OK
1909	     0	69.4	129.7	1659	OK
1910	     0	69.6	123.1	1658	OK
1911	     0	70.3	125.8	1655	OK
1912	     0	70.1	122.6	1661	OK
1913	     0	67.3	118.1	1718	OK
1914	     0	71.3	125.1	1644	OK
1915	     0	71.4	126.3	1645	OK
1916	     0	71.8	126.2	1661	OK
1917	     0	72.4	128.7	1631	OK
1918	     0	71.5	127.9	1647	OK
1919	     0	69.4	126.5	1672	OK
1920	  4000	70.7	117.4	1838	high noise
1921	  4000	69.7	122.1	1687	high noise
1922	     0	68.0	120.9	1651	OK
1923	     0	68.5	121.5	1625	OK
1924	     0	68.0	124.2	1601	OK
1925	     0	67.8	122.7	1593	OK
1926	     0	67.9	121.0	1624	OK
1927	     0	67.7	121.1	1580	OK
1928	     0	67.3	125.2	1616	OK
1929	     0	66.7	121.0	1574	OK
1930	     0	67.6	121.7	1586	OK
1931	     0	67.2	121.2	1622	OK
1932	     0	65.3	116.0	1613	OK
1933	     0	68.0	122.8	1586	OK
1934	     0	66.8	119.4	1622	OK
1935	     0	67.9	120.8	1609	OK
1936	     0	66.0	119.2	1644	OK
1937	     0	67.4	118.5	1625	OK
1938	     0	65.9	115.9	1636	OK
1939	     0	66.6	120.9	1592	OK
1940	     0	67.3	119.3	1617	OK
1941	     0	69.0	120.3	1607	OK
1942	     0	67.8	125.5	1603	OK
1943	     0	67.4	118.6	1636	OK
1944	     0	66.9	118.3	1607	OK
1945	     0	68.4	123.2	1599	OK
1946	     0	68.0	123.6	1610	OK
1947	     0	70.5	126.3	1593	OK
1948	     0	67.2	121.4	1612	OK
1949	     0	68.4	123.6	1596	OK
1950	     0	66.9	120.8	1595	OK
1951	     0	66.5	122.8	1592	OK
1952	     0	69.2	122.1	1610	OK
1953	     0	70.8	128.9	1597	OK
1954	     0	70.3	122.1	1621	OK
1955	     0	67.7	121.9	1610	OK
1956	     0	68.2	124.8	1592	OK
1957	     0	67.8	121.0	1611	OK
1958	     0	67.1	118.5	1616	OK
1959	     0	67.0	121.6	1630	OK
1960	     0	67.8	122.1	1603	OK
1961	     0	65.6	117.3	1618	OK
1962	     0	69.6	123.4	1611	OK
1963	     0	67.5	120.3	1618	OK
1964	     0	66.2	119.4	1579	OK
1965	     0	68.9	122.3	1610	OK
1966	     0	69.1	126.3	1598	OK
1967	     0	67.5	122.2	1577	OK
1968	     0	66.4	122.8	1610	OK
1969	     0	66.7	121.3	1602	OK
1970	     0	67.8	122.0	1615	OK
1971	     0	68.2	120.9	1598	OK
1972	     0	65.9	116.7	1619	OK
1973	     0	67.9	119.2	1637	OK
1974	     0	67.6	124.4	1597	OK
1975	     0	68.4	121.6	1568	OK
1976	     0	67.1	117.7	1629	OK
1977	     0	66.9	121.1	1609	OK
1978	     0	69.1	124.3	1606	OK
1979	     0	71.2	129.2	1595	OK
1980	     0	69.8	123.2	1611	OK
1981	     0	68.8	124.8	1611	OK
1982	     0	69.5	127.5	1591	OK
1983	     0	69.3	126.8	1589	OK
1984	     0	70.4	126.5	1593	OK
1985	     0	70.3	125.6	1588	OK
1986	     0	69.2	123.6	1586	OK
1987	     0	68.7	125.3	1595	OK
1988	     0	68.2	119.0	1636	OK
1989	     0	67.6	122.0	1599	OK
1990	     0	67.6	119.4	1588	OK
1991	     0	69.0	126.6	1587	OK
1992	     0	67.2	123.9	1572	OK
1993	     0	68.4	125.7	1573	OK
1994	     0	67.3	120.1	1606	OK
1995	     0	67.6	124.5	1601	OK
1996	     0	67.1	118.9	1624	OK
1997	     0	67.1	125.3	1595	OK
1998	     0	68.1	121.6	1587	OK
1999	     0	67.3	120.7	1608	OK
2000	     0	66.4	121.6	1607	OK
2001	     0	66.8	119.8	1615	OK
2002	     0	68.6	124.9	1568	OK
2003	     0	68.8	124.7	1599	OK
2004	     0	68.5	127.0	1585	OK
2005	     0	67.9	121.6	1597	OK
2006	     0	68.6	124.0	1556	OK
2007	     0	67.4	118.5	1619	OK
2008	     0	65.8	118.4	1582	OK
2009	     0	66.1	118.3	1597	OK
2010	     0	67.9	118.8	1589	OK
2011	     0	68.8	121.9	1574	OK
2012	     0	66.4	118.4	1611	OK
2013	     0	65.4	118.4	1632	OK
2014	     0	66.3	118.4	1600	OK
2015	     0	68.7	125.2	1571	OK
2016	     0	65.6	117.6	1620	OK
2017	     0	66.8	121.0	1611	OK
2018	     0	65.7	116.9	1597	OK
2019	     0	68.6	126.9	1572	OK
2020	     0	66.0	118.4	1589	OK
2021	     0	66.6	116.9	1617	OK
2022	     0	65.2	116.7	1603	OK
2023	     0	66.6	122.4	1577	OK
2024	     0	65.5	116.1	1596	OK
2025	     0	66.7	123.4	1584	OK
2026	     0	66.1	117.2	1614	OK
2027	     0	66.5	121.2	1582	OK
2028	     0	67.6	123.5	1582	OK
2029	     0	65.5	119.3	1579	OK
2030	     0	66.2	118.7	1605	OK
2031	     0	66.4	120.2	1592	OK
2032	     0	69.1	121.8	1607	OK
2033	     0	65.4	116.6	1593	OK
2034	     0	67.3	119.0	1616	OK
2035	     0	67.2	127.2	1572	OK
2036	     0	65.9	123.4	1572	OK
2037	     0	67.6	120.1	1593	OK
2038	     0	66.2	121.0	1548	OK
2039	     0	66.3	120.1	1593	OK
2040	     0	66.7	122.8	1552	OK
2041	     0	65.4	119.8	1573	OK
2042	     0	66.3	118.2	1598	OK
2043	     0	67.6	123.7	1581	OK
2044	     0	65.7	119.0	1615	OK
2045	     0	65.9	118.1	1636	OK
2046	     0	66.3	118.3	1590	OK
2047	     0	68.7	127.0	1603	OK
