#chan	code	gain	vt50	innse	comment
   0	     0	67.8	119.8	1386	OK
   1	     0	70.0	122.1	1384	OK
   2	     0	66.0	118.1	1396	OK
   3	     0	66.5	118.2	1401	OK
   4	     0	66.6	118.1	1406	OK
   5	     0	65.8	115.9	1380	OK
   6	     0	66.4	114.8	1411	OK
   7	     0	66.2	115.3	1407	OK
   8	     0	65.8	116.4	1398	OK
   9	     0	66.1	116.7	1422	OK
  10	     0	66.5	116.1	1389	OK
  11	     0	67.5	116.3	1412	OK
  12	     0	68.1	117.3	1404	OK
  13	     0	67.6	117.4	1399	OK
  14	     0	68.3	120.8	1381	OK
  15	     0	66.0	116.4	1373	OK
  16	     0	64.7	117.6	1399	OK
  17	     0	65.8	116.6	1391	OK
  18	     0	64.9	115.4	1392	OK
  19	     0	67.5	114.4	1392	OK
  20	     0	67.0	117.4	1411	OK
  21	     0	66.8	121.9	1394	OK
  22	     0	66.0	119.1	1407	OK
  23	     0	67.2	118.1	1402	OK
  24	     0	66.4	117.5	1396	OK
  25	     0	68.3	122.7	1408	OK
  26	     0	66.2	119.0	1397	OK
  27	     0	66.7	118.6	1402	OK
  28	     0	66.8	118.7	1402	OK
  29	     0	66.8	121.8	1384	OK
  30	     0	65.7	114.6	1417	OK
  31	     0	67.3	121.5	1413	OK
  32	     0	65.2	114.6	1431	OK
  33	     0	68.9	119.1	1393	OK
  34	     0	66.9	121.0	1430	OK
  35	     0	69.6	122.7	1417	OK
  36	     0	68.0	120.3	1382	OK
  37	     0	67.4	121.1	1398	OK
  38	     0	65.8	115.8	1395	OK
  39	     0	66.2	120.2	1383	OK
  40	     0	65.7	114.7	1398	OK
  41	     0	65.8	118.4	1380	OK
  42	     0	66.1	119.0	1431	OK
  43	     0	65.2	115.9	1392	OK
  44	     0	65.7	115.6	1399	OK
  45	     0	66.3	119.4	1377	OK
  46	     0	65.3	114.9	1365	OK
  47	     0	66.3	119.0	1435	OK
  48	     0	67.7	120.3	1398	OK
  49	     0	67.1	120.7	1415	OK
  50	     0	67.1	116.8	1426	OK
  51	     0	66.1	117.3	1405	OK
  52	     0	68.9	123.3	1399	OK
  53	     0	67.1	119.9	1410	OK
  54	     0	64.7	116.2	1410	OK
  55	     0	65.9	115.0	1413	OK
  56	     0	66.3	117.0	1407	OK
  57	     0	67.8	119.5	1424	OK
  58	     0	65.9	117.6	1410	OK
  59	     0	68.3	121.2	1410	OK
  60	     0	67.2	119.0	1413	OK
  61	     0	66.3	118.5	1421	OK
  62	     0	69.9	124.8	1404	OK
  63	     0	70.7	123.4	1417	OK
  64	     0	68.8	122.0	1423	OK
  65	     0	70.0	122.4	1407	OK
  66	     0	65.9	117.8	1413	OK
  67	     0	67.8	120.4	1433	OK
  68	     0	67.6	119.2	1426	OK
  69	     0	67.4	118.6	1416	OK
  70	     0	65.9	118.2	1399	OK
  71	     0	67.4	120.0	1396	OK
  72	     0	66.5	118.1	1431	OK
  73	     0	65.0	116.4	1405	OK
  74	     0	65.8	115.7	1433	OK
  75	     0	67.3	118.4	1402	OK
  76	     0	66.4	121.2	1402	OK
  77	     0	65.6	118.0	1405	OK
  78	     0	67.0	118.6	1428	OK
  79	     0	68.2	120.6	1445	OK
  80	     0	66.8	120.0	1397	OK
  81	     0	67.1	118.0	1413	OK
  82	     0	67.1	118.3	1421	OK
  83	     0	65.8	115.8	1414	OK
  84	     0	68.2	122.0	1414	OK
  85	     0	65.3	116.1	1411	OK
  86	     0	68.2	119.3	1400	OK
  87	     0	65.3	115.1	1402	OK
  88	     0	65.7	114.4	1416	OK
  89	     0	65.2	117.6	1413	OK
  90	     0	66.9	120.5	1420	OK
  91	     0	66.6	117.0	1399	OK
  92	     0	67.3	118.4	1453	OK
  93	     0	64.9	114.0	1399	OK
  94	     0	65.0	115.5	1431	OK
  95	     0	65.1	114.8	1393	OK
  96	     0	68.1	119.1	1418	OK
  97	     0	65.7	116.6	1421	OK
  98	     0	68.9	121.4	1420	OK
  99	     0	67.4	116.2	1396	OK
 100	     0	65.8	117.4	1446	OK
 101	     0	64.9	117.2	1404	OK
 102	     0	66.9	118.3	1419	OK
 103	     0	66.4	115.6	1413	OK
 104	     0	66.9	118.2	1420	OK
 105	     0	66.1	115.8	1409	OK
 106	     0	65.7	114.1	1427	OK
 107	     0	66.7	115.9	1417	OK
 108	     0	67.5	121.0	1440	OK
 109	     0	65.7	115.8	1401	OK
 110	     0	67.7	119.7	1432	OK
 111	     0	66.9	114.7	1431	OK
 112	     0	66.7	117.1	1435	OK
 113	     0	68.0	118.9	1410	OK
 114	     0	66.2	120.8	1447	OK
 115	     0	66.9	118.0	1418	OK
 116	     0	66.7	119.3	1414	OK
 117	     0	67.1	117.6	1429	OK
 118	     0	66.3	119.0	1420	OK
 119	     0	65.9	117.6	1437	OK
 120	     0	67.4	118.7	1425	OK
 121	     0	67.9	117.2	1411	OK
 122	     0	66.4	115.4	1423	OK
 123	     0	66.3	115.9	1437	OK
 124	     0	68.9	119.7	1431	OK
 125	     0	66.9	115.3	1450	OK
 126	     0	68.4	120.4	1479	OK
 127	  4000	70.9	118.3	1551	high noise
 128	     0	68.2	120.8	1417	OK
 129	     0	67.0	119.5	1405	OK
 130	     0	65.8	117.9	1418	OK
 131	     0	67.9	125.0	1409	OK
 132	     0	65.3	117.0	1383	OK
 133	     0	67.7	120.1	1422	OK
 134	     0	65.8	119.2	1406	OK
 135	     0	68.1	119.0	1425	OK
 136	     0	65.7	115.4	1403	OK
 137	     0	67.1	121.8	1387	OK
 138	     0	65.4	118.2	1392	OK
 139	     0	65.2	118.0	1391	OK
 140	     0	65.6	115.5	1391	OK
 141	     0	65.4	115.7	1412	OK
 142	     0	64.2	115.6	1391	OK
 143	     0	64.1	115.9	1404	OK
 144	     0	66.3	117.2	1391	OK
 145	     0	65.6	117.6	1389	OK
 146	     0	66.0	118.3	1432	OK
 147	     0	67.0	118.6	1405	OK
 148	     0	67.4	118.2	1410	OK
 149	     0	67.4	121.6	1424	OK
 150	     0	66.6	118.6	1383	OK
 151	     0	64.2	116.1	1403	OK
 152	     0	64.8	116.3	1395	OK
 153	     0	67.0	118.2	1389	OK
 154	     0	68.2	120.7	1422	OK
 155	     0	66.1	120.0	1401	OK
 156	     0	63.9	114.2	1410	OK
 157	     0	64.2	113.0	1423	OK
 158	     0	65.7	113.3	1413	OK
 159	     0	66.0	115.9	1415	OK
 160	     0	63.7	116.1	1405	OK
 161	     0	67.9	119.0	1407	OK
 162	     0	65.0	114.2	1418	OK
 163	     0	65.3	118.6	1415	OK
 164	     0	66.0	117.9	1424	OK
 165	     0	64.9	119.3	1393	OK
 166	     0	65.1	118.2	1399	OK
 167	     0	65.0	116.4	1418	OK
 168	     0	66.3	119.0	1384	OK
 169	     0	67.5	120.5	1403	OK
 170	     0	65.6	114.9	1428	OK
 171	     0	66.8	119.1	1395	OK
 172	     0	65.5	119.0	1390	OK
 173	     0	66.8	120.5	1400	OK
 174	     0	66.5	118.0	1426	OK
 175	     0	67.2	118.1	1401	OK
 176	     0	64.7	117.1	1383	OK
 177	     0	66.5	121.2	1438	OK
 178	     0	65.8	116.6	1394	OK
 179	     0	68.3	120.3	1430	OK
 180	     0	67.5	118.1	1426	OK
 181	     0	66.7	119.2	1389	OK
 182	     0	64.6	114.9	1414	OK
 183	     0	66.9	119.9	1399	OK
 184	     0	68.9	122.5	1414	OK
 185	     0	66.9	118.1	1401	OK
 186	     0	66.3	114.4	1399	OK
 187	     0	66.0	116.1	1419	OK
 188	     0	66.1	118.5	1393	OK
 189	     0	66.9	119.2	1409	OK
 190	     0	65.8	118.9	1396	OK
 191	     0	67.1	120.8	1413	OK
 192	     0	65.5	119.3	1407	OK
 193	     0	66.7	118.3	1408	OK
 194	     0	65.1	119.0	1395	OK
 195	     0	67.7	119.2	1394	OK
 196	     0	65.4	113.8	1388	OK
 197	     0	66.0	115.4	1412	OK
 198	     0	63.3	114.0	1411	OK
 199	     0	66.5	118.4	1422	OK
 200	     0	64.1	113.5	1405	OK
 201	     0	66.3	116.8	1397	OK
 202	     0	63.3	114.6	1396	OK
 203	     0	65.9	117.7	1407	OK
 204	     0	63.1	111.0	1423	OK
 205	     0	64.8	113.0	1409	OK
 206	     0	63.8	113.8	1444	OK
 207	     0	62.8	111.9	1389	OK
 208	     0	65.1	116.8	1403	OK
 209	     0	63.2	112.8	1394	OK
 210	     0	62.8	113.2	1388	OK
 211	     0	65.4	118.4	1397	OK
 212	     0	64.9	117.0	1421	OK
 213	     0	63.4	114.4	1398	OK
 214	     0	63.9	114.1	1389	OK
 215	     0	63.0	114.9	1395	OK
 216	     0	64.8	115.8	1400	OK
 217	     0	66.4	117.1	1424	OK
 218	     0	64.7	114.3	1370	OK
 219	     0	65.0	117.9	1418	OK
 220	     0	64.2	115.9	1413	OK
 221	     0	65.1	119.3	1404	OK
 222	     0	62.5	116.0	1377	OK
 223	     0	64.1	112.2	1405	OK
 224	     0	66.5	120.0	1407	OK
 225	     0	65.4	117.6	1391	OK
 226	     0	65.3	118.5	1406	OK
 227	     0	65.6	118.0	1392	OK
 228	     0	66.4	118.6	1398	OK
 229	     0	67.0	117.0	1390	OK
 230	     0	62.9	114.0	1397	OK
 231	     0	65.2	114.5	1415	OK
 232	     0	64.2	115.9	1396	OK
 233	     0	63.7	113.8	1405	OK
 234	     0	64.1	116.6	1405	OK
 235	     0	65.9	117.4	1405	OK
 236	     0	66.0	116.0	1388	OK
 237	     0	65.6	112.4	1413	OK
 238	     0	64.6	116.5	1404	OK
 239	     0	65.7	117.3	1364	OK
 240	     0	65.2	115.2	1383	OK
 241	     0	63.1	111.4	1414	OK
 242	     0	63.4	115.4	1397	OK
 243	     0	64.3	116.1	1396	OK
 244	     0	67.6	120.8	1400	OK
 245	     0	63.6	113.2	1397	OK
 246	     0	64.7	115.8	1373	OK
 247	     0	65.0	116.4	1399	OK
 248	     0	63.6	114.9	1390	OK
 249	     0	60.8	106.4	1385	OK
 250	     0	64.0	113.7	1372	OK
 251	     0	64.0	113.5	1388	OK
 252	     0	64.8	114.1	1418	OK
 253	     0	64.7	113.1	1378	OK
 254	     0	64.7	116.7	1394	OK
 255	     0	64.9	120.1	1387	OK
 256	     0	71.9	125.9	1411	OK
 257	     0	70.1	128.5	1412	OK
 258	     0	68.6	122.5	1411	OK
 259	     0	71.1	126.4	1415	OK
 260	     0	71.5	125.5	1412	OK
 261	     0	70.9	128.3	1416	OK
 262	     0	69.0	126.0	1456	OK
 263	     0	68.4	154.5	1469	OK
 264	     0	67.6	121.0	1419	OK
 265	     0	70.1	124.4	1426	OK
 266	     0	71.0	125.2	1454	OK
 267	     0	69.6	121.1	1465	OK
 268	     0	69.7	121.5	1444	OK
 269	     0	68.8	125.3	1440	OK
 270	     0	70.2	130.4	1443	OK
 271	     0	71.1	125.1	1438	OK
 272	     0	69.5	124.5	1417	OK
 273	     0	68.8	125.9	1420	OK
 274	     0	67.7	119.0	1417	OK
 275	     0	68.3	124.5	1435	OK
 276	     0	68.3	122.9	1435	OK
 277	     0	68.1	122.4	1420	OK
 278	     0	68.7	125.1	1420	OK
 279	     0	68.6	124.2	1421	OK
 280	     0	69.2	123.6	1398	OK
 281	     0	71.8	126.9	1420	OK
 282	     0	69.3	121.0	1428	OK
 283	     0	68.5	123.4	1386	OK
 284	     0	70.1	126.8	1401	OK
 285	     0	68.4	121.9	1401	OK
 286	     0	68.6	121.0	1419	OK
 287	     0	67.0	119.6	1427	OK
 288	     0	69.3	124.2	1431	OK
 289	     0	69.0	121.1	1427	OK
 290	     0	71.4	126.5	1417	OK
 291	     0	67.7	119.2	1408	OK
 292	     0	68.8	121.5	1430	OK
 293	     0	69.5	121.4	1415	OK
 294	     0	69.7	124.5	1405	OK
 295	     0	68.2	120.1	1426	OK
 296	     0	67.4	120.8	1416	OK
 297	     0	69.0	121.2	1423	OK
 298	     0	68.9	120.4	1427	OK
 299	     0	68.8	123.6	1406	OK
 300	     0	69.3	124.1	1438	OK
 301	     0	70.0	125.3	1441	OK
 302	     0	69.0	121.3	1424	OK
 303	     0	68.6	122.4	1432	OK
 304	     0	68.5	124.0	1395	OK
 305	     0	68.0	119.3	1402	OK
 306	     0	69.1	122.8	1436	OK
 307	     0	67.1	118.1	1419	OK
 308	     0	67.8	122.5	1442	OK
 309	     0	68.7	122.5	1419	OK
 310	     0	68.1	118.8	1434	OK
 311	     0	69.0	122.9	1425	OK
 312	     0	69.1	121.5	1434	OK
 313	     0	69.5	125.8	1416	OK
 314	     0	70.5	122.4	1410	OK
 315	     0	68.8	122.7	1406	OK
 316	     0	70.3	123.5	1437	OK
 317	     0	71.5	126.1	1433	OK
 318	     0	70.6	126.0	1434	OK
 319	     0	70.8	126.6	1439	OK
 320	     0	72.7	128.0	1448	OK
 321	     0	73.3	128.2	1449	OK
 322	     0	70.0	121.7	1425	OK
 323	     0	70.0	124.5	1457	OK
 324	     0	71.2	124.7	1457	OK
 325	     0	69.7	122.1	1432	OK
 326	     0	68.7	124.1	1429	OK
 327	     0	71.2	124.4	1448	OK
 328	     0	68.7	119.6	1465	OK
 329	     0	68.8	122.2	1450	OK
 330	     0	69.3	124.7	1446	OK
 331	     0	65.5	118.6	1427	OK
 332	     0	69.0	134.8	1459	OK
 333	     0	67.4	121.8	1456	OK
 334	     0	67.0	119.6	1414	OK
 335	     0	69.4	124.0	1441	OK
 336	     0	69.3	123.4	1443	OK
 337	     0	68.3	121.3	1461	OK
 338	     0	66.6	117.1	1446	OK
 339	     0	68.2	124.3	1455	OK
 340	     0	69.0	124.3	1440	OK
 341	     0	69.5	121.4	1474	OK
 342	     0	68.8	119.4	1476	OK
 343	     0	66.9	118.9	1495	OK
 344	     0	69.0	121.9	1492	OK
 345	     0	68.9	122.2	1505	OK
 346	     0	68.4	121.5	1498	OK
 347	     0	68.9	123.7	1519	OK
 348	     0	68.3	122.8	1517	OK
 349	     0	69.0	120.9	1529	OK
 350	     0	65.8	116.1	1520	OK
 351	     0	68.4	121.7	1545	OK
 352	     0	68.4	119.4	1548	OK
 353	     0	68.0	118.7	1512	OK
 354	     0	67.4	119.1	1511	OK
 355	     0	67.3	118.2	1503	OK
 356	     0	68.4	121.7	1513	OK
 357	     0	67.5	118.7	1504	OK
 358	     0	69.8	122.8	1492	OK
 359	     0	67.8	118.2	1480	OK
 360	     0	69.7	139.4	1476	OK
 361	     0	68.9	120.4	1472	OK
 362	     0	66.7	116.9	1445	OK
 363	     0	68.2	120.0	1457	OK
 364	     0	67.5	116.9	1464	OK
 365	     0	68.8	121.7	1446	OK
 366	     0	66.8	117.6	1468	OK
 367	     0	68.6	122.5	1456	OK
 368	     0	66.6	117.4	1428	OK
 369	     0	68.1	120.7	1447	OK
 370	     0	65.8	118.7	1474	OK
 371	     0	69.5	121.8	1444	OK
 372	     0	68.1	118.7	1434	OK
 373	     0	68.6	120.6	1423	OK
 374	     0	68.5	121.7	1431	OK
 375	     0	68.8	121.2	1414	OK
 376	     0	70.0	125.2	1422	OK
 377	     0	67.1	117.8	1412	OK
 378	     0	69.4	122.7	1414	OK
 379	     0	69.9	123.2	1426	OK
 380	     0	70.8	128.6	1391	OK
 381	     0	70.0	123.4	1393	OK
 382	     0	70.8	123.9	1396	OK
 383	     0	70.3	123.5	1395	OK
 384	     0	71.6	127.4	1419	OK
 385	     0	72.4	131.5	1393	OK
 386	     0	72.1	131.2	1424	OK
 387	     0	69.5	126.2	1431	OK
 388	     0	66.1	118.7	1404	OK
 389	     0	69.0	119.5	1394	OK
 390	     0	66.5	118.2	1413	OK
 391	     0	67.8	122.0	1437	OK
 392	     0	67.2	122.7	1407	OK
 393	     0	68.4	125.1	1418	OK
 394	     0	68.6	123.7	1409	OK
 395	     0	72.6	128.4	1399	OK
 396	     0	68.2	124.9	1406	OK
 397	     0	67.5	124.7	1399	OK
 398	     0	71.1	127.1	1401	OK
 399	     0	68.2	123.6	1389	OK
 400	     0	71.2	127.6	1392	OK
 401	     0	70.3	129.0	1391	OK
 402	     0	70.3	123.3	1388	OK
 403	     0	68.6	123.8	1402	OK
 404	     0	69.6	124.8	1370	OK
 405	     0	68.8	122.4	1354	OK
 406	     0	70.6	125.4	1376	OK
 407	     0	69.0	123.7	1345	OK
 408	     0	69.1	124.2	1321	OK
 409	     0	69.3	126.7	1360	OK
 410	     0	67.1	120.9	1371	OK
 411	     0	68.2	119.9	1343	OK
 412	     0	69.5	124.4	1340	OK
 413	     0	69.2	123.5	1317	OK
 414	     0	69.4	122.9	1331	OK
 415	     0	67.1	120.8	1316	OK
 416	     0	67.6	119.7	1316	OK
 417	     0	67.7	122.5	1311	OK
 418	     0	69.1	124.6	1289	OK
 419	     0	66.7	118.1	1324	OK
 420	     0	66.7	120.0	1295	OK
 421	     0	68.6	123.4	1315	OK
 422	     0	67.1	120.9	1283	OK
 423	     0	67.9	119.4	1298	OK
 424	     0	70.7	125.6	1306	OK
 425	     0	68.5	123.0	1282	OK
 426	     0	68.9	123.9	1275	OK
 427	     0	67.2	120.3	1301	OK
 428	     0	68.5	120.4	1262	OK
 429	     0	67.8	121.9	1283	OK
 430	     0	69.8	123.6	1299	OK
 431	     0	68.1	121.0	1267	OK
 432	     0	68.9	123.5	1290	OK
 433	     0	67.7	122.6	1283	OK
 434	     0	69.9	127.1	1307	OK
 435	     0	68.6	122.6	1279	OK
 436	     0	68.5	121.3	1263	OK
 437	     0	68.6	124.5	1285	OK
 438	     0	67.2	121.2	1277	OK
 439	     0	68.4	124.1	1290	OK
 440	     0	68.7	122.5	1274	OK
 441	     0	71.5	128.5	1292	OK
 442	     0	67.0	121.9	1261	OK
 443	     0	67.0	121.5	1251	OK
 444	     0	71.0	127.2	1301	OK
 445	     0	71.3	128.2	1302	OK
 446	     0	69.8	125.6	1294	OK
 447	     0	72.0	129.7	1266	OK
 448	     0	69.9	126.2	1263	OK
 449	     0	68.5	123.1	1276	OK
 450	     0	67.5	124.9	1290	OK
 451	     0	67.1	121.3	1295	OK
 452	     0	65.3	118.3	1244	OK
 453	     0	70.0	126.5	1306	OK
 454	     0	66.3	119.4	1285	OK
 455	     0	66.8	122.7	1300	OK
 456	     0	69.2	121.6	1265	OK
 457	     0	67.1	121.9	1288	OK
 458	     0	67.1	122.9	1313	OK
 459	     0	68.6	123.9	1302	OK
 460	     0	69.2	124.5	1322	OK
 461	     0	67.2	121.5	1309	OK
 462	     0	66.0	119.4	1328	OK
 463	     0	66.8	122.3	1320	OK
 464	     0	67.7	125.2	1357	OK
 465	     0	68.7	125.4	1341	OK
 466	     0	67.8	121.2	1372	OK
 467	     0	67.9	120.9	1412	OK
 468	     0	66.4	122.7	1437	OK
 469	  4000	67.9	131.5	1465	high noise
 470	  4000	65.6	115.8	1458	high noise
 471	  4000	65.3	117.3	1493	high noise
 472	  4000	65.3	121.5	1490	high noise
 473	  4000	64.8	116.3	1517	high noise
 474	  4000	65.8	121.3	1511	high noise
 475	  4000	66.0	119.1	1508	high noise
 476	  4000	64.1	118.3	1535	high noise
 477	  4000	68.3	124.9	1557	high noise
 478	  4000	67.0	123.7	1476	high noise
 479	  4000	65.6	119.8	1490	high noise
 480	  4000	67.7	121.7	1449	high noise
 481	  4000	66.6	121.6	1464	high noise
 482	  4000	66.0	121.5	1479	high noise
 483	  4000	63.8	118.4	1456	high noise
 484	     0	64.6	115.7	1439	OK
 485	     0	65.5	120.0	1436	OK
 486	     0	66.6	122.2	1416	OK
 487	     0	65.3	118.9	1402	OK
 488	     0	67.3	123.4	1383	OK
 489	     0	65.9	117.0	1381	OK
 490	     0	66.7	121.6	1361	OK
 491	     0	65.7	116.1	1371	OK
 492	     0	62.9	113.8	1361	OK
 493	     0	66.6	121.0	1378	OK
 494	     0	65.9	119.5	1354	OK
 495	     0	65.5	121.0	1377	OK
 496	     0	68.3	122.0	1383	OK
 497	     0	65.9	120.1	1350	OK
 498	     0	66.3	119.0	1370	OK
 499	     0	65.1	117.1	1370	OK
 500	     0	63.7	115.2	1369	OK
 501	     0	64.1	115.8	1360	OK
 502	     0	65.0	116.5	1372	OK
 503	     0	65.7	125.0	1356	OK
 504	     0	65.1	116.0	1346	OK
 505	     0	65.5	119.2	1345	OK
 506	     0	66.1	122.5	1337	OK
 507	     0	64.9	118.0	1359	OK
 508	     0	65.1	117.4	1337	OK
 509	     0	65.1	117.3	1338	OK
 510	     0	65.3	118.8	1348	OK
 511	     0	67.1	123.1	1367	OK
 512	     0	68.7	124.3	1376	OK
 513	     0	68.0	121.8	1350	OK
 514	     0	67.7	120.1	1367	OK
 515	     0	67.3	120.6	1386	OK
 516	     0	67.1	119.5	1376	OK
 517	     0	67.1	121.7	1360	OK
 518	     0	66.6	118.7	1357	OK
 519	     0	67.3	121.6	1367	OK
 520	     0	68.0	121.0	1363	OK
 521	     0	65.9	117.1	1382	OK
 522	     0	69.4	124.3	1356	OK
 523	     0	67.9	122.8	1395	OK
 524	     0	65.6	116.3	1363	OK
 525	     0	66.5	119.1	1356	OK
 526	     0	65.4	118.8	1385	OK
 527	     0	65.8	116.7	1387	OK
 528	     0	67.5	122.6	1354	OK
 529	     0	67.1	122.2	1380	OK
 530	     0	68.2	120.4	1378	OK
 531	     0	65.8	117.8	1380	OK
 532	     0	67.5	122.6	1362	OK
 533	     0	67.7	120.3	1372	OK
 534	     0	66.1	119.0	1364	OK
 535	     0	65.8	119.4	1354	OK
 536	     0	68.8	123.1	1382	OK
 537	     0	67.8	122.1	1386	OK
 538	     0	67.0	121.7	1361	OK
 539	     0	68.7	122.8	1388	OK
 540	     0	67.1	117.5	1369	OK
 541	     0	65.5	117.1	1375	OK
 542	     0	68.7	121.0	1379	OK
 543	     0	67.3	121.6	1360	OK
 544	     0	66.2	121.1	1384	OK
 545	     0	65.9	117.8	1378	OK
 546	     0	66.0	118.5	1351	OK
 547	     0	66.5	122.0	1371	OK
 548	     0	66.5	116.8	1388	OK
 549	     0	66.4	118.7	1357	OK
 550	     0	66.9	124.3	1339	OK
 551	     0	65.3	120.2	1385	OK
 552	     0	69.1	122.9	1376	OK
 553	     0	68.6	123.8	1361	OK
 554	     0	66.9	119.9	1348	OK
 555	     0	68.3	124.1	1377	OK
 556	     0	65.8	120.5	1352	OK
 557	     0	67.6	119.6	1347	OK
 558	     0	68.5	123.9	1369	OK
 559	     0	68.0	121.0	1367	OK
 560	     0	67.4	123.7	1366	OK
 561	     0	67.9	123.3	1364	OK
 562	     0	67.9	123.5	1344	OK
 563	     0	67.1	120.4	1377	OK
 564	     0	69.8	123.3	1337	OK
 565	     0	68.6	124.5	1358	OK
 566	     0	69.8	126.5	1371	OK
 567	     0	66.7	121.5	1360	OK
 568	     0	68.4	121.9	1363	OK
 569	     0	67.3	120.8	1358	OK
 570	     0	67.4	121.3	1360	OK
 571	     0	70.7	125.8	1383	OK
 572	     0	68.1	123.2	1363	OK
 573	     0	69.6	129.5	1331	OK
 574	     0	69.6	125.4	1375	OK
 575	     0	71.7	128.9	1360	OK
 576	     0	69.0	124.4	1356	OK
 577	     0	66.7	118.8	1367	OK
 578	     0	67.0	120.1	1364	OK
 579	     0	67.5	121.5	1344	OK
 580	     0	68.4	120.9	1351	OK
 581	     0	69.1	124.3	1345	OK
 582	     0	66.6	119.9	1338	OK
 583	     0	67.4	121.1	1354	OK
 584	     0	65.1	121.4	1373	OK
 585	     0	65.3	114.8	1347	OK
 586	     0	68.0	123.3	1355	OK
 587	     0	66.8	120.7	1341	OK
 588	     0	64.3	115.5	1364	OK
 589	     0	64.7	117.2	1356	OK
 590	     0	66.7	124.2	1368	OK
 591	     0	66.5	118.7	1356	OK
 592	     0	67.3	123.5	1357	OK
 593	     0	66.8	121.3	1389	OK
 594	     0	66.2	121.6	1370	OK
 595	     0	68.8	121.6	1362	OK
 596	     0	67.2	120.1	1373	OK
 597	     0	66.2	117.8	1371	OK
 598	     0	64.8	118.1	1393	OK
 599	     0	67.9	121.7	1373	OK
 600	     0	66.9	124.1	1386	OK
 601	     0	68.9	123.0	1372	OK
 602	     0	66.2	119.2	1404	OK
 603	     0	66.4	122.0	1351	OK
 604	     0	67.4	120.3	1385	OK
 605	     0	67.6	122.3	1402	OK
 606	     0	63.6	117.6	1398	OK
 607	     0	67.8	124.0	1396	OK
 608	     0	66.2	117.8	1401	OK
 609	     0	65.3	119.3	1376	OK
 610	     0	65.8	118.8	1400	OK
 611	     0	66.8	119.9	1383	OK
 612	     0	67.7	124.7	1417	OK
 613	     0	66.5	117.5	1419	OK
 614	     0	67.4	125.7	1394	OK
 615	     0	68.9	125.8	1404	OK
 616	     0	65.6	117.3	1386	OK
 617	     0	67.6	121.3	1395	OK
 618	     0	68.1	123.8	1398	OK
 619	     0	69.7	125.6	1409	OK
 620	     0	67.0	119.7	1428	OK
 621	     0	70.1	130.0	1391	OK
 622	     0	67.6	122.0	1412	OK
 623	     0	65.9	120.5	1408	OK
 624	     0	65.4	117.6	1424	OK
 625	     0	68.5	122.9	1436	OK
 626	     0	64.8	108.0	1431	OK
 627	     0	67.5	121.7	1431	OK
 628	     0	66.2	122.1	1425	OK
 629	     0	66.8	120.8	1454	OK
 630	     0	69.3	123.7	1424	OK
 631	     0	66.8	121.1	1429	OK
 632	     0	66.2	120.6	1423	OK
 633	     0	67.9	119.3	1401	OK
 634	     0	67.1	124.1	1396	OK
 635	     0	65.9	118.3	1419	OK
 636	     0	73.0	132.5	1408	OK
 637	     0	69.3	124.3	1427	OK
 638	     0	68.0	125.7	1386	OK
 639	     0	69.2	124.9	1433	OK
 640	     0	69.3	121.8	1328	OK
 641	     0	67.8	122.4	1299	OK
 642	     0	68.6	123.1	1330	OK
 643	     0	67.5	120.0	1342	OK
 644	     0	69.1	123.0	1336	OK
 645	     0	67.9	120.6	1311	OK
 646	     0	67.2	120.2	1323	OK
 647	     0	67.5	119.6	1320	OK
 648	     0	67.4	119.9	1300	OK
 649	     0	68.3	121.1	1311	OK
 650	     0	65.9	116.8	1315	OK
 651	     0	68.6	123.5	1300	OK
 652	     0	67.6	120.5	1304	OK
 653	     0	71.7	127.3	1286	OK
 654	     0	69.5	123.6	1321	OK
 655	     0	68.3	122.1	1293	OK
 656	     0	69.3	124.1	1294	OK
 657	     0	68.3	123.7	1295	OK
 658	     0	70.7	125.5	1281	OK
 659	     0	66.6	117.9	1261	OK
 660	     0	70.7	124.5	1303	OK
 661	     0	68.9	123.9	1339	OK
 662	     0	70.5	123.1	1303	OK
 663	     0	70.1	124.1	1351	OK
 664	     0	68.1	122.0	1311	OK
 665	     0	68.0	120.2	1300	OK
 666	     0	68.3	129.9	1325	OK
 667	     0	70.2	124.4	1296	OK
 668	     0	71.0	126.1	1290	OK
 669	     0	69.0	124.2	1303	OK
 670	     0	68.8	122.9	1303	OK
 671	     0	69.9	125.0	1294	OK
 672	     0	66.7	119.9	1316	OK
 673	     0	68.9	124.0	1280	OK
 674	     0	66.8	121.6	1276	OK
 675	     0	67.3	120.7	1291	OK
 676	     0	67.7	121.0	1303	OK
 677	     0	66.5	117.9	1299	OK
 678	     0	67.1	122.7	1288	OK
 679	     0	68.4	122.0	1275	OK
 680	     0	69.8	125.8	1301	OK
 681	     0	69.5	125.8	1298	OK
 682	     0	66.9	119.0	1303	OK
 683	     0	68.9	121.8	1326	OK
 684	     0	69.9	122.3	1296	OK
 685	     0	68.9	124.2	1325	OK
 686	     0	68.2	121.9	1333	OK
 687	     0	69.5	124.6	1331	OK
 688	     0	67.1	121.6	1301	OK
 689	     0	67.4	116.7	1310	OK
 690	     0	69.1	121.8	1325	OK
 691	     0	68.8	125.2	1297	OK
 692	     0	66.9	118.1	1312	OK
 693	     0	67.9	120.2	1318	OK
 694	     0	68.1	121.2	1294	OK
 695	     0	68.3	121.2	1319	OK
 696	     0	68.5	120.8	1318	OK
 697	     0	66.9	117.4	1309	OK
 698	     0	68.1	120.2	1346	OK
 699	     0	68.2	120.2	1317	OK
 700	     0	69.3	123.7	1298	OK
 701	     0	67.3	120.9	1328	OK
 702	     0	70.8	126.0	1305	OK
 703	     0	70.5	124.1	1314	OK
 704	     0	73.2	131.7	1305	OK
 705	     0	71.3	125.9	1349	OK
 706	     0	70.0	126.8	1325	OK
 707	     0	68.2	120.2	1338	OK
 708	     0	71.0	125.3	1340	OK
 709	     0	70.2	124.6	1359	OK
 710	     0	70.0	126.3	1343	OK
 711	     0	72.2	126.8	1324	OK
 712	     0	71.8	125.0	1322	OK
 713	     0	69.8	124.3	1318	OK
 714	     0	69.1	125.4	1329	OK
 715	     0	67.9	125.2	1305	OK
 716	     0	70.6	121.6	1332	OK
 717	     0	69.2	122.1	1311	OK
 718	     0	71.4	125.0	1316	OK
 719	     0	68.2	120.8	1325	OK
 720	     0	70.2	125.6	1357	OK
 721	     0	68.7	124.0	1369	OK
 722	     0	70.7	126.9	1335	OK
 723	     0	71.1	124.3	1333	OK
 724	     0	70.8	127.0	1329	OK
 725	     0	69.8	124.1	1323	OK
 726	     0	68.0	117.8	1316	OK
 727	     0	68.4	123.4	1314	OK
 728	     0	67.5	119.2	1309	OK
 729	     0	69.3	121.9	1345	OK
 730	     0	66.8	117.2	1326	OK
 731	     0	67.8	121.5	1333	OK
 732	     0	69.9	122.5	1326	OK
 733	     0	68.8	130.9	1325	OK
 734	     0	68.3	120.7	1344	OK
 735	     0	68.9	119.9	1324	OK
 736	     0	68.2	121.0	1342	OK
 737	     0	67.4	120.5	1330	OK
 738	     0	67.7	118.9	1332	OK
 739	     0	66.8	119.9	1334	OK
 740	     0	70.7	123.2	1342	OK
 741	     0	69.9	124.6	1312	OK
 742	     0	70.8	125.3	1368	OK
 743	     0	68.6	122.8	1337	OK
 744	     0	69.4	124.6	1345	OK
 745	     0	68.4	121.7	1322	OK
 746	     0	70.0	125.5	1324	OK
 747	     0	70.4	123.2	1347	OK
 748	     0	68.6	122.2	1308	OK
 749	     0	67.6	122.1	1321	OK
 750	     0	67.7	120.6	1338	OK
 751	     0	68.3	122.7	1318	OK
 752	     0	70.6	139.9	1333	OK
 753	     0	67.6	118.5	1320	OK
 754	     0	69.5	123.6	1331	OK
 755	     0	72.2	126.1	1349	OK
 756	     0	70.5	124.9	1319	OK
 757	     0	67.4	119.6	1302	OK
 758	     0	68.6	124.1	1339	OK
 759	     0	70.4	123.5	1350	OK
 760	     0	70.2	121.7	1340	OK
 761	     0	70.6	125.2	1334	OK
 762	     0	70.2	122.3	1345	OK
 763	     0	69.0	121.3	1327	OK
 764	     0	68.9	121.8	1337	OK
 765	     0	72.1	127.6	1345	OK
 766	     0	72.7	130.7	1337	OK
 767	     0	70.0	126.2	1310	OK
 768	     0	71.6	128.6	1328	OK
 769	     0	73.8	137.8	1324	OK
 770	     0	73.6	133.9	1330	OK
 771	     0	72.5	129.2	1327	OK
 772	     0	70.7	127.9	1320	OK
 773	     0	70.6	126.5	1324	OK
 774	     0	71.1	135.8	1309	OK
 775	     0	69.0	125.1	1323	OK
 776	     0	71.1	126.6	1337	OK
 777	     0	69.0	122.3	1297	OK
 778	     0	68.8	124.4	1326	OK
 779	     0	72.9	127.7	1343	OK
 780	     0	69.6	124.1	1335	OK
 781	     0	72.7	130.2	1318	OK
 782	     0	70.5	125.5	1305	OK
 783	     0	71.2	126.7	1314	OK
 784	     0	71.9	127.2	1313	OK
 785	     0	68.2	122.7	1319	OK
 786	     0	69.7	123.4	1324	OK
 787	     0	70.4	123.5	1315	OK
 788	     0	71.5	129.5	1355	OK
 789	     0	71.5	128.8	1302	OK
 790	     0	70.4	126.4	1325	OK
 791	     0	70.6	127.3	1285	OK
 792	     0	71.0	128.7	1297	OK
 793	     0	71.2	126.3	1297	OK
 794	     0	69.5	124.2	1308	OK
 795	     0	70.5	124.8	1302	OK
 796	     0	69.2	126.6	1319	OK
 797	     0	70.6	127.8	1319	OK
 798	     0	69.8	123.4	1294	OK
 799	     0	70.7	129.7	1313	OK
 800	     0	70.8	127.5	1320	OK
 801	     0	70.6	129.6	1323	OK
 802	     0	70.4	127.1	1338	OK
 803	     0	71.5	130.2	1312	OK
 804	     0	69.0	125.1	1332	OK
 805	     0	71.6	128.6	1347	OK
 806	     0	71.0	127.5	1368	OK
 807	     0	68.4	119.8	1331	OK
 808	     0	68.7	125.1	1344	OK
 809	     0	69.0	125.9	1324	OK
 810	     0	68.7	120.9	1341	OK
 811	     0	68.4	124.4	1341	OK
 812	     0	69.2	125.8	1361	OK
 813	     0	68.1	124.0	1338	OK
 814	     0	71.6	126.1	1355	OK
 815	     0	71.1	127.8	1348	OK
 816	     0	67.7	124.0	1340	OK
 817	     0	70.4	123.4	1364	OK
 818	     0	70.8	124.0	1345	OK
 819	     0	69.4	124.3	1367	OK
 820	     0	70.8	124.3	1364	OK
 821	     0	69.3	126.5	1369	OK
 822	     0	67.8	122.2	1347	OK
 823	     0	69.5	121.2	1380	OK
 824	     0	68.2	122.1	1345	OK
 825	     0	69.6	124.6	1351	OK
 826	     0	71.3	124.7	1357	OK
 827	     0	70.5	126.3	1372	OK
 828	     0	71.6	126.3	1368	OK
 829	     0	72.6	130.3	1376	OK
 830	     0	71.3	124.5	1352	OK
 831	     0	71.0	128.9	1369	OK
 832	     0	69.1	123.5	1348	OK
 833	     0	69.2	124.4	1377	OK
 834	     0	69.4	120.7	1357	OK
 835	     0	68.0	124.6	1381	OK
 836	     0	68.9	122.7	1361	OK
 837	     0	68.8	123.4	1369	OK
 838	     0	68.2	121.5	1358	OK
 839	     0	68.0	124.0	1366	OK
 840	     0	66.8	120.0	1374	OK
 841	     0	68.7	123.1	1354	OK
 842	     0	68.7	124.0	1364	OK
 843	     0	67.1	123.5	1399	OK
 844	     0	67.1	117.9	1368	OK
 845	     0	67.5	122.7	1367	OK
 846	     0	67.5	123.3	1361	OK
 847	     0	68.3	125.6	1370	OK
 848	     0	70.1	124.5	1365	OK
 849	     0	69.3	126.9	1364	OK
 850	     0	66.7	118.9	1327	OK
 851	     0	66.4	118.9	1325	OK
 852	     0	69.2	126.8	1367	OK
 853	     0	66.9	119.5	1362	OK
 854	     0	68.0	121.6	1341	OK
 855	     0	68.1	121.3	1367	OK
 856	     0	68.1	123.1	1372	OK
 857	     0	68.0	124.5	1335	OK
 858	     0	68.5	122.6	1364	OK
 859	     0	70.7	126.1	1372	OK
 860	     0	67.9	122.0	1363	OK
 861	     0	67.8	122.9	1365	OK
 862	     0	66.6	124.1	1362	OK
 863	     0	69.0	124.3	1342	OK
 864	     0	67.9	119.3	1355	OK
 865	     0	67.1	122.2	1341	OK
 866	     0	69.8	122.1	1350	OK
 867	     0	69.4	125.0	1364	OK
 868	     0	68.9	126.9	1341	OK
 869	     0	70.2	125.4	1364	OK
 870	     0	70.5	123.7	1354	OK
 871	     0	68.0	121.2	1338	OK
 872	     0	66.8	121.4	1325	OK
 873	     0	68.7	122.3	1326	OK
 874	     0	69.2	123.1	1341	OK
 875	     0	69.2	122.0	1341	OK
 876	     0	69.8	127.0	1337	OK
 877	     0	69.8	125.0	1348	OK
 878	     0	68.9	121.9	1332	OK
 879	     0	68.6	123.8	1332	OK
 880	     0	68.5	125.0	1344	OK
 881	     0	67.9	124.0	1350	OK
 882	     0	66.1	120.9	1338	OK
 883	     0	70.1	125.9	1334	OK
 884	     0	68.0	124.2	1370	OK
 885	     0	67.3	121.4	1349	OK
 886	     0	69.3	123.4	1357	OK
 887	     0	67.3	119.2	1346	OK
 888	     0	69.3	124.5	1321	OK
 889	     0	69.1	123.5	1335	OK
 890	     0	67.4	121.2	1318	OK
 891	     0	69.8	124.0	1344	OK
 892	     0	69.4	120.8	1346	OK
 893	     0	69.7	126.1	1350	OK
 894	     0	71.7	127.0	1352	OK
 895	     0	69.7	125.8	1315	OK
 896	   200	73.7	124.5	1385	high gain
 897	     0	70.2	124.3	1306	OK
 898	     0	69.3	122.9	1277	OK
 899	     0	69.5	126.2	1280	OK
 900	     0	69.3	124.2	1292	OK
 901	     0	67.3	121.5	1313	OK
 902	     0	66.8	121.1	1266	OK
 903	     0	65.7	119.1	1299	OK
 904	     0	67.0	119.7	1304	OK
 905	     0	66.9	120.6	1313	OK
 906	     0	67.8	123.1	1310	OK
 907	     0	67.7	119.3	1283	OK
 908	     0	66.2	118.7	1307	OK
 909	     0	68.3	123.3	1297	OK
 910	     0	68.4	121.4	1326	OK
 911	     0	65.9	116.9	1306	OK
 912	     0	67.0	119.5	1347	OK
 913	     0	65.9	118.7	1324	OK
 914	     0	67.0	119.7	1345	OK
 915	     0	68.6	123.3	1353	OK
 916	     0	69.0	126.0	1331	OK
 917	     0	67.6	120.2	1349	OK
 918	     0	66.4	118.6	1340	OK
 919	     0	66.5	117.6	1381	OK
 920	     0	65.6	119.7	1343	OK
 921	     0	68.3	121.0	1373	OK
 922	     0	66.2	119.7	1356	OK
 923	     0	67.4	120.7	1366	OK
 924	     0	67.1	118.4	1354	OK
 925	     0	68.0	123.1	1350	OK
 926	     0	68.0	122.5	1345	OK
 927	     0	64.7	118.9	1364	OK
 928	     0	66.6	119.9	1354	OK
 929	     0	66.3	116.3	1368	OK
 930	     0	66.0	118.5	1366	OK
 931	     0	67.5	124.3	1377	OK
 932	     0	66.0	119.5	1335	OK
 933	     0	69.2	122.7	1364	OK
 934	     0	67.0	120.0	1357	OK
 935	     0	67.3	120.2	1386	OK
 936	     0	66.3	118.9	1378	OK
 937	     0	66.9	118.3	1362	OK
 938	     0	68.6	121.6	1375	OK
 939	     0	65.8	118.1	1374	OK
 940	     0	66.3	118.8	1378	OK
 941	     0	67.9	120.8	1366	OK
 942	     0	66.6	122.6	1377	OK
 943	     0	68.2	121.1	1357	OK
 944	     0	66.6	121.6	1355	OK
 945	     0	66.8	122.1	1371	OK
 946	     0	66.3	118.7	1366	OK
 947	     0	68.8	121.2	1361	OK
 948	     0	68.1	123.4	1342	OK
 949	     0	67.9	122.4	1372	OK
 950	     0	66.9	117.6	1344	OK
 951	     0	67.9	121.4	1366	OK
 952	     0	66.7	119.7	1345	OK
 953	     0	67.5	120.6	1396	OK
 954	     0	69.7	125.0	1358	OK
 955	     0	67.8	122.1	1357	OK
 956	     0	67.2	117.9	1388	OK
 957	     0	67.3	121.4	1372	OK
 958	     0	69.6	126.2	1381	OK
 959	     0	70.4	126.3	1382	OK
 960	     0	71.1	128.5	1377	OK
 961	     0	67.3	122.3	1396	OK
 962	     0	69.4	123.8	1380	OK
 963	     0	67.1	121.3	1371	OK
 964	     0	67.1	120.4	1380	OK
 965	     0	67.9	118.9	1380	OK
 966	     0	68.5	121.3	1380	OK
 967	     0	66.5	119.6	1357	OK
 968	     0	67.5	121.4	1382	OK
 969	     0	66.4	118.5	1361	OK
 970	     0	65.6	118.9	1377	OK
 971	     0	66.9	118.0	1360	OK
 972	     0	65.5	117.7	1356	OK
 973	     0	66.6	118.1	1369	OK
 974	     0	66.9	118.2	1383	OK
 975	     0	67.3	114.8	1368	OK
 976	     0	68.0	122.5	1395	OK
 977	     0	67.7	118.3	1367	OK
 978	     0	69.6	125.5	1395	OK
 979	     0	66.8	121.9	1374	OK
 980	     0	66.3	119.5	1377	OK
 981	     0	65.4	118.2	1377	OK
 982	     0	68.4	118.5	1395	OK
 983	     0	66.9	118.8	1385	OK
 984	     0	67.1	119.9	1379	OK
 985	     0	68.6	124.2	1366	OK
 986	     0	66.4	116.8	1395	OK
 987	     0	67.2	121.6	1378	OK
 988	     0	70.0	123.9	1384	OK
 989	     0	68.2	121.2	1383	OK
 990	     0	67.9	123.7	1385	OK
 991	     0	67.6	118.2	1367	OK
 992	     0	67.7	128.2	1357	OK
 993	     0	67.7	120.3	1374	OK
 994	     0	69.0	120.6	1409	OK
 995	     0	67.8	120.8	1378	OK
 996	     0	70.2	125.5	1400	OK
 997	     0	68.5	124.7	1412	OK
 998	     0	68.2	120.4	1383	OK
 999	     0	67.4	117.7	1336	OK
1000	     0	67.3	119.9	1370	OK
1001	     0	67.6	119.1	1373	OK
1002	     0	67.0	119.4	1346	OK
1003	     0	69.5	124.6	1357	OK
1004	     0	68.2	119.8	1351	OK
1005	     0	66.5	122.6	1380	OK
1006	     0	68.7	121.2	1353	OK
1007	     0	67.0	119.6	1391	OK
1008	     0	70.5	124.1	1369	OK
1009	     0	66.3	118.0	1336	OK
1010	     0	67.5	120.8	1352	OK
1011	     0	69.2	123.3	1349	OK
1012	     0	71.6	128.0	1357	OK
1013	     0	68.9	125.1	1357	OK
1014	     0	68.8	122.8	1351	OK
1015	     0	69.0	120.6	1344	OK
1016	     0	68.4	124.5	1321	OK
1017	     0	68.3	125.4	1329	OK
1018	     0	68.9	121.2	1371	OK
1019	     0	68.6	120.5	1328	OK
1020	     0	69.3	123.1	1318	OK
1021	     0	68.8	121.0	1335	OK
1022	     0	69.2	124.9	1330	OK
1023	     0	70.0	124.7	1328	OK
1024	     0	68.2	122.9	1332	OK
1025	     0	68.3	120.8	1330	OK
1026	     0	65.4	119.4	1310	OK
1027	     0	68.5	121.2	1333	OK
1028	     0	65.8	117.5	1326	OK
1029	     0	66.5	119.7	1335	OK
1030	     0	69.5	121.0	1316	OK
1031	     0	68.5	120.9	1339	OK
1032	     0	66.8	117.2	1332	OK
1033	     0	69.8	123.4	1293	OK
1034	     0	68.5	122.5	1331	OK
1035	     0	66.9	120.5	1313	OK
1036	     0	68.7	120.4	1368	OK
1037	     0	67.8	121.7	1335	OK
1038	     0	69.1	120.2	1314	OK
1039	     0	66.7	118.2	1307	OK
1040	     0	67.1	119.9	1338	OK
1041	     0	66.9	118.2	1314	OK
1042	     0	65.2	118.8	1303	OK
1043	     0	68.2	121.0	1341	OK
1044	     0	67.2	118.8	1315	OK
1045	     0	67.0	119.4	1337	OK
1046	     0	68.2	121.8	1338	OK
1047	     0	67.5	119.1	1338	OK
1048	     0	68.3	122.2	1323	OK
1049	     0	68.1	120.2	1351	OK
1050	     0	67.1	120.8	1326	OK
1051	     0	67.7	119.8	1338	OK
1052	     0	65.0	119.3	1338	OK
1053	     0	67.2	119.5	1333	OK
1054	     0	68.2	120.4	1332	OK
1055	     0	70.0	124.4	1337	OK
1056	     0	68.4	122.3	1360	OK
1057	     0	68.7	120.6	1346	OK
1058	     0	69.0	122.2	1349	OK
1059	     0	68.4	120.4	1330	OK
1060	     0	66.6	118.4	1369	OK
1061	     0	67.2	117.5	1350	OK
1062	     0	68.1	120.0	1348	OK
1063	     0	67.4	118.5	1328	OK
1064	     0	67.3	122.2	1342	OK
1065	     0	66.5	118.9	1323	OK
1066	     0	67.1	122.9	1355	OK
1067	     0	69.9	121.8	1346	OK
1068	     0	67.3	120.3	1323	OK
1069	     0	65.7	120.0	1329	OK
1070	     0	66.5	117.0	1322	OK
1071	     0	66.3	117.5	1356	OK
1072	     0	67.7	120.3	1343	OK
1073	     0	67.2	118.2	1339	OK
1074	     0	67.5	119.8	1351	OK
1075	     0	66.9	117.5	1355	OK
1076	     0	66.0	118.1	1343	OK
1077	     0	66.6	119.6	1353	OK
1078	     0	67.4	120.0	1334	OK
1079	     0	65.9	105.6	1393	OK
1080	     0	68.1	122.8	1340	OK
1081	     0	66.9	121.3	1331	OK
1082	     0	68.7	120.4	1340	OK
1083	     0	70.1	127.3	1375	OK
1084	     0	67.6	119.6	1356	OK
1085	     0	69.5	122.2	1317	OK
1086	     0	70.8	125.3	1343	OK
1087	     0	69.9	124.1	1345	OK
1088	     0	70.5	127.1	1362	OK
1089	     0	69.9	125.8	1349	OK
1090	     0	68.0	121.7	1333	OK
1091	     0	69.1	120.9	1346	OK
1092	     0	67.0	122.4	1386	OK
1093	     0	66.9	121.3	1321	OK
1094	     0	68.8	124.5	1355	OK
1095	     0	67.9	121.0	1349	OK
1096	     0	66.7	120.1	1341	OK
1097	     0	66.9	120.0	1313	OK
1098	     0	68.5	123.8	1360	OK
1099	     0	67.6	119.9	1338	OK
1100	     0	67.0	119.2	1343	OK
1101	     0	67.6	125.3	1336	OK
1102	     0	67.2	124.1	1353	OK
1103	     0	66.7	120.6	1349	OK
1104	     0	66.1	115.5	1361	OK
1105	     0	66.2	119.0	1345	OK
1106	     0	68.0	119.2	1327	OK
1107	     0	64.2	117.8	1350	OK
1108	     0	69.0	122.5	1360	OK
1109	     0	67.8	119.7	1358	OK
1110	     0	65.6	118.1	1367	OK
1111	     0	68.6	122.2	1321	OK
1112	     0	67.2	121.1	1382	OK
1113	     0	67.1	116.4	1349	OK
1114	     0	67.7	118.4	1353	OK
1115	     0	68.6	119.2	1323	OK
1116	     0	68.1	123.6	1336	OK
1117	     0	67.1	119.6	1353	OK
1118	     0	69.2	121.0	1361	OK
1119	     0	69.6	123.9	1349	OK
1120	     0	68.6	121.4	1334	OK
1121	     0	69.0	126.5	1353	OK
1122	     0	67.8	117.7	1346	OK
1123	     0	68.7	124.4	1380	OK
1124	     0	66.4	119.4	1329	OK
1125	     0	68.0	120.6	1372	OK
1126	     0	67.0	115.7	1343	OK
1127	     0	67.8	118.5	1358	OK
1128	     0	68.2	118.8	1351	OK
1129	     0	68.4	124.5	1361	OK
1130	     0	66.3	116.7	1334	OK
1131	     0	69.2	119.9	1366	OK
1132	     0	68.4	120.2	1360	OK
1133	     0	68.9	121.1	1333	OK
1134	     0	68.4	119.5	1336	OK
1135	     0	67.9	122.1	1375	OK
1136	     0	69.0	121.6	1354	OK
1137	     0	68.0	120.7	1338	OK
1138	     0	64.9	115.6	1369	OK
1139	     0	68.3	122.3	1328	OK
1140	     0	68.8	125.9	1321	OK
1141	     0	68.7	122.2	1398	OK
1142	     0	67.2	121.5	1373	OK
1143	     0	67.9	121.8	1327	OK
1144	     0	68.1	120.7	1372	OK
1145	     0	69.4	123.0	1342	OK
1146	     0	68.8	122.6	1354	OK
1147	     0	68.1	122.3	1370	OK
1148	     0	70.6	125.1	1393	OK
1149	     0	68.3	121.6	1354	OK
1150	     0	72.8	125.3	1401	OK
1151	  4000	69.7	120.3	1474	high noise
1152	     0	67.6	122.3	1344	OK
1153	     0	70.2	124.6	1347	OK
1154	     0	67.6	121.2	1328	OK
1155	     0	65.1	117.6	1321	OK
1156	     0	65.5	116.6	1354	OK
1157	     0	68.2	120.5	1355	OK
1158	     0	66.2	118.9	1367	OK
1159	     0	64.7	117.1	1355	OK
1160	     0	67.0	120.4	1332	OK
1161	     0	70.4	126.0	1341	OK
1162	     0	65.6	117.6	1333	OK
1163	     0	64.9	115.0	1345	OK
1164	     0	65.8	117.1	1360	OK
1165	     0	66.5	120.4	1328	OK
1166	     0	65.1	116.3	1334	OK
1167	     0	65.8	117.4	1344	OK
1168	     0	67.4	121.0	1348	OK
1169	     0	64.5	115.3	1351	OK
1170	     0	66.2	117.7	1339	OK
1171	     0	67.0	119.8	1344	OK
1172	     0	68.0	122.1	1327	OK
1173	     0	67.1	118.3	1334	OK
1174	     0	67.6	121.3	1332	OK
1175	     0	67.1	118.6	1349	OK
1176	     0	65.0	118.9	1341	OK
1177	     0	69.8	122.0	1346	OK
1178	     0	67.1	119.2	1337	OK
1179	     0	64.9	117.6	1345	OK
1180	     0	65.7	118.1	1338	OK
1181	     0	67.6	119.4	1369	OK
1182	     0	66.4	120.5	1310	OK
1183	     0	67.6	118.7	1366	OK
1184	     0	67.3	118.5	1343	OK
1185	     0	65.0	118.3	1350	OK
1186	     0	65.2	119.6	1342	OK
1187	     0	64.9	114.7	1335	OK
1188	     0	66.9	119.6	1318	OK
1189	     0	67.4	119.4	1349	OK
1190	     0	65.9	118.0	1341	OK
1191	     0	68.0	138.3	1372	OK
1192	     0	67.1	120.9	1346	OK
1193	     0	65.3	117.2	1352	OK
1194	     0	67.3	121.2	1356	OK
1195	     0	68.2	121.6	1360	OK
1196	     0	67.5	122.1	1329	OK
1197	     0	66.6	120.2	1367	OK
1198	     0	67.4	121.7	1324	OK
1199	     0	66.9	119.9	1349	OK
1200	     0	66.0	116.9	1352	OK
1201	     0	67.2	120.8	1347	OK
1202	     0	66.4	119.1	1350	OK
1203	     0	67.6	121.5	1324	OK
1204	     0	66.8	120.0	1373	OK
1205	     0	68.3	118.6	1352	OK
1206	     0	68.1	122.7	1337	OK
1207	     0	66.8	118.2	1357	OK
1208	     0	66.5	119.1	1333	OK
1209	     0	68.7	122.2	1368	OK
1210	     0	68.5	122.4	1344	OK
1211	     0	66.1	117.4	1342	OK
1212	     0	66.8	118.3	1358	OK
1213	     0	66.8	118.1	1354	OK
1214	     0	68.7	122.2	1325	OK
1215	     0	70.4	126.3	1340	OK
1216	     0	65.2	116.7	1333	OK
1217	     0	66.9	122.6	1337	OK
1218	     0	65.3	116.0	1321	OK
1219	     0	65.3	116.0	1362	OK
1220	     0	66.6	119.2	1339	OK
1221	     0	66.9	118.8	1345	OK
1222	     0	64.7	117.5	1342	OK
1223	     0	63.8	113.9	1321	OK
1224	     0	65.5	118.4	1350	OK
1225	     0	64.6	116.2	1344	OK
1226	     0	65.8	117.8	1328	OK
1227	     0	66.2	120.3	1342	OK
1228	     0	64.7	118.0	1348	OK
1229	     0	64.7	116.5	1344	OK
1230	     0	64.8	116.9	1367	OK
1231	     0	64.0	115.9	1341	OK
1232	     0	64.2	116.6	1334	OK
1233	     0	66.8	118.7	1343	OK
1234	     0	65.7	117.3	1326	OK
1235	     0	65.6	118.8	1336	OK
1236	     0	64.2	116.3	1292	OK
1237	     0	65.3	115.2	1345	OK
1238	     0	64.7	118.3	1365	OK
1239	     0	64.9	115.3	1322	OK
1240	     0	66.7	116.7	1350	OK
1241	     0	66.3	117.8	1328	OK
1242	     0	65.0	115.4	1323	OK
1243	     0	63.9	116.4	1328	OK
1244	     0	65.4	117.6	1337	OK
1245	     0	65.2	117.5	1323	OK
1246	     0	65.8	139.2	1310	OK
1247	     0	64.3	116.2	1330	OK
1248	     0	66.6	119.9	1311	OK
1249	     0	65.5	119.3	1324	OK
1250	     0	68.3	119.5	1345	OK
1251	     0	66.4	117.5	1326	OK
1252	     0	66.7	120.8	1316	OK
1253	     0	65.7	118.1	1364	OK
1254	     0	66.1	118.0	1317	OK
1255	     0	66.0	116.9	1316	OK
1256	     0	64.9	116.2	1343	OK
1257	     0	66.2	119.5	1329	OK
1258	     0	66.8	121.8	1364	OK
1259	     0	67.3	120.0	1343	OK
1260	     0	67.1	118.2	1340	OK
1261	     0	65.3	118.0	1310	OK
1262	     0	65.7	117.9	1330	OK
1263	     0	65.4	118.2	1330	OK
1264	     0	65.1	118.2	1334	OK
1265	     0	64.2	114.9	1336	OK
1266	     0	65.5	116.3	1347	OK
1267	     0	63.5	115.6	1305	OK
1268	     0	66.3	116.6	1338	OK
1269	     0	66.0	118.8	1341	OK
1270	     0	67.3	119.3	1303	OK
1271	     0	64.1	118.0	1321	OK
1272	     0	66.5	119.0	1316	OK
1273	     0	67.5	117.0	1333	OK
1274	     0	64.8	116.7	1305	OK
1275	     0	66.4	118.6	1321	OK
1276	     0	65.7	119.6	1331	OK
1277	     0	68.3	122.8	1338	OK
1278	     0	68.1	119.5	1329	OK
1279	     0	67.7	120.3	1329	OK
1280	     0	72.0	129.4	1307	OK
1281	     0	70.2	124.3	1335	OK
1282	     0	71.2	129.1	1315	OK
1283	     0	71.0	127.1	1319	OK
1284	     0	71.0	127.5	1283	OK
1285	     0	70.1	127.0	1334	OK
1286	     0	69.2	121.4	1291	OK
1287	     0	69.8	125.4	1306	OK
1288	     0	69.7	123.1	1303	OK
1289	     0	68.8	131.9	1314	OK
1290	     0	70.3	127.7	1293	OK
1291	     0	69.7	123.6	1310	OK
1292	     0	70.4	127.2	1305	OK
1293	     0	68.6	122.6	1291	OK
1294	     0	69.7	124.8	1284	OK
1295	     0	71.4	125.9	1313	OK
1296	     0	69.8	122.4	1302	OK
1297	     0	69.0	121.1	1299	OK
1298	     0	69.7	125.0	1321	OK
1299	     0	70.5	123.6	1320	OK
1300	     0	68.7	124.9	1318	OK
1301	     0	71.1	127.5	1278	OK
1302	     0	71.5	126.0	1314	OK
1303	     0	69.2	122.4	1306	OK
1304	     0	70.7	128.7	1327	OK
1305	     0	71.5	129.7	1299	OK
1306	     0	70.1	126.9	1311	OK
1307	     0	68.9	125.4	1319	OK
1308	     0	70.0	126.0	1322	OK
1309	     0	68.7	123.8	1332	OK
1310	     0	68.4	123.7	1309	OK
1311	     0	67.8	125.9	1318	OK
1312	     0	70.3	123.6	1322	OK
1313	     0	70.7	126.5	1325	OK
1314	     0	67.5	119.7	1330	OK
1315	     0	69.0	122.2	1287	OK
1316	     0	70.2	125.4	1322	OK
1317	     0	69.2	122.9	1323	OK
1318	     0	70.5	125.9	1296	OK
1319	     0	69.9	123.4	1312	OK
1320	     0	69.3	126.1	1319	OK
1321	     0	68.1	124.0	1314	OK
1322	     0	70.6	127.0	1311	OK
1323	     0	69.6	125.2	1307	OK
1324	     0	70.2	125.3	1305	OK
1325	     0	70.0	122.7	1319	OK
1326	     0	70.9	125.7	1300	OK
1327	     0	72.6	126.1	1319	OK
1328	     0	69.4	121.9	1333	OK
1329	     0	70.1	123.0	1319	OK
1330	     0	69.4	125.5	1303	OK
1331	     0	70.4	124.5	1304	OK
1332	     0	70.5	124.8	1285	OK
1333	     0	69.8	124.1	1336	OK
1334	     0	72.2	128.2	1302	OK
1335	     0	71.3	128.0	1319	OK
1336	     0	70.7	125.9	1311	OK
1337	     0	71.8	130.4	1333	OK
1338	     0	71.8	125.5	1299	OK
1339	     0	70.6	128.4	1295	OK
1340	     0	71.0	127.2	1309	OK
1341	     0	69.7	123.4	1311	OK
1342	     0	72.1	128.6	1330	OK
1343	     0	73.0	129.9	1299	OK
1344	     0	71.8	130.1	1333	OK
1345	     0	72.7	130.0	1309	OK
1346	     0	70.3	125.3	1329	OK
1347	     0	70.0	125.1	1317	OK
1348	     0	69.9	125.2	1328	OK
1349	     0	68.7	127.2	1342	OK
1350	     0	69.0	123.3	1323	OK
1351	     0	71.2	126.3	1321	OK
1352	     0	70.4	127.7	1302	OK
1353	     0	70.2	127.9	1326	OK
1354	     0	70.5	127.7	1318	OK
1355	     0	70.6	124.6	1298	OK
1356	     0	69.8	124.2	1329	OK
1357	     0	70.7	126.6	1329	OK
1358	     0	67.9	123.3	1332	OK
1359	     0	68.4	122.8	1313	OK
1360	     0	69.9	123.4	1306	OK
1361	     0	68.1	122.2	1308	OK
1362	     0	70.2	127.5	1303	OK
1363	     0	68.9	124.5	1322	OK
1364	     0	68.0	126.8	1317	OK
1365	     0	70.3	124.1	1297	OK
1366	     0	69.4	124.0	1311	OK
1367	     0	68.5	122.1	1324	OK
1368	     0	69.5	127.1	1324	OK
1369	     0	70.5	125.8	1325	OK
1370	     0	69.5	120.7	1337	OK
1371	     0	67.7	121.4	1312	OK
1372	     0	68.1	122.2	1333	OK
1373	     0	67.6	122.1	1309	OK
1374	     0	69.5	123.5	1308	OK
1375	     0	68.4	122.1	1323	OK
1376	     0	69.9	124.3	1315	OK
1377	     0	67.8	122.8	1314	OK
1378	     0	69.9	123.9	1306	OK
1379	     0	69.6	124.0	1334	OK
1380	     0	70.1	124.0	1294	OK
1381	     0	69.8	121.3	1327	OK
1382	     0	66.7	120.0	1332	OK
1383	     0	69.2	121.0	1318	OK
1384	     0	67.8	121.2	1327	OK
1385	     0	68.2	122.9	1300	OK
1386	     0	66.7	118.7	1324	OK
1387	     0	69.8	124.8	1337	OK
1388	     0	67.3	121.0	1330	OK
1389	     0	68.8	124.0	1314	OK
1390	     0	69.3	126.5	1335	OK
1391	     0	67.4	120.9	1313	OK
1392	     0	70.1	123.5	1333	OK
1393	     0	70.3	125.0	1337	OK
1394	     0	68.9	123.8	1326	OK
1395	     0	69.2	122.9	1297	OK
1396	     0	69.9	122.9	1321	OK
1397	     0	68.4	121.0	1311	OK
1398	     0	69.5	123.3	1331	OK
1399	     0	68.6	121.7	1319	OK
1400	     0	68.8	123.9	1331	OK
1401	     0	69.0	124.7	1317	OK
1402	     0	70.7	127.8	1345	OK
1403	     0	71.8	127.3	1338	OK
1404	     0	70.4	128.7	1322	OK
1405	     0	71.6	127.8	1336	OK
1406	     0	72.8	127.8	1320	OK
1407	     0	73.1	137.9	1316	OK
1408	     0	69.0	126.7	1283	OK
1409	     0	71.4	128.5	1268	OK
1410	     0	68.5	122.7	1280	OK
1411	     0	71.5	126.8	1289	OK
1412	     0	69.0	126.3	1263	OK
1413	     0	68.6	122.3	1244	OK
1414	     0	70.3	125.4	1255	OK
1415	     0	69.6	127.0	1264	OK
1416	     0	70.4	126.0	1277	OK
1417	     0	71.5	127.4	1275	OK
1418	     0	67.2	124.4	1278	OK
1419	     0	70.4	127.4	1250	OK
1420	     0	72.2	129.6	1276	OK
1421	     0	67.4	124.1	1288	OK
1422	     0	68.9	117.3	1273	OK
1423	     0	67.2	121.6	1267	OK
1424	     0	69.2	123.4	1257	OK
1425	     0	69.4	127.2	1284	OK
1426	     0	66.4	121.4	1298	OK
1427	     0	67.8	124.6	1269	OK
1428	     0	70.0	123.4	1252	OK
1429	     0	70.2	129.3	1283	OK
1430	     0	68.7	123.6	1277	OK
1431	     0	71.0	128.0	1254	OK
1432	     0	69.3	125.8	1276	OK
1433	     0	69.7	123.8	1277	OK
1434	     0	66.5	120.4	1291	OK
1435	     0	67.3	120.2	1273	OK
1436	     0	71.4	126.2	1279	OK
1437	     0	68.4	123.7	1259	OK
1438	     0	67.4	121.7	1271	OK
1439	     0	69.3	126.9	1286	OK
1440	     0	66.4	121.4	1267	OK
1441	     0	68.9	124.8	1301	OK
1442	     0	67.3	123.8	1268	OK
1443	     0	69.1	123.5	1296	OK
1444	     0	68.3	122.9	1275	OK
1445	     0	69.4	124.2	1298	OK
1446	     0	67.6	122.1	1267	OK
1447	     0	67.9	123.3	1253	OK
1448	     0	67.6	121.6	1268	OK
1449	     0	67.5	122.3	1275	OK
1450	     0	67.4	119.7	1287	OK
1451	     0	68.5	123.4	1270	OK
1452	     0	67.8	121.6	1261	OK
1453	     0	69.7	125.8	1285	OK
1454	     0	68.0	122.6	1276	OK
1455	     0	68.2	123.0	1295	OK
1456	     0	67.7	122.7	1260	OK
1457	     0	67.2	120.1	1274	OK
1458	     0	69.1	124.5	1251	OK
1459	     0	68.2	122.8	1270	OK
1460	     0	66.3	119.7	1261	OK
1461	     0	70.3	126.4	1273	OK
1462	     0	69.9	127.5	1275	OK
1463	     0	69.5	127.1	1253	OK
1464	     0	70.5	125.9	1278	OK
1465	     0	68.6	122.7	1273	OK
1466	     0	68.3	122.5	1268	OK
1467	     0	69.8	126.3	1273	OK
1468	     0	71.3	129.5	1293	OK
1469	     0	69.6	124.3	1271	OK
1470	     0	69.9	126.0	1252	OK
1471	     0	71.8	128.2	1289	OK
1472	     0	68.8	123.7	1303	OK
1473	     0	67.2	124.9	1237	OK
1474	     0	66.3	122.5	1287	OK
1475	     0	68.5	122.4	1275	OK
1476	     0	66.6	120.8	1269	OK
1477	     0	69.6	126.5	1281	OK
1478	     0	67.5	121.2	1267	OK
1479	     0	67.7	123.8	1281	OK
1480	     0	68.0	122.6	1257	OK
1481	     0	68.0	122.7	1287	OK
1482	     0	66.8	121.1	1278	OK
1483	     0	65.5	117.4	1269	OK
1484	     0	64.8	118.7	1276	OK
1485	     0	67.2	122.9	1259	OK
1486	     0	67.2	122.6	1286	OK
1487	     0	67.1	124.4	1260	OK
1488	     0	67.3	121.3	1268	OK
1489	     0	66.6	118.4	1278	OK
1490	     0	66.1	120.8	1261	OK
1491	     0	67.3	120.8	1249	OK
1492	     0	66.0	121.6	1260	OK
1493	     0	68.0	125.1	1282	OK
1494	     0	67.4	125.1	1274	OK
1495	     0	65.1	120.8	1276	OK
1496	     0	66.8	122.3	1277	OK
1497	     0	65.5	117.3	1246	OK
1498	     0	67.4	121.9	1285	OK
1499	     0	65.8	118.3	1262	OK
1500	     0	65.7	120.3	1264	OK
1501	     0	64.8	117.4	1250	OK
1502	     0	63.7	116.1	1252	OK
1503	     0	68.0	121.8	1292	OK
1504	     0	66.2	119.2	1256	OK
1505	     0	66.7	121.1	1249	OK
1506	     0	65.9	120.8	1252	OK
1507	     0	67.7	123.4	1253	OK
1508	     0	66.2	118.7	1258	OK
1509	     0	65.6	116.3	1253	OK
1510	     0	64.1	115.7	1273	OK
1511	     0	65.9	118.0	1273	OK
1512	     0	66.4	118.1	1262	OK
1513	     0	65.0	120.0	1270	OK
1514	     0	63.4	117.5	1263	OK
1515	     0	64.0	116.6	1262	OK
1516	     0	65.5	118.0	1287	OK
1517	     0	66.0	119.3	1280	OK
1518	     0	64.7	116.6	1247	OK
1519	     0	66.4	123.0	1266	OK
1520	     0	64.7	118.7	1253	OK
1521	     0	66.2	121.2	1253	OK
1522	     0	66.1	120.6	1259	OK
1523	     0	66.6	121.2	1267	OK
1524	     0	66.1	119.7	1281	OK
1525	     0	64.8	117.6	1254	OK
1526	     0	66.4	122.0	1244	OK
1527	     0	65.8	118.5	1272	OK
1528	     0	64.4	117.3	1253	OK
1529	     0	66.1	119.2	1265	OK
1530	     0	64.6	117.7	1244	OK
1531	     0	65.3	118.9	1286	OK
1532	     0	64.7	117.6	1261	OK
1533	     0	65.3	117.1	1257	OK
1534	     0	67.3	119.5	1251	OK
1535	     0	68.6	126.5	1248	OK
1536	     0	67.7	121.5	1289	OK
1537	     0	69.6	124.0	1309	OK
1538	     0	67.7	125.1	1312	OK
1539	     0	70.6	128.2	1286	OK
1540	     0	66.9	121.3	1298	OK
1541	     0	68.1	120.3	1282	OK
1542	     0	67.7	121.1	1285	OK
1543	     0	68.1	122.0	1317	OK
1544	     0	68.0	121.5	1281	OK
1545	     0	67.9	122.2	1287	OK
1546	     0	65.3	116.8	1299	OK
1547	     0	67.5	121.0	1293	OK
1548	     0	64.7	120.5	1251	OK
1549	     0	68.2	123.2	1300	OK
1550	     0	66.2	120.3	1314	OK
1551	     0	65.9	118.7	1283	OK
1552	     0	66.2	121.4	1292	OK
1553	     0	67.6	122.8	1297	OK
1554	     0	67.5	120.9	1296	OK
1555	     0	67.7	122.7	1282	OK
1556	     0	67.0	118.4	1301	OK
1557	     0	67.0	121.3	1299	OK
1558	     0	68.3	126.1	1292	OK
1559	     0	67.8	121.5	1300	OK
1560	     0	68.8	123.5	1309	OK
1561	     0	68.9	121.3	1300	OK
1562	     0	67.1	121.8	1297	OK
1563	     0	68.5	131.8	1282	OK
1564	     0	67.0	119.3	1313	OK
1565	     0	68.9	125.7	1317	OK
1566	     0	67.6	121.0	1277	OK
1567	     0	68.3	123.7	1306	OK
1568	     0	67.9	122.4	1291	OK
1569	     0	65.4	117.3	1281	OK
1570	     0	67.9	123.4	1277	OK
1571	     0	65.8	118.5	1298	OK
1572	     0	68.0	120.2	1275	OK
1573	     0	68.2	125.2	1301	OK
1574	     0	67.1	117.6	1289	OK
1575	     0	68.5	121.6	1313	OK
1576	     0	68.8	123.5	1302	OK
1577	     0	67.1	119.3	1304	OK
1578	     0	66.9	119.9	1294	OK
1579	     0	68.7	123.6	1287	OK
1580	     0	66.7	120.7	1301	OK
1581	     0	66.3	120.1	1288	OK
1582	     0	66.5	119.2	1309	OK
1583	     0	66.3	121.6	1285	OK
1584	     0	67.7	121.3	1293	OK
1585	     0	68.0	122.9	1286	OK
1586	     0	67.3	121.0	1284	OK
1587	     0	69.0	123.0	1308	OK
1588	     0	68.4	122.9	1290	OK
1589	     0	67.9	122.9	1310	OK
1590	     0	63.5	116.9	1306	OK
1591	     0	65.9	119.0	1295	OK
1592	     0	67.4	121.0	1285	OK
1593	     0	67.1	120.4	1304	OK
1594	     0	71.3	128.4	1311	OK
1595	     0	69.9	124.0	1308	OK
1596	     0	69.9	123.0	1284	OK
1597	     0	68.6	122.0	1299	OK
1598	     0	71.1	129.9	1282	OK
1599	     0	71.8	128.1	1291	OK
1600	     0	67.3	121.0	1280	OK
1601	     0	71.8	128.0	1299	OK
1602	     0	66.7	119.1	1312	OK
1603	     0	67.1	119.3	1304	OK
1604	     0	63.9	118.3	1274	OK
1605	     0	66.9	122.9	1296	OK
1606	     0	66.6	119.7	1274	OK
1607	     0	66.0	119.7	1284	OK
1608	     0	66.9	119.6	1306	OK
1609	     0	67.1	122.2	1301	OK
1610	     0	66.1	121.0	1272	OK
1611	     0	66.7	119.3	1294	OK
1612	     0	68.3	123.0	1280	OK
1613	     0	65.9	121.1	1296	OK
1614	     0	67.2	120.1	1292	OK
1615	     0	67.1	118.3	1281	OK
1616	     0	68.3	123.1	1296	OK
1617	     0	66.6	121.8	1274	OK
1618	     0	67.8	119.5	1305	OK
1619	     0	68.1	131.4	1290	OK
1620	     0	64.8	116.8	1298	OK
1621	     0	67.6	120.5	1316	OK
1622	     0	67.5	121.5	1270	OK
1623	     0	68.9	126.8	1299	OK
1624	     0	65.7	119.3	1278	OK
1625	     0	65.4	115.9	1281	OK
1626	     0	66.7	125.5	1278	OK
1627	     0	67.6	125.0	1299	OK
1628	     0	66.1	119.9	1264	OK
1629	     0	68.5	122.6	1322	OK
1630	     0	67.1	122.6	1281	OK
1631	     0	67.6	121.5	1297	OK
1632	     0	66.8	121.4	1305	OK
1633	     0	68.9	123.2	1316	OK
1634	     0	66.1	119.9	1287	OK
1635	     0	69.0	122.7	1306	OK
1636	     0	69.1	122.4	1278	OK
1637	     0	68.7	124.3	1301	OK
1638	     0	67.2	122.5	1279	OK
1639	     0	67.8	121.2	1274	OK
1640	     0	67.3	119.5	1281	OK
1641	     0	68.7	124.2	1267	OK
1642	     0	66.6	120.2	1292	OK
1643	     0	67.3	122.5	1284	OK
1644	     0	67.7	122.6	1305	OK
1645	     0	65.4	117.9	1284	OK
1646	     0	67.1	120.6	1275	OK
1647	     0	67.3	122.9	1278	OK
1648	     0	64.2	116.8	1301	OK
1649	     0	66.6	119.9	1268	OK
1650	     0	65.4	116.1	1281	OK
1651	     0	67.4	121.7	1263	OK
1652	     0	65.5	118.1	1270	OK
1653	     0	67.2	121.7	1299	OK
1654	     0	66.7	118.3	1278	OK
1655	     0	65.4	118.5	1281	OK
1656	     0	65.3	119.2	1259	OK
1657	     0	68.6	121.5	1293	OK
1658	     0	67.0	121.2	1281	OK
1659	     0	70.4	128.0	1289	OK
1660	     0	68.1	124.4	1261	OK
1661	     0	67.4	122.7	1290	OK
1662	     0	70.9	124.9	1279	OK
1663	     0	68.8	121.5	1266	OK
1664	     0	67.8	120.0	1243	OK
1665	     0	69.9	124.5	1239	OK
1666	     0	69.1	122.2	1227	OK
1667	     0	68.5	121.7	1238	OK
1668	     0	69.7	125.7	1195	OK
1669	     0	68.3	122.2	1226	OK
1670	     0	72.6	126.9	1254	OK
1671	     0	67.8	120.8	1236	OK
1672	     0	68.0	123.6	1245	OK
1673	     0	68.7	122.0	1221	OK
1674	     0	66.9	120.3	1217	OK
1675	     0	69.5	121.9	1257	OK
1676	     0	71.4	126.0	1261	OK
1677	     0	69.8	122.4	1236	OK
1678	     0	69.3	123.5	1248	OK
1679	     0	69.6	124.5	1233	OK
1680	     0	68.2	123.6	1243	OK
1681	     0	67.1	123.8	1216	OK
1682	     0	68.6	122.0	1245	OK
1683	     0	68.0	120.7	1252	OK
1684	     0	68.8	124.3	1245	OK
1685	     0	70.2	125.9	1226	OK
1686	     0	69.0	126.0	1226	OK
1687	     0	69.4	122.3	1242	OK
1688	     0	70.2	126.2	1236	OK
1689	     0	70.7	124.5	1242	OK
1690	     0	69.1	124.0	1237	OK
1691	     0	67.0	120.0	1231	OK
1692	     0	68.4	123.1	1260	OK
1693	     0	69.3	124.8	1246	OK
1694	     0	69.9	123.1	1242	OK
1695	     0	68.8	120.6	1261	OK
1696	     0	67.2	122.3	1233	OK
1697	     0	68.8	121.4	1252	OK
1698	     0	68.7	125.5	1238	OK
1699	     0	70.4	122.8	1220	OK
1700	     0	71.2	127.8	1243	OK
1701	     0	69.4	122.5	1245	OK
1702	     0	68.3	122.8	1236	OK
1703	     0	68.4	120.9	1247	OK
1704	     0	67.1	121.3	1255	OK
1705	     0	71.1	124.1	1235	OK
1706	     0	68.1	124.1	1231	OK
1707	     0	70.2	125.9	1265	OK
1708	     0	70.2	125.3	1234	OK
1709	     0	67.7	121.9	1208	OK
1710	     0	67.5	121.1	1271	OK
1711	     0	69.0	123.5	1219	OK
1712	     0	67.8	123.7	1255	OK
1713	     0	69.8	124.1	1261	OK
1714	     0	69.2	123.3	1245	OK
1715	     0	69.5	123.0	1248	OK
1716	     0	68.1	115.3	1262	OK
1717	     0	67.7	121.6	1221	OK
1718	     0	68.2	123.1	1240	OK
1719	     0	68.5	123.0	1250	OK
1720	     0	68.4	120.5	1254	OK
1721	     0	70.5	127.3	1268	OK
1722	     0	69.3	125.7	1244	OK
1723	     0	69.1	122.4	1242	OK
1724	     0	70.1	124.7	1255	OK
1725	     0	70.1	125.6	1233	OK
1726	     0	71.2	127.9	1265	OK
1727	     0	72.5	130.7	1257	OK
1728	     0	69.6	124.2	1265	OK
1729	     0	70.2	124.1	1260	OK
1730	     0	67.6	120.7	1250	OK
1731	     0	72.4	127.8	1261	OK
1732	     0	71.2	126.5	1273	OK
1733	     0	69.7	121.6	1246	OK
1734	     0	70.3	126.3	1251	OK
1735	     0	71.1	126.6	1263	OK
1736	     0	69.1	122.6	1250	OK
1737	     0	69.6	126.1	1259	OK
1738	     0	70.4	124.3	1246	OK
1739	     0	71.9	127.1	1250	OK
1740	     0	70.5	126.4	1245	OK
1741	     0	71.2	127.4	1235	OK
1742	     0	70.0	124.3	1244	OK
1743	     0	71.5	125.9	1240	OK
1744	     0	73.0	129.3	1252	OK
1745	     0	71.0	127.4	1237	OK
1746	     0	71.0	125.4	1259	OK
1747	     0	70.6	123.8	1243	OK
1748	     0	71.0	124.3	1269	OK
1749	     0	70.6	123.3	1268	OK
1750	     0	68.6	122.8	1248	OK
1751	     0	68.3	124.2	1240	OK
1752	     0	71.0	126.2	1241	OK
1753	     0	68.9	123.5	1251	OK
1754	     0	67.9	121.1	1266	OK
1755	     0	67.8	122.2	1258	OK
1756	     0	67.2	120.7	1257	OK
1757	     0	69.0	123.5	1221	OK
1758	     0	67.7	116.1	1263	OK
1759	     0	69.5	122.6	1244	OK
1760	     0	67.8	119.5	1239	OK
1761	     0	69.5	123.2	1245	OK
1762	     0	68.1	121.1	1245	OK
1763	     0	69.0	122.2	1276	OK
1764	     0	69.4	128.8	1260	OK
1765	     0	69.4	122.5	1258	OK
1766	     0	69.8	122.6	1240	OK
1767	     0	69.3	123.6	1239	OK
1768	     0	69.6	125.8	1255	OK
1769	     0	69.2	124.0	1244	OK
1770	     0	69.5	124.9	1256	OK
1771	     0	70.5	126.5	1260	OK
1772	     0	67.9	122.6	1243	OK
1773	     0	70.1	126.2	1245	OK
1774	     0	68.1	122.9	1243	OK
1775	     0	68.5	124.4	1265	OK
1776	     0	66.5	120.7	1252	OK
1777	     0	70.7	123.8	1269	OK
1778	     0	68.1	122.8	1231	OK
1779	     0	67.9	121.9	1251	OK
1780	     0	69.6	125.0	1251	OK
1781	     0	69.5	123.6	1266	OK
1782	     0	70.1	124.8	1243	OK
1783	     0	69.4	124.1	1264	OK
1784	     0	70.6	125.0	1223	OK
1785	     0	70.1	126.7	1257	OK
1786	     0	70.6	127.1	1244	OK
1787	     0	68.6	122.8	1259	OK
1788	     0	73.3	130.7	1252	OK
1789	     0	69.0	125.1	1254	OK
1790	     0	73.1	131.3	1229	OK
1791	     0	71.9	128.8	1253	OK
1792	     0	72.7	131.5	1265	OK
1793	     0	72.9	130.4	1242	OK
1794	     0	72.1	130.2	1259	OK
1795	     0	73.1	129.4	1273	OK
1796	     0	70.3	125.9	1251	OK
1797	     0	70.9	129.5	1256	OK
1798	     0	70.6	127.1	1264	OK
1799	     0	70.0	128.0	1256	OK
1800	     0	71.8	130.9	1280	OK
1801	     0	71.7	130.9	1279	OK
1802	     0	70.5	126.4	1251	OK
1803	     0	70.5	128.1	1258	OK
1804	     0	70.7	130.2	1264	OK
1805	     0	69.5	125.0	1276	OK
1806	     0	71.3	128.7	1265	OK
1807	     0	71.0	127.3	1241	OK
1808	     0	69.2	126.3	1249	OK
1809	     0	70.0	125.5	1257	OK
1810	     0	72.8	131.7	1245	OK
1811	     0	71.5	127.9	1259	OK
1812	     0	71.2	128.6	1249	OK
1813	     0	69.2	124.8	1275	OK
1814	     0	69.7	126.9	1264	OK
1815	     0	69.8	126.4	1259	OK
1816	     0	69.3	126.2	1220	OK
1817	     0	69.5	127.6	1287	OK
1818	     0	68.8	126.7	1261	OK
1819	     0	71.0	129.9	1264	OK
1820	     0	69.4	125.4	1258	OK
1821	     0	73.8	134.5	1270	OK
1822	     0	73.3	129.4	1272	OK
1823	     0	71.3	127.6	1249	OK
1824	     0	71.9	128.2	1272	OK
1825	     0	72.5	127.9	1262	OK
1826	     0	72.5	132.9	1278	OK
1827	     0	70.2	129.6	1284	OK
1828	     0	68.1	123.7	1274	OK
1829	     0	70.3	128.7	1257	OK
1830	     0	69.5	124.9	1253	OK
1831	     0	72.4	131.4	1282	OK
1832	     0	71.2	128.7	1263	OK
1833	     0	72.3	132.4	1255	OK
1834	     0	66.8	123.2	1254	OK
1835	     0	69.3	125.5	1258	OK
1836	     0	68.9	125.9	1256	OK
1837	     0	71.1	128.7	1254	OK
1838	     0	68.3	124.6	1250	OK
1839	     0	70.1	105.6	1256	OK
1840	     0	71.9	132.4	1281	OK
1841	     0	72.0	127.7	1257	OK
1842	     0	70.6	125.0	1272	OK
1843	     0	69.0	122.8	1259	OK
1844	     0	69.3	126.8	1264	OK
1845	     0	71.6	127.4	1238	OK
1846	     0	70.1	126.5	1271	OK
1847	     0	70.8	127.9	1286	OK
1848	     0	70.5	127.3	1278	OK
1849	     0	70.6	128.1	1253	OK
1850	     0	72.8	131.8	1261	OK
1851	     0	71.6	129.3	1272	OK
1852	     0	71.2	128.7	1266	OK
1853	     0	74.2	131.6	1271	OK
1854	     0	72.7	130.6	1271	OK
1855	     0	73.0	134.0	1267	OK
1856	     0	72.2	129.1	1275	OK
1857	     0	70.9	128.5	1260	OK
1858	     0	70.8	107.7	1276	OK
1859	     0	70.9	126.6	1255	OK
1860	     0	68.7	128.0	1263	OK
1861	     0	70.0	130.9	1266	OK
1862	     0	69.7	125.4	1243	OK
1863	     0	68.7	123.6	1260	OK
1864	     0	69.4	127.1	1259	OK
1865	     0	70.0	128.8	1267	OK
1866	     0	69.3	128.4	1254	OK
1867	     0	69.1	124.0	1257	OK
1868	     0	69.8	126.7	1257	OK
1869	     0	69.9	125.0	1251	OK
1870	     0	67.5	120.2	1244	OK
1871	     0	70.2	126.3	1272	OK
1872	     0	70.2	126.3	1270	OK
1873	     0	69.5	125.1	1278	OK
1874	     0	70.0	126.4	1263	OK
1875	     0	68.5	124.2	1246	OK
1876	     0	68.1	126.0	1224	OK
1877	     0	68.3	123.3	1255	OK
1878	     0	72.0	131.2	1277	OK
1879	     0	70.3	128.8	1253	OK
1880	     0	69.6	126.1	1259	OK
1881	     0	68.4	125.5	1261	OK
1882	     0	70.5	127.7	1268	OK
1883	     0	70.4	127.3	1237	OK
1884	     0	69.5	124.8	1260	OK
1885	     0	68.7	124.2	1252	OK
1886	     0	69.8	124.1	1237	OK
1887	     0	69.2	126.0	1238	OK
1888	     0	68.6	123.2	1253	OK
1889	     0	69.9	125.7	1236	OK
1890	     0	68.2	121.2	1254	OK
1891	     0	69.6	127.1	1262	OK
1892	     0	70.3	123.0	1262	OK
1893	     0	68.5	124.0	1237	OK
1894	     0	68.3	120.9	1240	OK
1895	     0	70.6	126.6	1266	OK
1896	     0	70.6	125.2	1258	OK
1897	     0	70.0	130.0	1265	OK
1898	     0	70.0	128.6	1244	OK
1899	     0	72.3	127.5	1269	OK
1900	     0	71.3	127.0	1239	OK
1901	     0	70.9	128.3	1241	OK
1902	     0	69.0	125.1	1242	OK
1903	     0	70.3	128.2	1252	OK
1904	     0	67.9	123.8	1275	OK
1905	     0	66.7	122.6	1261	OK
1906	     0	70.1	125.0	1262	OK
1907	     0	69.1	124.6	1250	OK
1908	     0	71.0	126.9	1265	OK
1909	     0	71.0	128.3	1268	OK
1910	     0	69.3	125.8	1265	OK
1911	     0	70.9	130.4	1257	OK
1912	     0	70.2	126.9	1252	OK
1913	     0	70.7	125.2	1247	OK
1914	     0	70.4	126.6	1277	OK
1915	     0	70.0	123.5	1251	OK
1916	     0	67.4	124.7	1243	OK
1917	     0	70.3	129.1	1253	OK
1918	     0	72.0	129.2	1254	OK
1919	     0	72.8	130.7	1240	OK
1920	  4000	70.3	120.8	1369	high noise
1921	     0	71.5	125.8	1307	OK
1922	     0	69.0	124.7	1296	OK
1923	     0	69.0	120.9	1294	OK
1924	     0	71.4	128.1	1274	OK
1925	     0	68.2	122.4	1258	OK
1926	     0	67.3	121.4	1273	OK
1927	     0	67.5	121.5	1257	OK
1928	     0	68.0	124.7	1266	OK
1929	     0	67.9	125.7	1255	OK
1930	     0	65.8	121.1	1234	OK
1931	     0	66.8	119.3	1262	OK
1932	     0	67.6	121.2	1262	OK
1933	     0	67.9	123.5	1248	OK
1934	     0	67.4	120.8	1260	OK
1935	     0	67.5	119.8	1236	OK
1936	     0	65.9	118.7	1255	OK
1937	     0	68.0	122.8	1251	OK
1938	     0	67.3	121.0	1242	OK
1939	     0	69.1	125.9	1245	OK
1940	     0	67.4	124.1	1262	OK
1941	     0	68.5	123.7	1220	OK
1942	     0	68.0	122.2	1253	OK
1943	     0	67.5	119.4	1240	OK
1944	     0	71.0	129.6	1259	OK
1945	     0	68.0	121.9	1237	OK
1946	     0	67.8	123.1	1246	OK
1947	     0	69.4	126.5	1240	OK
1948	     0	68.2	121.3	1248	OK
1949	     0	67.7	123.1	1265	OK
1950	     0	66.8	120.6	1254	OK
1951	     0	68.3	125.9	1244	OK
1952	     0	66.0	120.8	1233	OK
1953	     0	67.6	121.9	1255	OK
1954	     0	68.6	122.5	1273	OK
1955	     0	69.6	124.5	1244	OK
1956	     0	67.4	120.0	1258	OK
1957	     0	67.6	124.3	1266	OK
1958	     0	66.7	120.9	1237	OK
1959	     0	68.6	125.3	1237	OK
1960	     0	67.9	122.9	1268	OK
1961	     0	67.2	123.5	1269	OK
1962	     0	68.1	122.4	1253	OK
1963	     0	67.7	124.6	1265	OK
1964	     0	67.7	122.8	1262	OK
1965	     0	68.9	126.9	1228	OK
1966	     0	67.0	123.1	1244	OK
1967	     0	70.0	126.6	1249	OK
1968	     0	70.9	125.2	1261	OK
1969	     0	69.2	125.2	1244	OK
1970	     0	69.6	128.4	1226	OK
1971	     0	66.9	121.8	1249	OK
1972	     0	70.3	125.6	1280	OK
1973	     0	69.7	127.3	1256	OK
1974	     0	67.1	122.2	1257	OK
1975	     0	69.7	121.7	1231	OK
1976	     0	70.4	126.4	1264	OK
1977	     0	70.5	125.4	1270	OK
1978	     0	67.5	120.8	1261	OK
1979	     0	68.4	126.4	1233	OK
1980	     0	72.6	130.6	1261	OK
1981	     0	71.6	129.0	1257	OK
1982	     0	69.6	123.5	1249	OK
1983	     0	69.9	127.1	1254	OK
1984	     0	70.1	126.4	1272	OK
1985	     0	72.0	129.2	1268	OK
1986	     0	68.6	122.9	1280	OK
1987	     0	68.3	125.6	1261	OK
1988	     0	67.0	124.5	1268	OK
1989	     0	69.7	126.5	1256	OK
1990	     0	67.2	121.0	1278	OK
1991	     0	68.3	124.0	1255	OK
1992	     0	68.2	121.5	1268	OK
1993	     0	70.9	127.8	1262	OK
1994	     0	68.6	122.5	1274	OK
1995	     0	65.8	119.1	1244	OK
1996	     0	68.8	124.8	1248	OK
1997	     0	68.3	123.8	1248	OK
1998	     0	68.6	121.5	1262	OK
1999	     0	68.9	123.9	1264	OK
2000	     0	68.8	124.2	1255	OK
2001	     0	67.3	122.6	1259	OK
2002	     0	68.7	124.4	1258	OK
2003	     0	68.0	122.8	1257	OK
2004	     0	67.6	124.3	1283	OK
2005	     0	69.1	125.4	1270	OK
2006	     0	69.5	124.5	1265	OK
2007	     0	68.6	123.4	1250	OK
2008	     0	69.0	122.5	1281	OK
2009	     0	70.1	125.6	1274	OK
2010	     0	68.4	122.8	1244	OK
2011	     0	68.7	123.9	1253	OK
2012	     0	68.5	123.1	1268	OK
2013	     0	68.8	126.9	1259	OK
2014	     0	68.2	123.2	1265	OK
2015	     0	68.6	124.4	1280	OK
2016	     0	70.0	126.3	1252	OK
2017	     0	68.6	122.9	1255	OK
2018	     0	70.1	124.4	1263	OK
2019	     0	70.6	124.3	1286	OK
2020	     0	70.1	126.0	1250	OK
2021	     0	70.8	125.5	1245	OK
2022	     0	70.1	127.7	1258	OK
2023	     0	71.3	129.7	1255	OK
2024	     0	69.5	125.9	1269	OK
2025	     0	69.8	128.2	1253	OK
2026	     0	69.9	126.1	1281	OK
2027	     0	69.1	121.3	1237	OK
2028	     0	68.8	121.5	1254	OK
2029	     0	67.7	123.2	1259	OK
2030	     0	68.8	123.5	1272	OK
2031	     0	70.1	125.8	1280	OK
2032	     0	66.8	120.2	1224	OK
2033	     0	69.4	124.7	1266	OK
2034	     0	70.7	127.9	1252	OK
2035	     0	69.4	123.3	1245	OK
2036	     0	70.3	128.2	1258	OK
2037	     0	69.1	123.8	1256	OK
2038	     0	68.7	123.3	1262	OK
2039	     0	71.2	127.6	1223	OK
2040	     0	70.3	125.1	1271	OK
2041	     0	71.7	128.9	1252	OK
2042	     0	70.1	124.4	1262	OK
2043	     0	70.8	129.1	1252	OK
2044	     0	69.4	125.6	1282	OK
2045	     0	69.6	126.8	1251	OK
2046	     0	72.5	131.2	1247	OK
2047	     0	71.3	127.7	1275	OK
