#chan	code	gain	vt50	innse	comment
   0	     0	58.5	85.2	1660	OK
   1	     0	60.1	86.6	1651	OK
   2	     0	56.4	84.4	1655	OK
   3	     0	56.1	84.4	1683	OK
   4	     0	57.1	84.0	1664	OK
   5	     0	55.7	82.4	1643	OK
   6	     0	56.3	80.7	1652	OK
   7	     0	56.0	81.7	1684	OK
   8	     0	55.9	82.0	1633	OK
   9	     0	55.9	82.9	1673	OK
  10	     0	56.2	82.3	1651	OK
  11	     0	57.0	81.7	1683	OK
  12	     0	58.1	82.8	1657	OK
  13	     0	57.5	82.8	1653	OK
  14	     0	58.9	85.7	1649	OK
  15	     0	55.9	83.1	1637	OK
  16	     0	55.5	84.7	1658	OK
  17	     0	55.8	82.9	1666	OK
  18	     0	54.7	82.5	1647	OK
  19	     0	57.1	79.8	1614	OK
  20	     0	57.0	82.9	1669	OK
  21	     0	57.4	88.4	1614	OK
  22	     0	56.4	85.9	1647	OK
  23	     0	57.5	83.5	1653	OK
  24	     0	56.5	83.5	1670	OK
  25	     0	59.0	88.1	1642	OK
  26	     0	56.6	85.2	1650	OK
  27	     0	56.9	84.8	1653	OK
  28	     0	57.2	84.8	1648	OK
  29	     0	57.5	87.9	1641	OK
  30	     0	55.5	81.2	1653	OK
  31	     0	57.9	87.5	1614	OK
  32	     0	55.7	80.8	1670	OK
  33	     0	59.2	83.9	1658	OK
  34	     0	57.8	86.9	1618	OK
  35	     0	60.2	87.1	1612	OK
  36	     0	58.2	85.5	1634	OK
  37	     0	57.8	86.8	1652	OK
  38	     0	55.9	81.8	1659	OK
  39	     0	56.2	87.0	1651	OK
  40	     0	55.6	81.7	1652	OK
  41	     0	56.0	85.3	1672	OK
  42	     0	56.9	85.4	1655	OK
  43	     0	55.2	82.9	1681	OK
  44	     0	55.1	82.2	1668	OK
  45	     0	56.7	85.5	1690	OK
  46	     0	55.0	82.0	1658	OK
  47	     0	56.3	85.4	1671	OK
  48	     0	57.9	86.2	1666	OK
  49	     0	57.9	86.6	1674	OK
  50	     0	57.4	82.5	1657	OK
  51	     0	56.5	83.0	1675	OK
  52	     0	59.4	88.4	1654	OK
  53	     0	57.7	86.0	1636	OK
  54	     0	55.7	83.1	1661	OK
  55	     0	55.6	81.3	1663	OK
  56	     0	56.7	83.0	1638	OK
  57	     0	58.6	84.6	1655	OK
  58	     0	56.5	83.9	1666	OK
  59	     0	58.8	86.1	1655	OK
  60	     0	57.3	85.0	1689	OK
  61	     0	56.9	84.5	1697	OK
  62	     0	60.4	89.5	1603	OK
  63	     0	61.2	86.9	1651	OK
  64	     0	59.6	86.7	1628	OK
  65	     0	60.7	86.2	1644	OK
  66	     0	57.0	83.7	1645	OK
  67	     0	58.6	86.0	1645	OK
  68	     0	58.6	84.3	1644	OK
  69	     0	57.9	83.7	1675	OK
  70	     0	56.6	84.6	1672	OK
  71	     0	57.7	85.7	1685	OK
  72	     0	57.3	83.7	1641	OK
  73	     0	55.3	83.2	1676	OK
  74	     0	56.4	81.4	1640	OK
  75	     0	57.3	83.7	1667	OK
  76	     0	56.9	88.0	1608	OK
  77	     0	56.0	84.5	1672	OK
  78	     0	57.2	84.3	1648	OK
  79	     0	58.3	85.9	1675	OK
  80	     0	57.3	86.0	1629	OK
  81	     0	57.1	83.6	1674	OK
  82	     0	56.9	84.0	1668	OK
  83	     0	55.5	81.9	1667	OK
  84	     0	58.3	87.7	1665	OK
  85	     0	55.1	82.5	1681	OK
  86	     0	58.2	84.4	1641	OK
  87	     0	55.2	81.8	1660	OK
  88	     0	55.3	80.5	1681	OK
  89	     0	55.1	85.1	1667	OK
  90	     0	57.2	86.4	1661	OK
  91	     0	56.5	83.0	1661	OK
  92	     0	57.6	83.6	1643	OK
  93	     0	54.6	80.9	1678	OK
  94	     0	54.7	82.4	1706	OK
  95	     0	55.1	81.5	1661	OK
  96	     0	58.5	84.3	1649	OK
  97	     0	55.5	83.1	1689	OK
  98	     0	59.1	86.3	1677	OK
  99	     0	56.9	81.5	1656	OK
 100	     0	55.9	83.5	1684	OK
 101	     0	54.9	84.0	1674	OK
 102	     0	57.1	84.2	1691	OK
 103	     0	55.7	81.9	1691	OK
 104	     0	56.6	84.3	1637	OK
 105	     0	55.4	81.8	1693	OK
 106	     0	55.3	80.8	1652	OK
 107	     0	56.2	81.6	1666	OK
 108	     0	58.1	86.5	1660	OK
 109	     0	55.4	82.2	1671	OK
 110	     0	57.7	85.3	1709	OK
 111	     0	56.5	79.8	1684	OK
 112	     0	56.6	82.6	1694	OK
 113	     0	57.4	84.3	1666	OK
 114	     0	56.8	87.2	1649	OK
 115	     0	56.7	83.6	1670	OK
 116	     0	56.6	85.4	1668	OK
 117	     0	57.1	83.0	1705	OK
 118	     0	56.8	85.0	1653	OK
 119	     0	55.7	84.0	1659	OK
 120	     0	57.2	84.4	1668	OK
 121	     0	56.8	82.7	1682	OK
 122	     0	55.5	81.3	1692	OK
 123	     0	55.9	81.6	1717	OK
 124	     0	58.2	84.5	1660	OK
 125	     0	56.0	81.0	1720	OK
 126	     0	58.0	85.4	1694	OK
 127	  4000	56.9	81.1	1857	high noise
 128	     0	59.4	85.9	1606	OK
 129	     0	58.1	85.1	1627	OK
 130	     0	57.3	84.1	1577	OK
 131	     0	59.9	90.4	1556	OK
 132	     0	56.4	83.5	1594	OK
 133	     0	59.2	85.0	1594	OK
 134	     0	57.1	85.1	1584	OK
 135	     0	59.1	84.1	1602	OK
 136	     0	56.5	81.6	1597	OK
 137	     0	58.3	87.4	1561	OK
 138	     0	56.7	84.8	1595	OK
 139	     0	56.2	84.7	1592	OK
 140	     0	56.2	82.0	1619	OK
 141	     0	56.9	82.0	1617	OK
 142	     0	55.0	82.4	1601	OK
 143	     0	55.3	82.8	1575	OK
 144	     0	57.5	83.0	1596	OK
 145	     0	56.4	84.1	1580	OK
 146	     0	57.3	83.9	1585	OK
 147	     0	58.0	84.0	1605	OK
 148	     0	58.5	83.5	1573	OK
 149	     0	59.2	87.0	1538	OK
 150	     0	57.7	84.2	1576	OK
 151	     0	55.4	83.2	1573	OK
 152	     0	56.1	82.7	1600	OK
 153	     0	57.7	84.2	1595	OK
 154	     0	60.0	85.2	1546	OK
 155	     0	57.7	86.1	1554	OK
 156	     0	55.1	81.3	1607	OK
 157	     0	55.1	79.9	1611	OK
 158	     0	56.2	79.3	1604	OK
 159	     0	56.9	81.9	1561	OK
 160	     0	54.7	83.9	1627	OK
 161	     0	58.9	84.0	1597	OK
 162	     0	55.8	81.1	1581	OK
 163	     0	56.5	84.8	1572	OK
 164	     0	57.4	83.8	1626	OK
 165	     0	57.1	86.0	1568	OK
 166	     0	55.9	85.4	1601	OK
 167	     0	56.1	83.2	1630	OK
 168	     0	57.0	85.3	1580	OK
 169	     0	58.5	86.1	1599	OK
 170	     0	56.2	81.0	1601	OK
 171	     0	57.9	84.7	1625	OK
 172	     0	56.5	85.9	1585	OK
 173	     0	57.7	87.0	1605	OK
 174	     0	57.6	83.8	1621	OK
 175	     0	58.0	83.5	1600	OK
 176	     0	55.7	84.1	1592	OK
 177	     0	58.1	87.0	1597	OK
 178	     0	56.4	82.7	1627	OK
 179	     0	58.8	85.2	1615	OK
 180	     0	58.2	83.4	1628	OK
 181	     0	57.6	84.8	1634	OK
 182	     0	55.3	82.1	1620	OK
 183	     0	58.1	86.0	1612	OK
 184	     0	60.4	87.1	1597	OK
 185	     0	58.0	83.8	1635	OK
 186	     0	56.5	80.2	1609	OK
 187	     0	56.4	82.0	1624	OK
 188	     0	56.7	84.9	1627	OK
 189	     0	57.2	85.3	1594	OK
 190	     0	57.1	85.2	1632	OK
 191	     0	58.8	86.1	1586	OK
 192	     0	57.8	85.6	1595	OK
 193	     0	57.8	84.4	1601	OK
 194	     0	56.6	85.5	1607	OK
 195	     0	58.6	84.4	1605	OK
 196	     0	55.7	80.4	1610	OK
 197	     0	56.5	81.2	1604	OK
 198	     0	54.2	81.2	1614	OK
 199	     0	57.1	84.6	1619	OK
 200	     0	54.3	80.4	1601	OK
 201	     0	56.6	82.9	1647	OK
 202	     0	54.0	82.0	1625	OK
 203	     0	56.5	84.4	1616	OK
 204	     0	53.1	78.6	1630	OK
 205	     0	54.9	79.9	1634	OK
 206	     0	54.2	81.1	1655	OK
 207	     0	52.7	79.8	1646	OK
 208	     0	55.8	83.6	1619	OK
 209	     0	54.1	80.9	1625	OK
 210	     0	53.3	81.2	1666	OK
 211	     0	56.0	84.8	1642	OK
 212	     0	56.2	84.1	1641	OK
 213	     0	53.9	82.2	1658	OK
 214	     0	53.9	81.2	1651	OK
 215	     0	53.8	82.8	1634	OK
 216	     0	55.5	83.0	1643	OK
 217	     0	56.6	83.1	1655	OK
 218	     0	55.1	81.1	1603	OK
 219	     0	55.5	85.0	1607	OK
 220	     0	54.8	83.5	1613	OK
 221	     0	55.7	86.3	1608	OK
 222	     0	53.4	84.7	1595	OK
 223	     0	54.0	79.5	1667	OK
 224	     0	57.1	86.5	1636	OK
 225	     0	55.8	84.1	1625	OK
 226	     0	55.9	85.6	1611	OK
 227	     0	56.5	84.4	1627	OK
 228	     0	57.1	85.0	1599	OK
 229	     0	57.1	82.6	1658	OK
 230	     0	53.5	81.9	1624	OK
 231	     0	55.2	81.2	1647	OK
 232	     0	54.5	83.3	1628	OK
 233	     0	53.8	82.0	1633	OK
 234	     0	54.7	84.8	1631	OK
 235	     0	56.1	83.9	1641	OK
 236	     0	56.2	82.3	1621	OK
 237	     0	55.1	79.0	1642	OK
 238	     0	54.7	83.8	1606	OK
 239	     0	55.6	83.9	1637	OK
 240	     0	55.2	81.6	1635	OK
 241	     0	53.0	79.3	1632	OK
 242	     0	53.9	83.3	1651	OK
 243	     0	54.1	84.0	1676	OK
 244	     0	58.3	86.8	1634	OK
 245	     0	53.5	80.9	1665	OK
 246	     0	54.8	83.1	1626	OK
 247	     0	55.1	83.4	1608	OK
 248	     0	53.4	82.9	1637	OK
 249	     0	49.5	75.7	1666	OK
 250	     0	53.5	81.4	1682	OK
 251	     0	54.1	81.1	1644	OK
 252	     0	54.6	81.3	1663	OK
 253	     0	53.7	80.5	1671	OK
 254	     0	54.9	84.1	1600	OK
 255	     0	55.3	87.9	1607	OK
 256	  4000	63.7	88.3	1642	high noise
 257	     0	62.0	93.2	1604	OK
 258	  4000	60.4	87.0	1636	high noise
 259	  4000	62.8	89.4	1632	high noise
 260	  4000	63.0	88.6	1629	high noise
 261	     0	63.0	92.0	1605	OK
 262	     0	61.2	90.5	1607	OK
 263	     0	60.2	120.8	1488	OK
 264	  4000	59.3	86.3	1628	high noise
 265	  4000	61.6	88.9	1678	high noise
 266	  4000	63.2	88.6	1655	high noise
 267	  4000	60.4	85.1	1694	high noise
 268	  4000	61.1	84.9	1664	high noise
 269	  4000	60.9	90.3	1639	high noise
 270	     0	62.7	94.6	1581	OK
 271	  4000	63.0	88.7	1665	high noise
 272	  4000	61.5	88.9	1651	high noise
 273	     0	60.1	90.5	1623	OK
 274	  4000	59.0	83.8	1657	high noise
 275	     0	60.0	89.9	1615	OK
 276	     0	60.4	87.7	1593	OK
 277	     0	59.8	87.3	1623	OK
 278	     0	61.6	89.5	1581	OK
 279	     0	60.4	89.1	1609	OK
 280	     0	61.3	87.8	1610	OK
 281	     0	64.2	89.7	1598	OK
 282	     0	60.9	85.1	1599	OK
 283	     0	60.4	88.5	1616	OK
 284	     0	62.1	90.6	1568	OK
 285	     0	60.4	86.7	1591	OK
 286	     0	60.4	85.5	1597	OK
 287	     0	59.1	84.9	1577	OK
 288	     0	61.4	88.1	1583	OK
 289	     0	60.9	85.3	1604	OK
 290	     0	63.7	89.6	1538	OK
 291	     0	59.5	84.1	1563	OK
 292	     0	60.8	86.1	1561	OK
 293	     0	61.4	85.7	1539	OK
 294	     0	61.7	89.1	1536	OK
 295	     0	59.5	84.7	1576	OK
 296	     0	59.1	86.4	1540	OK
 297	     0	60.4	86.2	1527	OK
 298	     0	60.8	84.8	1571	OK
 299	     0	60.7	88.6	1515	OK
 300	     0	62.2	88.3	1527	OK
 301	     0	62.5	89.7	1528	OK
 302	     0	60.5	85.7	1551	OK
 303	     0	60.4	87.0	1557	OK
 304	     0	60.7	88.5	1537	OK
 305	     0	59.2	84.4	1571	OK
 306	     0	60.7	87.6	1541	OK
 307	     0	58.7	83.5	1554	OK
 308	     0	59.8	88.1	1516	OK
 309	     0	60.5	87.1	1553	OK
 310	     0	59.7	83.6	1550	OK
 311	     0	61.2	87.1	1536	OK
 312	     0	61.0	85.7	1550	OK
 313	     0	62.4	90.3	1487	OK
 314	     0	62.0	85.7	1542	OK
 315	     0	61.0	87.6	1502	OK
 316	     0	62.6	87.1	1526	OK
 317	     0	64.0	89.0	1524	OK
 318	     0	63.5	89.5	1539	OK
 319	     0	63.4	90.1	1493	OK
 320	     0	66.1	90.0	1502	OK
 321	     0	65.9	90.0	1503	OK
 322	     0	61.8	85.3	1564	OK
 323	     0	62.7	88.3	1533	OK
 324	     0	63.5	87.8	1536	OK
 325	     0	61.8	86.0	1567	OK
 326	     0	60.6	89.1	1513	OK
 327	     0	63.4	87.6	1528	OK
 328	     0	60.7	83.4	1580	OK
 329	     0	60.7	87.2	1556	OK
 330	     0	61.5	89.3	1536	OK
 331	     0	57.2	85.5	1548	OK
 332	     0	62.5	99.5	1432	OK
 333	     0	59.3	87.3	1545	OK
 334	     0	58.9	85.3	1554	OK
 335	     0	61.0	88.4	1564	OK
 336	     0	61.5	87.1	1529	OK
 337	     0	60.1	86.1	1563	OK
 338	     0	57.1	82.9	1547	OK
 339	     0	60.4	89.3	1510	OK
 340	     0	61.4	89.4	1510	OK
 341	     0	60.7	85.3	1570	OK
 342	     0	60.0	84.0	1587	OK
 343	     0	59.0	84.5	1529	OK
 344	     0	60.3	86.3	1562	OK
 345	     0	60.8	86.8	1569	OK
 346	     0	60.0	86.9	1564	OK
 347	     0	61.8	87.9	1562	OK
 348	     0	60.5	87.9	1550	OK
 349	     0	60.7	85.4	1573	OK
 350	     0	57.2	82.4	1605	OK
 351	     0	59.8	86.5	1546	OK
 352	     0	59.7	84.2	1601	OK
 353	     0	59.2	84.3	1582	OK
 354	     0	58.7	84.4	1585	OK
 355	     0	58.6	83.6	1579	OK
 356	     0	60.1	86.3	1559	OK
 357	     0	58.7	84.2	1598	OK
 358	     0	61.6	87.0	1538	OK
 359	     0	58.9	83.1	1577	OK
 360	     0	62.8	104.1	1433	OK
 361	     0	60.5	84.8	1525	OK
 362	     0	57.9	82.4	1568	OK
 363	     0	59.5	85.0	1548	OK
 364	     0	58.5	81.7	1572	OK
 365	     0	60.7	86.0	1535	OK
 366	     0	58.0	83.0	1536	OK
 367	     0	60.5	87.0	1519	OK
 368	     0	58.0	83.3	1537	OK
 369	     0	59.7	86.1	1551	OK
 370	     0	57.3	85.0	1565	OK
 371	     0	60.4	86.0	1559	OK
 372	     0	59.1	83.7	1533	OK
 373	     0	60.1	85.0	1535	OK
 374	     0	60.7	86.8	1524	OK
 375	     0	59.9	85.8	1542	OK
 376	     0	61.5	89.4	1510	OK
 377	     0	58.6	82.9	1545	OK
 378	     0	61.4	87.0	1511	OK
 379	     0	61.6	86.8	1525	OK
 380	     0	63.6	91.9	1474	OK
 381	     0	62.0	87.3	1522	OK
 382	     0	62.5	87.1	1549	OK
 383	     0	62.1	87.0	1531	OK
 384	     0	65.1	90.0	1626	OK
 385	     0	66.5	94.2	1579	OK
 386	     0	66.7	93.9	1562	OK
 387	     0	62.9	90.9	1594	OK
 388	     0	59.1	84.4	1638	OK
 389	     0	61.8	83.4	1625	OK
 390	     0	59.3	83.5	1615	OK
 391	     0	61.2	86.8	1594	OK
 392	     0	60.9	87.7	1596	OK
 393	     0	62.1	90.1	1576	OK
 394	     0	62.1	88.2	1603	OK
 395	     0	66.2	90.4	1620	OK
 396	     0	62.2	89.5	1574	OK
 397	     0	61.8	89.7	1560	OK
 398	     0	64.5	90.2	1566	OK
 399	     0	62.0	87.9	1583	OK
 400	     0	65.0	90.7	1535	OK
 401	     0	64.9	92.7	1515	OK
 402	     0	62.9	86.8	1588	OK
 403	     0	61.7	88.5	1566	OK
 404	     0	63.4	88.8	1532	OK
 405	     0	62.1	86.4	1539	OK
 406	     0	63.9	88.9	1539	OK
 407	     0	62.8	88.0	1518	OK
 408	     0	62.6	88.6	1495	OK
 409	     0	63.0	90.7	1483	OK
 410	     0	60.7	86.3	1503	OK
 411	     0	61.2	84.7	1503	OK
 412	     0	62.9	88.6	1470	OK
 413	     0	62.1	87.9	1473	OK
 414	     0	62.9	87.0	1466	OK
 415	     0	60.3	86.5	1463	OK
 416	     0	60.7	84.7	1486	OK
 417	     0	61.7	87.7	1397	OK
 418	     0	62.5	89.1	1445	OK
 419	     0	59.5	83.5	1466	OK
 420	     0	59.8	85.4	1444	OK
 421	     0	62.1	88.4	1388	OK
 422	     0	60.1	86.2	1411	OK
 423	     0	60.8	84.2	1432	OK
 424	     0	64.2	89.1	1416	OK
 425	     0	61.1	87.9	1408	OK
 426	     0	62.2	88.8	1382	OK
 427	     0	59.9	85.6	1401	OK
 428	     0	61.1	85.1	1419	OK
 429	     0	60.6	87.5	1391	OK
 430	     0	63.0	87.8	1369	OK
 431	     0	60.7	86.1	1420	OK
 432	     0	62.0	88.1	1408	OK
 433	     0	60.8	88.3	1357	OK
 434	     0	63.7	91.4	1355	OK
 435	     0	61.3	87.4	1396	OK
 436	     0	61.6	85.9	1395	OK
 437	     0	62.2	88.8	1349	OK
 438	     0	60.8	86.9	1377	OK
 439	     0	61.6	89.0	1381	OK
 440	     0	61.9	86.8	1409	OK
 441	     0	64.7	91.6	1350	OK
 442	     0	60.2	87.7	1382	OK
 443	     0	60.0	86.7	1437	OK
 444	     0	64.8	90.2	1371	OK
 445	     0	65.8	91.2	1374	OK
 446	     0	63.1	89.7	1437	OK
 447	     0	66.3	92.6	1400	OK
 448	     0	64.1	89.8	1402	OK
 449	     0	62.2	88.1	1447	OK
 450	     0	61.2	90.0	1416	OK
 451	     0	60.7	86.8	1414	OK
 452	     0	57.6	84.8	1480	OK
 453	     0	64.0	90.4	1433	OK
 454	     0	59.3	85.2	1494	OK
 455	     0	59.8	88.9	1479	OK
 456	     0	62.3	85.3	1494	OK
 457	     0	60.0	87.2	1493	OK
 458	     0	60.3	88.4	1494	OK
 459	     0	61.4	88.7	1515	OK
 460	     0	62.2	89.0	1525	OK
 461	     0	60.0	87.0	1531	OK
 462	     0	58.9	85.3	1578	OK
 463	     0	59.7	88.0	1574	OK
 464	     0	60.9	90.1	1594	OK
 465	     0	61.7	90.3	1594	OK
 466	     0	60.2	86.1	1657	OK
 467	     0	60.3	85.8	1674	OK
 468	     0	59.4	88.7	1690	OK
 469	     0	61.2	97.1	1666	OK
 470	  4000	57.2	81.9	1790	high noise
 471	  4000	57.2	83.8	1823	high noise
 472	  4000	57.5	88.1	1814	high noise
 473	  4000	56.5	83.1	1824	high noise
 474	  4000	58.1	87.6	1850	high noise
 475	  4000	58.8	85.1	1828	high noise
 476	  4000	56.7	85.3	1828	high noise
 477	  4000	61.3	89.9	1781	high noise
 478	  4000	59.6	89.2	1778	high noise
 479	  4000	58.1	86.0	1784	high noise
 480	  4000	60.5	86.7	1764	high noise
 481	  4000	59.3	87.2	1767	high noise
 482	     0	58.7	87.4	1737	OK
 483	  4000	56.0	85.5	1784	high noise
 484	     0	56.5	82.2	1740	OK
 485	     0	57.3	86.7	1722	OK
 486	     0	59.2	87.7	1689	OK
 487	     0	56.9	85.9	1710	OK
 488	     0	60.1	88.7	1652	OK
 489	     0	57.6	83.0	1717	OK
 490	     0	58.9	87.7	1651	OK
 491	     0	56.9	82.2	1661	OK
 492	     0	54.3	81.3	1682	OK
 493	     0	58.6	87.1	1653	OK
 494	     0	57.9	85.5	1662	OK
 495	     0	57.6	88.1	1601	OK
 496	     0	60.1	86.6	1655	OK
 497	     0	57.7	86.6	1656	OK
 498	     0	57.8	84.9	1661	OK
 499	     0	56.6	83.7	1647	OK
 500	     0	54.7	83.0	1635	OK
 501	     0	55.7	83.1	1631	OK
 502	     0	56.4	83.5	1616	OK
 503	     0	58.3	92.2	1517	OK
 504	     0	56.7	82.4	1631	OK
 505	     0	57.2	85.6	1608	OK
 506	     0	58.5	89.2	1554	OK
 507	     0	56.4	85.6	1596	OK
 508	     0	56.2	83.9	1615	OK
 509	     0	56.4	84.4	1613	OK
 510	     0	56.9	85.5	1606	OK
 511	     0	59.3	89.5	1583	OK
 512	     0	60.5	89.5	1613	OK
 513	     0	58.7	87.9	1621	OK
 514	     0	59.2	85.8	1592	OK
 515	     0	58.8	87.0	1600	OK
 516	     0	58.2	85.3	1625	OK
 517	     0	58.6	88.0	1549	OK
 518	     0	58.5	84.5	1591	OK
 519	     0	58.5	87.6	1599	OK
 520	     0	59.8	86.3	1589	OK
 521	     0	57.6	83.6	1616	OK
 522	     0	61.2	89.1	1598	OK
 523	     0	59.9	88.5	1601	OK
 524	     0	56.7	82.9	1600	OK
 525	     0	57.8	85.3	1621	OK
 526	     0	57.4	85.9	1593	OK
 527	     0	57.3	83.2	1595	OK
 528	     0	59.0	88.8	1562	OK
 529	     0	58.7	88.5	1557	OK
 530	     0	60.0	85.8	1600	OK
 531	     0	57.2	84.3	1604	OK
 532	     0	59.9	88.4	1562	OK
 533	     0	59.6	85.7	1576	OK
 534	     0	58.0	85.8	1580	OK
 535	     0	57.4	86.2	1577	OK
 536	     0	61.2	88.0	1579	OK
 537	     0	59.7	87.5	1579	OK
 538	     0	59.6	87.6	1579	OK
 539	     0	61.2	87.7	1541	OK
 540	     0	58.4	83.0	1600	OK
 541	     0	56.7	83.9	1571	OK
 542	     0	60.6	85.9	1578	OK
 543	     0	59.4	87.5	1550	OK
 544	     0	58.3	87.5	1588	OK
 545	     0	57.7	84.4	1597	OK
 546	     0	58.1	85.1	1563	OK
 547	     0	59.2	88.2	1554	OK
 548	     0	57.7	83.0	1592	OK
 549	     0	58.2	85.3	1550	OK
 550	     0	59.3	91.1	1515	OK
 551	     0	57.8	87.5	1555	OK
 552	     0	61.4	87.6	1580	OK
 553	     0	61.3	88.9	1551	OK
 554	     0	58.7	86.1	1556	OK
 555	     0	60.4	89.6	1541	OK
 556	     0	58.5	87.2	1510	OK
 557	     0	59.4	85.4	1550	OK
 558	     0	60.5	89.1	1512	OK
 559	     0	59.7	86.9	1580	OK
 560	     0	59.7	89.5	1516	OK
 561	     0	60.5	89.0	1517	OK
 562	     0	59.9	89.1	1529	OK
 563	     0	59.5	86.5	1536	OK
 564	     0	61.9	88.2	1523	OK
 565	     0	61.0	89.6	1507	OK
 566	     0	62.1	91.6	1447	OK
 567	     0	58.5	88.0	1513	OK
 568	     0	60.3	87.0	1538	OK
 569	     0	59.8	86.4	1503	OK
 570	     0	59.2	87.3	1527	OK
 571	     0	63.4	89.7	1495	OK
 572	     0	60.8	89.0	1521	OK
 573	     0	62.9	94.3	1442	OK
 574	     0	62.3	90.1	1515	OK
 575	     0	64.8	92.5	1471	OK
 576	     0	61.6	89.4	1500	OK
 577	     0	59.3	84.7	1523	OK
 578	     0	59.7	86.2	1512	OK
 579	     0	59.7	87.2	1519	OK
 580	     0	60.2	86.4	1501	OK
 581	     0	61.5	89.3	1504	OK
 582	     0	58.9	86.1	1523	OK
 583	     0	59.6	87.0	1474	OK
 584	     0	58.0	88.5	1474	OK
 585	     0	56.3	81.7	1551	OK
 586	     0	60.5	88.9	1501	OK
 587	     0	58.5	87.2	1536	OK
 588	     0	56.4	82.6	1538	OK
 589	     0	56.7	84.8	1537	OK
 590	     0	59.0	90.7	1495	OK
 591	     0	58.5	85.2	1550	OK
 592	     0	59.1	89.5	1494	OK
 593	     0	58.7	87.7	1526	OK
 594	     0	58.5	88.0	1543	OK
 595	     0	60.5	86.7	1512	OK
 596	     0	59.2	86.2	1559	OK
 597	     0	57.4	84.6	1570	OK
 598	     0	56.4	85.5	1515	OK
 599	     0	60.3	87.7	1552	OK
 600	     0	59.5	91.0	1526	OK
 601	     0	60.9	88.4	1574	OK
 602	     0	58.1	86.1	1577	OK
 603	     0	58.6	88.7	1543	OK
 604	     0	58.9	86.5	1571	OK
 605	     0	60.1	87.3	1583	OK
 606	     0	55.9	85.9	1567	OK
 607	     0	60.3	89.9	1599	OK
 608	     0	58.4	84.3	1592	OK
 609	     0	57.7	86.7	1610	OK
 610	     0	57.4	85.7	1635	OK
 611	     0	58.9	86.0	1622	OK
 612	     0	60.4	90.7	1583	OK
 613	  4000	57.7	84.2	1664	high noise
 614	     0	60.5	91.4	1582	OK
 615	     0	61.7	91.0	1595	OK
 616	  4000	57.1	83.8	1649	high noise
 617	     0	59.4	87.1	1631	OK
 618	     0	61.0	88.7	1613	OK
 619	  4000	62.2	90.2	1657	high noise
 620	  4000	59.3	85.1	1684	high noise
 621	     0	63.1	95.3	1576	OK
 622	  4000	60.0	87.4	1683	high noise
 623	  4000	57.9	87.0	1677	high noise
 624	  4000	57.4	83.7	1682	high noise
 625	  4000	61.0	88.1	1680	high noise
 626	  4000	55.1	74.7	1671	high noise
 627	  4000	59.7	87.3	1677	high noise
 628	  4000	59.0	88.7	1684	high noise
 629	  4000	59.2	86.3	1716	high noise
 630	  4000	62.2	88.3	1688	high noise
 631	  4000	58.5	87.1	1708	high noise
 632	  4000	58.2	86.5	1698	high noise
 633	  4000	59.4	85.0	1722	high noise
 634	  4000	59.8	90.3	1686	high noise
 635	  4000	57.7	84.5	1743	high noise
 636	   200	66.7	95.5	1622	high gain
 637	  4000	61.8	88.9	1698	high noise
 638	  4000	60.9	91.3	1686	high noise
 639	  4000	62.2	89.3	1685	high noise
 640	     0	61.0	86.3	1553	OK
 641	     0	59.7	88.1	1543	OK
 642	     0	60.3	88.0	1532	OK
 643	     0	59.0	85.8	1570	OK
 644	     0	60.7	87.9	1550	OK
 645	     0	59.9	85.5	1557	OK
 646	     0	59.3	85.7	1559	OK
 647	  4000	59.2	84.9	1575	high noise
 648	     0	59.5	85.5	1535	OK
 649	     0	59.9	86.6	1517	OK
 650	     0	57.1	83.0	1537	OK
 651	     0	60.8	88.4	1485	OK
 652	     0	59.6	85.9	1519	OK
 653	     0	64.4	90.7	1474	OK
 654	     0	61.8	87.9	1524	OK
 655	     0	60.1	87.6	1506	OK
 656	     0	62.0	88.7	1466	OK
 657	     0	60.0	89.2	1456	OK
 658	     0	63.3	90.2	1483	OK
 659	     0	58.1	84.0	1528	OK
 660	     0	62.8	88.3	1522	OK
 661	     0	61.4	89.1	1485	OK
 662	     0	62.5	87.0	1519	OK
 663	     0	61.9	88.6	1529	OK
 664	     0	60.5	87.1	1502	OK
 665	     0	59.4	86.2	1529	OK
 666	     0	61.9	95.9	1396	OK
 667	     0	62.2	88.7	1487	OK
 668	     0	63.6	90.5	1458	OK
 669	     0	62.2	89.0	1467	OK
 670	     0	61.1	88.1	1465	OK
 671	     0	62.1	89.9	1458	OK
 672	     0	58.8	85.9	1508	OK
 673	     0	61.1	89.2	1449	OK
 674	     0	59.5	87.8	1444	OK
 675	     0	59.8	86.1	1477	OK
 676	     0	60.2	86.9	1450	OK
 677	     0	58.6	84.0	1474	OK
 678	     0	59.5	88.9	1471	OK
 679	     0	60.9	87.2	1475	OK
 680	     0	61.8	90.8	1472	OK
 681	     0	61.7	91.0	1436	OK
 682	     0	58.6	85.3	1506	OK
 683	     0	60.9	87.0	1472	OK
 684	     0	61.8	86.9	1508	OK
 685	     0	61.2	89.7	1466	OK
 686	     0	59.8	87.1	1521	OK
 687	     0	61.6	89.6	1485	OK
 688	     0	59.6	87.6	1502	OK
 689	     0	58.5	82.3	1536	OK
 690	     0	61.0	86.8	1530	OK
 691	     0	60.7	91.0	1464	OK
 692	     0	58.5	84.0	1530	OK
 693	     0	60.1	85.8	1501	OK
 694	     0	60.1	86.4	1509	OK
 695	     0	60.0	86.5	1521	OK
 696	     0	60.5	86.3	1496	OK
 697	     0	58.5	83.2	1524	OK
 698	     0	60.2	85.0	1535	OK
 699	     0	60.0	85.6	1539	OK
 700	     0	61.0	88.9	1478	OK
 701	     0	59.2	86.7	1512	OK
 702	     0	63.0	90.3	1484	OK
 703	     0	63.1	87.7	1497	OK
 704	     0	67.3	94.5	1419	OK
 705	     0	64.0	89.5	1523	OK
 706	     0	62.9	91.1	1463	OK
 707	     0	60.2	85.1	1519	OK
 708	     0	63.5	89.2	1458	OK
 709	     0	62.9	89.1	1499	OK
 710	     0	62.7	90.6	1479	OK
 711	     0	65.0	89.9	1476	OK
 712	     0	64.3	88.2	1512	OK
 713	     0	62.2	88.6	1508	OK
 714	     0	62.3	89.8	1464	OK
 715	     0	60.6	90.4	1475	OK
 716	     0	62.9	85.3	1523	OK
 717	     0	61.1	87.1	1505	OK
 718	     0	63.7	88.6	1493	OK
 719	     0	60.5	85.6	1530	OK
 720	     0	63.0	89.8	1488	OK
 721	     0	61.7	88.8	1490	OK
 722	     0	63.5	90.9	1476	OK
 723	     0	63.4	88.0	1500	OK
 724	     0	63.7	91.1	1456	OK
 725	     0	62.1	88.4	1511	OK
 726	     0	59.5	82.8	1542	OK
 727	     0	60.7	88.4	1494	OK
 728	     0	59.7	84.6	1510	OK
 729	     0	60.7	86.3	1534	OK
 730	     0	58.4	83.1	1553	OK
 731	     0	60.3	86.2	1503	OK
 732	     0	62.1	87.0	1519	OK
 733	     0	62.0	96.5	1374	OK
 734	     0	60.5	85.7	1524	OK
 735	     0	60.5	84.8	1526	OK
 736	     0	60.5	86.2	1497	OK
 737	     0	59.5	85.9	1510	OK
 738	     0	59.3	83.7	1545	OK
 739	     0	58.8	85.3	1522	OK
 740	     0	62.6	87.0	1519	OK
 741	     0	62.0	89.1	1470	OK
 742	     0	63.4	89.0	1490	OK
 743	     0	60.6	87.6	1493	OK
 744	     0	62.1	89.4	1483	OK
 745	     0	60.6	86.8	1528	OK
 746	     0	63.1	89.2	1495	OK
 747	     0	62.4	86.9	1508	OK
 748	     0	60.6	87.0	1504	OK
 749	     0	59.7	87.8	1506	OK
 750	     0	60.1	85.6	1522	OK
 751	     0	60.6	87.7	1512	OK
 752	     0	64.0	104.6	1337	OK
 753	     0	59.1	83.8	1528	OK
 754	     0	61.8	88.0	1519	OK
 755	     0	64.6	89.1	1517	OK
 756	     0	62.5	89.1	1503	OK
 757	     0	59.2	85.3	1528	OK
 758	     0	61.0	89.0	1497	OK
 759	     0	62.3	87.4	1529	OK
 760	     0	61.9	85.6	1522	OK
 761	     0	62.7	88.9	1523	OK
 762	     0	61.9	86.1	1542	OK
 763	     0	61.0	85.9	1529	OK
 764	     0	61.0	86.2	1504	OK
 765	     0	64.2	90.9	1468	OK
 766	     0	65.0	93.7	1470	OK
 767	     0	62.4	90.6	1488	OK
 768	     0	64.2	92.2	1473	OK
 769	     0	67.6	100.3	1396	OK
 770	     0	67.3	96.3	1407	OK
 771	     0	66.1	92.3	1455	OK
 772	     0	63.6	91.3	1459	OK
 773	     0	63.6	89.8	1465	OK
 774	     0	65.6	99.9	1326	OK
 775	     0	62.5	89.9	1448	OK
 776	     0	64.1	90.0	1474	OK
 777	     0	61.6	86.5	1493	OK
 778	     0	61.9	88.9	1430	OK
 779	     0	65.9	90.3	1421	OK
 780	     0	62.8	88.4	1433	OK
 781	     0	66.7	92.5	1404	OK
 782	     0	63.3	89.0	1441	OK
 783	     0	64.2	90.2	1470	OK
 784	     0	65.3	90.0	1439	OK
 785	     0	61.5	87.3	1468	OK
 786	     0	62.6	87.0	1485	OK
 787	     0	62.7	87.4	1491	OK
 788	     0	65.5	92.5	1417	OK
 789	     0	64.7	92.1	1415	OK
 790	     0	64.1	89.5	1445	OK
 791	     0	64.0	90.4	1453	OK
 792	     0	64.9	91.4	1443	OK
 793	     0	64.3	89.8	1422	OK
 794	     0	62.5	88.6	1451	OK
 795	     0	64.0	88.0	1460	OK
 796	     0	62.9	91.3	1430	OK
 797	     0	64.1	91.7	1418	OK
 798	     0	62.9	87.4	1458	OK
 799	     0	65.2	93.6	1376	OK
 800	     0	64.0	91.1	1445	OK
 801	     0	64.8	92.9	1397	OK
 802	     0	64.2	90.5	1466	OK
 803	     0	65.2	93.6	1398	OK
 804	     0	62.3	89.4	1465	OK
 805	     0	64.8	91.8	1464	OK
 806	     0	64.8	90.6	1508	OK
 807	     0	60.7	84.7	1537	OK
 808	     0	61.7	89.8	1494	OK
 809	     0	62.2	90.7	1489	OK
 810	     0	60.7	85.6	1544	OK
 811	     0	61.2	89.4	1535	OK
 812	     0	62.5	90.4	1498	OK
 813	     0	61.0	89.2	1540	OK
 814	     0	64.0	88.6	1541	OK
 815	     0	64.6	91.1	1492	OK
 816	     0	60.6	89.0	1539	OK
 817	     0	62.8	86.9	1571	OK
 818	     0	63.4	87.1	1566	OK
 819	     0	62.6	88.2	1574	OK
 820	     0	63.4	87.5	1554	OK
 821	     0	62.2	91.2	1529	OK
 822	     0	60.6	87.5	1546	OK
 823	     0	61.4	85.0	1580	OK
 824	     0	61.0	86.6	1583	OK
 825	     0	62.5	88.4	1533	OK
 826	     0	64.0	87.6	1570	OK
 827	     0	63.6	89.7	1557	OK
 828	     0	64.4	89.4	1542	OK
 829	     0	66.4	93.2	1532	OK
 830	     0	64.2	86.9	1583	OK
 831	     0	64.7	92.0	1534	OK
 832	     0	62.1	87.8	1544	OK
 833	     0	62.3	88.8	1543	OK
 834	     0	62.2	84.2	1602	OK
 835	     0	61.0	89.3	1556	OK
 836	     0	61.1	87.0	1584	OK
 837	     0	61.6	87.9	1571	OK
 838	     0	60.8	86.1	1587	OK
 839	     0	60.6	88.8	1564	OK
 840	     0	59.7	85.6	1548	OK
 841	     0	61.0	87.8	1566	OK
 842	     0	61.6	88.8	1554	OK
 843	     0	60.1	89.0	1534	OK
 844	     0	59.2	83.4	1598	OK
 845	     0	60.3	88.2	1528	OK
 846	     0	59.5	89.3	1544	OK
 847	     0	61.6	90.7	1560	OK
 848	     0	62.3	87.9	1582	OK
 849	     0	62.4	91.5	1537	OK
 850	     0	58.9	84.5	1607	OK
 851	     0	58.8	84.4	1564	OK
 852	     0	62.8	91.2	1556	OK
 853	     0	59.0	85.1	1590	OK
 854	     0	60.2	86.7	1587	OK
 855	     0	60.1	86.5	1556	OK
 856	     0	60.9	87.8	1552	OK
 857	     0	60.5	89.7	1550	OK
 858	     0	60.9	87.2	1569	OK
 859	     0	63.8	89.4	1556	OK
 860	     0	60.5	86.9	1569	OK
 861	     0	60.4	88.0	1513	OK
 862	     0	59.7	90.3	1543	OK
 863	     0	61.7	88.6	1571	OK
 864	     0	59.8	84.3	1567	OK
 865	     0	59.4	87.8	1596	OK
 866	     0	62.0	85.8	1599	OK
 867	     0	62.0	89.6	1535	OK
 868	     0	61.7	92.1	1502	OK
 869	     0	62.4	89.4	1569	OK
 870	     0	63.2	87.3	1543	OK
 871	     0	60.8	85.8	1580	OK
 872	     0	59.0	86.8	1597	OK
 873	     0	61.0	86.6	1567	OK
 874	     0	61.8	87.3	1572	OK
 875	     0	61.1	86.2	1577	OK
 876	     0	63.6	91.2	1488	OK
 877	     0	62.4	89.2	1534	OK
 878	     0	60.8	86.4	1558	OK
 879	     0	61.4	88.6	1529	OK
 880	     0	61.4	90.4	1546	OK
 881	     0	60.7	89.6	1524	OK
 882	     0	58.6	87.1	1567	OK
 883	     0	62.5	90.1	1535	OK
 884	     0	60.7	89.4	1551	OK
 885	     0	59.2	87.0	1580	OK
 886	     0	62.0	88.0	1537	OK
 887	     0	58.9	84.7	1596	OK
 888	     0	61.4	89.0	1551	OK
 889	     0	61.1	88.0	1570	OK
 890	     0	60.1	86.6	1566	OK
 891	     0	61.8	88.2	1549	OK
 892	     0	62.0	84.6	1558	OK
 893	     0	62.2	90.7	1514	OK
 894	     0	64.6	90.1	1562	OK
 895	     0	62.3	90.4	1522	OK
 896	     0	64.3	84.7	1614	OK
 897	     0	62.8	87.8	1496	OK
 898	     0	62.0	87.4	1463	OK
 899	     0	62.6	90.4	1436	OK
 900	     0	61.6	88.9	1460	OK
 901	     0	60.3	87.0	1446	OK
 902	     0	59.2	86.7	1464	OK
 903	     0	58.1	85.4	1478	OK
 904	     0	59.5	85.4	1467	OK
 905	     0	59.4	86.3	1482	OK
 906	     0	60.5	88.4	1477	OK
 907	     0	59.4	84.6	1523	OK
 908	     0	58.3	84.7	1528	OK
 909	     0	61.1	88.5	1466	OK
 910	     0	60.7	86.8	1511	OK
 911	     0	57.4	83.0	1568	OK
 912	     0	59.6	85.0	1543	OK
 913	     0	57.6	85.1	1566	OK
 914	     0	58.9	85.2	1559	OK
 915	     0	60.3	88.3	1519	OK
 916	     0	61.8	91.0	1526	OK
 917	     0	59.5	85.3	1592	OK
 918	     0	58.2	84.8	1554	OK
 919	     0	58.3	83.3	1594	OK
 920	     0	57.9	86.3	1605	OK
 921	     0	60.4	85.9	1610	OK
 922	     0	58.9	85.5	1591	OK
 923	     0	59.1	86.4	1611	OK
 924	     0	58.5	83.8	1611	OK
 925	     0	60.2	88.5	1582	OK
 926	     0	60.4	87.5	1556	OK
 927	     0	56.8	86.0	1584	OK
 928	     0	58.9	85.3	1573	OK
 929	     0	57.9	82.3	1613	OK
 930	     0	57.7	84.7	1575	OK
 931	     0	60.6	89.8	1503	OK
 932	     0	57.7	85.7	1563	OK
 933	     0	61.1	86.9	1597	OK
 934	     0	58.9	85.4	1579	OK
 935	     0	59.1	85.9	1625	OK
 936	     0	58.0	85.1	1615	OK
 937	     0	58.6	84.4	1602	OK
 938	     0	61.0	86.4	1589	OK
 939	     0	57.5	84.3	1606	OK
 940	     0	58.2	84.9	1614	OK
 941	     0	59.5	86.3	1592	OK
 942	     0	58.8	88.9	1560	OK
 943	     0	60.3	86.0	1595	OK
 944	     0	58.7	87.6	1591	OK
 945	     0	59.2	87.8	1565	OK
 946	     0	57.9	85.0	1613	OK
 947	     0	60.6	85.5	1597	OK
 948	     0	60.4	88.3	1580	OK
 949	     0	59.9	87.7	1580	OK
 950	     0	58.9	82.8	1610	OK
 951	     0	59.9	86.6	1613	OK
 952	     0	59.1	85.6	1571	OK
 953	     0	60.0	85.5	1607	OK
 954	     0	62.6	89.1	1584	OK
 955	     0	60.3	87.2	1583	OK
 956	     0	58.7	83.0	1622	OK
 957	     0	59.4	87.2	1573	OK
 958	     0	62.3	90.6	1569	OK
 959	     0	63.7	90.3	1577	OK
 960	     0	65.1	91.3	1550	OK
 961	     0	60.0	87.6	1587	OK
 962	     0	62.8	87.7	1584	OK
 963	     0	59.2	86.8	1600	OK
 964	     0	59.0	85.4	1607	OK
 965	     0	60.5	83.1	1596	OK
 966	     0	60.7	85.6	1585	OK
 967	     0	58.3	85.4	1602	OK
 968	     0	60.0	86.3	1580	OK
 969	     0	58.6	84.2	1607	OK
 970	     0	57.9	85.0	1590	OK
 971	     0	58.6	83.5	1619	OK
 972	     0	57.5	83.6	1608	OK
 973	     0	58.3	83.7	1654	OK
 974	     0	58.7	83.6	1609	OK
 975	     0	58.4	79.6	1614	OK
 976	     0	60.0	87.7	1571	OK
 977	     0	59.7	83.2	1639	OK
 978	     0	62.8	89.8	1569	OK
 979	     0	59.0	87.9	1577	OK
 980	     0	58.5	85.6	1577	OK
 981	     0	57.5	84.8	1585	OK
 982	     0	60.0	83.1	1608	OK
 983	     0	58.9	84.6	1579	OK
 984	     0	59.6	85.4	1564	OK
 985	     0	60.7	89.2	1557	OK
 986	     0	58.3	82.3	1601	OK
 987	     0	59.5	87.2	1596	OK
 988	     0	62.6	87.7	1585	OK
 989	     0	60.5	85.6	1602	OK
 990	     0	60.6	88.8	1555	OK
 991	     0	59.0	83.0	1615	OK
 992	     0	60.9	94.3	1478	OK
 993	     0	59.9	85.3	1598	OK
 994	     0	60.6	84.9	1607	OK
 995	     0	59.7	86.0	1588	OK
 996	     0	62.7	89.4	1566	OK
 997	     0	61.0	89.5	1530	OK
 998	     0	60.5	85.1	1590	OK
 999	     0	58.5	82.7	1594	OK
1000	     0	59.6	85.0	1599	OK
1001	     0	59.3	84.4	1593	OK
1002	     0	58.9	84.6	1538	OK
1003	     0	61.5	88.7	1583	OK
1004	     0	60.2	84.2	1579	OK
1005	     0	59.2	88.5	1525	OK
1006	     0	61.0	85.8	1551	OK
1007	     0	58.7	84.5	1589	OK
1008	     0	63.1	88.1	1545	OK
1009	     0	58.4	83.6	1578	OK
1010	     0	59.7	86.2	1548	OK
1011	     0	61.4	87.6	1546	OK
1012	     0	64.6	91.5	1505	OK
1013	     0	62.0	90.1	1496	OK
1014	     0	60.9	87.5	1561	OK
1015	     0	60.6	85.1	1552	OK
1016	     0	61.1	89.6	1508	OK
1017	     0	60.6	90.7	1467	OK
1018	     0	61.1	85.2	1521	OK
1019	     0	61.2	84.9	1526	OK
1020	     0	61.9	87.3	1499	OK
1021	     0	60.6	85.6	1553	OK
1022	     0	61.9	89.5	1507	OK
1023	     0	63.0	88.6	1483	OK
1024	     0	60.0	87.6	1525	OK
1025	     0	60.1	85.4	1516	OK
1026	     0	56.9	86.1	1526	OK
1027	     0	60.3	85.7	1506	OK
1028	     0	57.2	83.9	1536	OK
1029	     0	57.9	85.8	1487	OK
1030	     0	60.7	85.4	1547	OK
1031	     0	59.0	86.1	1517	OK
1032	     0	57.8	83.0	1537	OK
1033	     0	61.4	87.3	1506	OK
1034	     0	60.1	87.7	1516	OK
1035	     0	58.7	86.2	1535	OK
1036	     0	59.9	85.1	1529	OK
1037	     0	59.5	87.0	1534	OK
1038	     0	59.7	84.5	1527	OK
1039	     0	58.0	84.2	1518	OK
1040	     0	58.3	85.6	1559	OK
1041	     0	58.2	83.6	1540	OK
1042	     0	57.3	85.5	1516	OK
1043	     0	60.0	85.4	1515	OK
1044	     0	58.5	84.2	1547	OK
1045	     0	58.5	85.2	1518	OK
1046	     0	60.4	87.0	1502	OK
1047	     0	58.5	84.3	1535	OK
1048	     0	60.0	86.7	1505	OK
1049	     0	59.9	85.1	1500	OK
1050	     0	59.5	86.3	1516	OK
1051	     0	59.1	84.9	1525	OK
1052	     0	56.7	86.4	1523	OK
1053	     0	58.2	85.3	1556	OK
1054	     0	59.6	85.1	1544	OK
1055	     0	61.6	88.7	1511	OK
1056	     0	60.0	87.3	1519	OK
1057	     0	60.5	85.1	1512	OK
1058	     0	60.2	86.9	1540	OK
1059	     0	60.0	85.5	1539	OK
1060	     0	58.0	84.0	1515	OK
1061	     0	58.4	82.5	1554	OK
1062	     0	59.8	84.8	1537	OK
1063	     0	58.4	83.8	1531	OK
1064	     0	59.1	87.9	1530	OK
1065	     0	57.7	84.8	1550	OK
1066	     0	59.2	88.9	1512	OK
1067	     0	61.1	86.1	1530	OK
1068	     0	59.1	85.8	1522	OK
1069	     0	57.3	86.7	1523	OK
1070	     0	57.8	82.4	1534	OK
1071	     0	57.5	83.4	1541	OK
1072	     0	59.1	85.7	1538	OK
1073	     0	58.0	83.5	1567	OK
1074	     0	58.4	85.2	1563	OK
1075	     0	58.6	82.8	1577	OK
1076	     0	57.6	83.7	1556	OK
1077	     0	58.0	85.6	1535	OK
1078	     0	59.0	85.2	1533	OK
1079	     0	54.9	71.1	1509	OK
1080	     0	60.2	87.9	1527	OK
1081	     0	59.0	87.2	1505	OK
1082	     0	59.9	84.7	1548	OK
1083	     0	62.6	91.7	1488	OK
1084	     0	58.9	85.0	1558	OK
1085	     0	60.7	86.4	1557	OK
1086	     0	63.1	88.9	1535	OK
1087	     0	61.8	88.0	1528	OK
1088	     0	63.3	91.1	1510	OK
1089	     0	63.0	89.8	1476	OK
1090	     0	59.7	86.7	1517	OK
1091	     0	60.4	85.0	1545	OK
1092	     0	59.3	87.9	1545	OK
1093	     0	58.9	87.2	1499	OK
1094	     0	60.8	89.0	1530	OK
1095	     0	59.7	86.2	1514	OK
1096	     0	58.4	85.6	1526	OK
1097	     0	58.9	85.8	1536	OK
1098	     0	60.3	88.5	1495	OK
1099	     0	59.2	84.8	1539	OK
1100	     0	58.4	84.7	1531	OK
1101	     0	60.4	90.3	1468	OK
1102	     0	59.5	89.9	1500	OK
1103	     0	58.6	86.1	1523	OK
1104	     0	57.2	81.5	1556	OK
1105	     0	57.5	84.8	1546	OK
1106	     0	59.7	83.7	1545	OK
1107	     0	55.7	84.9	1542	OK
1108	     0	60.9	87.0	1524	OK
1109	     0	59.0	84.8	1523	OK
1110	     0	57.7	83.9	1531	OK
1111	     0	60.6	86.7	1537	OK
1112	     0	59.2	86.2	1526	OK
1113	     0	58.2	81.7	1542	OK
1114	     0	58.9	83.6	1541	OK
1115	     0	59.4	84.0	1570	OK
1116	     0	60.1	88.6	1510	OK
1117	     0	58.6	84.8	1548	OK
1118	     0	60.4	85.1	1555	OK
1119	     0	61.6	87.9	1524	OK
1120	     0	60.1	86.1	1549	OK
1121	     0	61.3	91.2	1480	OK
1122	     0	58.7	82.0	1546	OK
1123	     0	60.8	89.2	1486	OK
1124	     0	58.2	84.9	1525	OK
1125	     0	59.4	85.1	1546	OK
1126	     0	57.5	81.0	1530	OK
1127	     0	58.5	83.7	1553	OK
1128	     0	58.9	83.3	1574	OK
1129	     0	60.3	89.8	1470	OK
1130	     0	57.3	82.4	1563	OK
1131	     0	60.3	84.0	1570	OK
1132	     0	59.5	84.7	1547	OK
1133	     0	60.2	85.0	1517	OK
1134	     0	59.4	83.9	1566	OK
1135	     0	59.3	87.4	1550	OK
1136	     0	60.1	86.1	1552	OK
1137	     0	59.3	85.6	1540	OK
1138	     0	55.9	81.5	1540	OK
1139	     0	59.5	87.3	1534	OK
1140	     0	60.9	91.2	1463	OK
1141	     0	60.3	87.2	1536	OK
1142	     0	58.7	87.2	1519	OK
1143	     0	59.5	87.0	1547	OK
1144	     0	59.9	85.2	1544	OK
1145	     0	60.7	87.0	1544	OK
1146	     0	60.1	87.3	1557	OK
1147	     0	59.3	87.3	1560	OK
1148	     0	62.5	88.6	1559	OK
1149	     0	58.9	86.5	1600	OK
1150	     0	63.6	87.4	1606	OK
1151	  4000	58.5	83.3	1760	high noise
1152	     0	60.0	86.9	1453	OK
1153	     0	62.8	88.5	1455	OK
1154	     0	59.3	86.5	1469	OK
1155	     0	57.1	84.4	1513	OK
1156	     0	57.2	82.9	1470	OK
1157	     0	60.5	85.3	1488	OK
1158	     0	58.4	84.7	1456	OK
1159	     0	56.3	83.7	1487	OK
1160	     0	59.0	85.9	1480	OK
1161	     0	62.7	90.0	1454	OK
1162	     0	57.4	84.0	1479	OK
1163	     0	55.9	81.5	1518	OK
1164	     0	57.7	83.2	1514	OK
1165	     0	58.9	86.2	1468	OK
1166	     0	56.9	83.1	1468	OK
1167	     0	57.7	83.4	1519	OK
1168	     0	60.0	86.5	1471	OK
1169	     0	56.4	82.2	1482	OK
1170	     0	58.0	83.6	1485	OK
1171	     0	58.7	85.3	1501	OK
1172	     0	60.2	87.3	1477	OK
1173	     0	59.3	83.7	1471	OK
1174	     0	60.0	86.6	1475	OK
1175	     0	59.3	83.8	1511	OK
1176	     0	56.9	85.7	1483	OK
1177	     0	61.8	85.8	1478	OK
1178	     0	58.6	84.8	1514	OK
1179	     0	56.8	84.4	1476	OK
1180	     0	57.8	84.0	1494	OK
1181	     0	59.2	84.9	1512	OK
1182	     0	58.5	86.6	1453	OK
1183	     0	59.4	83.6	1499	OK
1184	     0	59.2	83.9	1471	OK
1185	     0	57.4	84.8	1476	OK
1186	     0	57.4	86.3	1467	OK
1187	     0	56.3	81.1	1523	OK
1188	     0	58.9	85.2	1497	OK
1189	     0	58.5	85.1	1492	OK
1190	     0	57.8	84.4	1491	OK
1191	     0	61.0	104.3	1318	OK
1192	     0	59.1	86.5	1487	OK
1193	     0	56.8	83.7	1524	OK
1194	     0	59.5	86.6	1475	OK
1195	     0	60.0	86.5	1504	OK
1196	     0	59.7	87.6	1476	OK
1197	     0	58.6	86.1	1481	OK
1198	     0	59.6	87.3	1469	OK
1199	     0	59.3	85.3	1481	OK
1200	     0	57.3	82.8	1520	OK
1201	     0	59.3	86.7	1491	OK
1202	     0	58.6	84.8	1478	OK
1203	     0	59.9	86.9	1463	OK
1204	     0	58.5	85.6	1501	OK
1205	     0	60.0	83.6	1513	OK
1206	     0	60.3	87.6	1466	OK
1207	     0	58.4	83.7	1514	OK
1208	     0	58.7	84.8	1491	OK
1209	     0	61.3	86.6	1508	OK
1210	     0	60.3	87.1	1522	OK
1211	     0	57.9	83.1	1510	OK
1212	     0	58.5	83.7	1501	OK
1213	     0	58.4	84.2	1515	OK
1214	     0	60.7	86.3	1495	OK
1215	     0	62.9	90.1	1461	OK
1216	     0	57.0	83.5	1514	OK
1217	     0	59.6	88.6	1469	OK
1218	     0	57.2	82.8	1504	OK
1219	     0	56.6	82.4	1494	OK
1220	     0	58.4	85.1	1500	OK
1221	     0	58.8	84.5	1480	OK
1222	     0	56.4	84.3	1508	OK
1223	     0	55.4	81.0	1548	OK
1224	     0	57.3	85.4	1483	OK
1225	     0	56.5	83.0	1519	OK
1226	     0	57.7	83.7	1512	OK
1227	     0	58.2	86.6	1480	OK
1228	     0	56.7	84.8	1504	OK
1229	     0	56.1	83.8	1514	OK
1230	     0	56.3	83.7	1512	OK
1231	     0	55.8	83.4	1479	OK
1232	     0	55.8	83.8	1501	OK
1233	     0	58.4	84.5	1514	OK
1234	     0	57.3	83.6	1520	OK
1235	     0	57.4	85.3	1497	OK
1236	     0	55.5	83.4	1492	OK
1237	     0	56.6	81.8	1518	OK
1238	     0	57.1	85.0	1476	OK
1239	     0	56.1	81.8	1524	OK
1240	     0	58.6	82.6	1506	OK
1241	     0	57.5	83.7	1524	OK
1242	     0	55.8	82.3	1529	OK
1243	     0	55.5	83.7	1503	OK
1244	     0	56.8	84.1	1513	OK
1245	     0	56.3	84.1	1503	OK
1246	     0	58.9	106.6	1311	OK
1247	     0	56.3	83.3	1512	OK
1248	     0	58.6	85.5	1503	OK
1249	     0	57.4	85.9	1500	OK
1250	     0	59.8	84.4	1502	OK
1251	     0	57.5	83.6	1524	OK
1252	     0	58.4	86.7	1505	OK
1253	     0	57.4	84.4	1512	OK
1254	     0	57.4	85.1	1511	OK
1255	     0	56.6	83.8	1505	OK
1256	     0	56.0	83.2	1549	OK
1257	     0	58.2	85.7	1466	OK
1258	     0	58.9	87.8	1500	OK
1259	     0	59.2	85.2	1533	OK
1260	     0	58.4	83.6	1517	OK
1261	     0	56.7	84.8	1508	OK
1262	     0	57.3	84.0	1532	OK
1263	     0	56.5	85.0	1505	OK
1264	     0	56.5	85.0	1498	OK
1265	     0	55.3	82.4	1535	OK
1266	     0	56.6	82.7	1541	OK
1267	     0	54.9	82.8	1506	OK
1268	     0	57.4	82.5	1556	OK
1269	     0	57.2	85.5	1483	OK
1270	     0	59.0	84.7	1489	OK
1271	     0	55.8	85.8	1511	OK
1272	     0	57.5	85.2	1516	OK
1273	     0	58.4	82.3	1538	OK
1274	     0	55.7	84.2	1517	OK
1275	     0	57.6	84.9	1525	OK
1276	     0	57.3	85.9	1498	OK
1277	     0	60.4	88.1	1489	OK
1278	     0	59.1	84.7	1534	OK
1279	     0	58.8	86.2	1542	OK
1280	     0	65.9	92.0	1393	OK
1281	     0	62.3	88.0	1423	OK
1282	     0	64.9	92.3	1368	OK
1283	     0	65.1	90.1	1367	OK
1284	     0	64.4	90.9	1359	OK
1285	     0	63.5	91.2	1375	OK
1286	     0	61.9	85.5	1415	OK
1287	     0	63.1	89.6	1384	OK
1288	     0	62.5	86.7	1423	OK
1289	     0	62.8	97.2	1291	OK
1290	     0	63.5	92.1	1360	OK
1291	     0	62.5	87.5	1418	OK
1292	     0	64.0	91.0	1374	OK
1293	     0	61.4	87.6	1422	OK
1294	     0	62.4	89.5	1394	OK
1295	     0	64.4	89.0	1407	OK
1296	     0	62.6	86.0	1433	OK
1297	     0	62.0	85.4	1409	OK
1298	     0	62.8	88.4	1398	OK
1299	     0	63.2	87.2	1415	OK
1300	     0	62.0	89.4	1403	OK
1301	     0	64.8	91.2	1386	OK
1302	     0	64.6	89.0	1388	OK
1303	     0	61.5	86.7	1430	OK
1304	     0	64.5	92.5	1350	OK
1305	     0	65.3	92.7	1363	OK
1306	     0	63.9	90.7	1382	OK
1307	     0	62.0	90.1	1415	OK
1308	     0	63.4	89.9	1411	OK
1309	     0	61.4	88.1	1396	OK
1310	     0	61.9	88.5	1396	OK
1311	     0	61.3	91.5	1373	OK
1312	     0	62.9	87.5	1405	OK
1313	     0	64.0	89.6	1418	OK
1314	     0	59.9	84.7	1434	OK
1315	     0	61.9	86.6	1386	OK
1316	     0	63.5	89.1	1407	OK
1317	     0	62.1	87.0	1429	OK
1318	     0	63.4	89.4	1400	OK
1319	     0	62.5	87.4	1432	OK
1320	     0	62.9	90.4	1389	OK
1321	     0	61.0	89.5	1380	OK
1322	     0	63.8	90.8	1406	OK
1323	     0	62.9	89.5	1394	OK
1324	     0	63.3	88.9	1402	OK
1325	     0	62.5	86.7	1451	OK
1326	     0	63.9	89.5	1431	OK
1327	     0	65.3	88.4	1454	OK
1328	     0	61.5	86.5	1459	OK
1329	     0	62.6	86.4	1432	OK
1330	     0	62.3	89.4	1424	OK
1331	     0	63.6	88.3	1415	OK
1332	     0	63.1	88.6	1397	OK
1333	     0	63.3	87.9	1419	OK
1334	     0	66.0	90.5	1393	OK
1335	     0	64.4	91.5	1397	OK
1336	     0	63.7	88.9	1394	OK
1337	     0	65.7	93.5	1340	OK
1338	     0	65.6	88.1	1427	OK
1339	     0	64.2	91.9	1388	OK
1340	     0	64.1	90.3	1389	OK
1341	     0	62.9	87.1	1430	OK
1342	     0	65.8	91.0	1397	OK
1343	     0	66.7	92.2	1388	OK
1344	     0	66.1	92.9	1403	OK
1345	     0	67.4	92.0	1369	OK
1346	     0	64.0	88.7	1412	OK
1347	     0	62.7	88.8	1422	OK
1348	     0	63.3	88.9	1400	OK
1349	     0	62.7	92.2	1377	OK
1350	     0	61.7	87.3	1428	OK
1351	     0	64.6	89.3	1408	OK
1352	     0	64.2	91.7	1359	OK
1353	     0	63.4	91.6	1400	OK
1354	     0	64.3	91.1	1396	OK
1355	     0	63.0	88.0	1442	OK
1356	     0	63.1	87.9	1426	OK
1357	     0	64.3	89.7	1404	OK
1358	     0	60.9	88.0	1446	OK
1359	     0	61.4	87.1	1405	OK
1360	     0	62.5	87.3	1422	OK
1361	     0	61.0	87.0	1383	OK
1362	     0	64.0	91.0	1388	OK
1363	     0	61.7	89.0	1405	OK
1364	     0	61.8	91.5	1383	OK
1365	     0	62.9	88.0	1441	OK
1366	     0	62.2	87.8	1410	OK
1367	     0	61.5	86.5	1443	OK
1368	     0	62.7	91.0	1391	OK
1369	     0	64.0	89.3	1410	OK
1370	     0	62.4	84.5	1455	OK
1371	     0	60.6	86.3	1427	OK
1372	     0	61.2	87.0	1420	OK
1373	     0	60.2	87.3	1441	OK
1374	     0	62.6	87.1	1425	OK
1375	     0	61.6	86.3	1420	OK
1376	     0	63.0	88.0	1426	OK
1377	     0	61.1	87.2	1439	OK
1378	     0	62.2	87.6	1430	OK
1379	     0	63.1	87.7	1434	OK
1380	     0	63.0	87.8	1410	OK
1381	     0	62.8	84.5	1436	OK
1382	     0	59.2	85.6	1435	OK
1383	     0	61.7	84.9	1423	OK
1384	     0	60.4	86.1	1444	OK
1385	     0	61.4	87.6	1428	OK
1386	     0	59.1	84.2	1430	OK
1387	     0	62.7	88.6	1416	OK
1388	     0	60.0	86.4	1450	OK
1389	     0	62.2	88.5	1398	OK
1390	     0	62.6	90.8	1403	OK
1391	     0	60.1	86.2	1416	OK
1392	     0	62.6	87.2	1454	OK
1393	     0	63.1	88.5	1413	OK
1394	     0	61.6	88.1	1409	OK
1395	     0	61.9	87.3	1452	OK
1396	     0	62.5	86.6	1440	OK
1397	     0	61.0	85.4	1445	OK
1398	     0	61.6	87.2	1436	OK
1399	     0	61.4	85.9	1437	OK
1400	     0	61.7	88.3	1410	OK
1401	     0	61.9	88.9	1388	OK
1402	     0	63.9	91.2	1404	OK
1403	     0	64.7	90.4	1395	OK
1404	     0	64.0	92.2	1390	OK
1405	     0	64.8	90.6	1392	OK
1406	     0	65.7	90.2	1417	OK
1407	     0	66.7	101.0	1282	OK
1408	     0	62.8	91.3	1323	OK
1409	     0	65.6	91.4	1314	OK
1410	     0	61.6	87.6	1380	OK
1411	     0	65.5	90.1	1358	OK
1412	     0	62.9	90.8	1327	OK
1413	     0	61.9	87.2	1379	OK
1414	     0	63.9	89.2	1312	OK
1415	     0	63.2	91.3	1325	OK
1416	     0	64.3	89.7	1342	OK
1417	     0	65.5	90.4	1343	OK
1418	     0	60.9	90.6	1330	OK
1419	     0	64.1	91.6	1296	OK
1420	     0	66.9	92.1	1296	OK
1421	     0	60.8	89.8	1311	OK
1422	     0	62.0	81.4	1410	OK
1423	     0	60.7	86.9	1347	OK
1424	     0	62.6	87.9	1340	OK
1425	     0	63.4	91.1	1304	OK
1426	     0	60.3	87.6	1329	OK
1427	     0	61.6	90.0	1332	OK
1428	     0	63.1	87.3	1364	OK
1429	     0	64.4	93.5	1290	OK
1430	     0	62.2	88.2	1331	OK
1431	     0	64.7	91.4	1321	OK
1432	     0	63.6	90.1	1307	OK
1433	     0	63.5	87.9	1366	OK
1434	     0	60.0	86.1	1352	OK
1435	     0	60.0	85.9	1373	OK
1436	     0	65.4	89.2	1343	OK
1437	     0	61.6	88.8	1319	OK
1438	     0	60.6	87.4	1347	OK
1439	     0	63.2	91.5	1304	OK
1440	     0	59.6	87.8	1359	OK
1441	     0	63.0	89.4	1350	OK
1442	     0	61.4	89.5	1309	OK
1443	     0	63.0	87.3	1346	OK
1444	     0	61.8	88.0	1375	OK
1445	     0	62.7	88.6	1360	OK
1446	     0	60.9	87.8	1370	OK
1447	     0	60.9	88.4	1358	OK
1448	     0	60.8	87.0	1378	OK
1449	     0	60.8	87.5	1351	OK
1450	     0	60.3	84.9	1392	OK
1451	     0	61.9	88.7	1342	OK
1452	     0	60.7	87.0	1367	OK
1453	     0	63.3	89.6	1348	OK
1454	     0	61.3	87.9	1351	OK
1455	     0	61.9	88.0	1349	OK
1456	     0	61.3	88.1	1351	OK
1457	     0	59.9	85.6	1370	OK
1458	     0	62.9	89.4	1338	OK
1459	     0	61.4	88.0	1375	OK
1460	     0	59.5	85.7	1352	OK
1461	     0	64.3	90.1	1349	OK
1462	     0	64.0	91.8	1339	OK
1463	     0	63.4	91.5	1310	OK
1464	     0	64.6	89.5	1347	OK
1465	     0	61.7	87.5	1360	OK
1466	     0	61.7	87.4	1363	OK
1467	     0	62.7	90.8	1346	OK
1468	     0	65.0	93.4	1311	OK
1469	     0	62.9	88.9	1371	OK
1470	     0	63.4	90.1	1335	OK
1471	     0	65.5	91.6	1379	OK
1472	     0	63.0	88.3	1368	OK
1473	     0	61.3	91.2	1322	OK
1474	     0	59.9	88.5	1355	OK
1475	     0	62.1	87.7	1365	OK
1476	     0	60.0	86.7	1386	OK
1477	     0	63.2	91.0	1334	OK
1478	     0	60.1	86.9	1385	OK
1479	     0	61.1	89.2	1356	OK
1480	     0	60.8	88.3	1330	OK
1481	     0	61.1	88.0	1370	OK
1482	     0	59.8	87.6	1355	OK
1483	     0	58.4	83.4	1384	OK
1484	     0	58.0	85.7	1368	OK
1485	     0	60.3	88.8	1337	OK
1486	     0	60.2	88.2	1358	OK
1487	     0	61.0	90.2	1336	OK
1488	     0	60.4	86.9	1371	OK
1489	     0	58.8	84.5	1391	OK
1490	     0	59.5	86.9	1344	OK
1491	     0	59.5	86.6	1402	OK
1492	     0	59.8	88.1	1349	OK
1493	     0	61.1	90.6	1320	OK
1494	     0	61.0	91.1	1326	OK
1495	     0	58.5	87.9	1331	OK
1496	     0	59.8	88.1	1348	OK
1497	     0	57.9	83.5	1403	OK
1498	     0	60.4	87.6	1370	OK
1499	     0	58.7	84.7	1386	OK
1500	     0	59.0	86.9	1349	OK
1501	     0	56.7	84.5	1393	OK
1502	     0	56.1	83.6	1389	OK
1503	     0	61.0	86.8	1386	OK
1504	     0	58.9	85.2	1371	OK
1505	     0	59.8	87.4	1372	OK
1506	     0	59.1	87.3	1344	OK
1507	     0	61.0	89.0	1328	OK
1508	     0	58.7	84.8	1400	OK
1509	     0	57.8	82.7	1409	OK
1510	     0	56.5	82.9	1412	OK
1511	     0	58.7	84.0	1380	OK
1512	     0	58.5	84.3	1410	OK
1513	     0	57.9	87.7	1371	OK
1514	     0	56.1	85.4	1371	OK
1515	     0	56.8	83.6	1392	OK
1516	     0	58.1	84.8	1368	OK
1517	     0	58.6	85.4	1399	OK
1518	     0	56.9	83.7	1405	OK
1519	     0	59.6	88.7	1370	OK
1520	     0	57.3	86.0	1361	OK
1521	     0	58.9	88.2	1365	OK
1522	     0	58.7	87.0	1369	OK
1523	     0	59.5	87.6	1368	OK
1524	     0	59.3	86.2	1372	OK
1525	     0	56.9	85.0	1399	OK
1526	     0	58.9	88.6	1372	OK
1527	     0	58.3	84.9	1386	OK
1528	     0	56.7	84.5	1406	OK
1529	     0	58.3	85.9	1414	OK
1530	     0	57.3	84.8	1413	OK
1531	     0	58.2	85.7	1392	OK
1532	     0	57.4	85.0	1397	OK
1533	     0	57.6	83.5	1418	OK
1534	     0	59.9	85.5	1368	OK
1535	     0	61.4	92.0	1322	OK
1536	     0	60.1	87.0	1420	OK
1537	     0	61.9	88.4	1411	OK
1538	     0	60.4	91.2	1349	OK
1539	     0	64.1	92.3	1346	OK
1540	     0	59.8	87.7	1378	OK
1541	     0	60.1	85.5	1404	OK
1542	     0	60.4	87.2	1380	OK
1543	     0	60.8	87.3	1381	OK
1544	     0	60.7	87.0	1399	OK
1545	     0	60.3	87.7	1400	OK
1546	     0	57.5	83.9	1433	OK
1547	     0	59.8	86.9	1409	OK
1548	     0	57.7	88.0	1365	OK
1549	     0	60.6	88.8	1394	OK
1550	     0	58.9	86.8	1421	OK
1551	     0	58.2	85.1	1413	OK
1552	     0	59.1	88.2	1377	OK
1553	     0	60.1	88.6	1399	OK
1554	     0	60.4	86.7	1386	OK
1555	     0	60.3	89.1	1381	OK
1556	     0	59.5	84.2	1433	OK
1557	     0	59.3	87.7	1389	OK
1558	     0	61.4	91.5	1375	OK
1559	     0	60.5	86.8	1420	OK
1560	     0	62.4	88.0	1409	OK
1561	     0	61.1	85.9	1411	OK
1562	     0	59.8	88.0	1395	OK
1563	     0	62.3	97.6	1270	OK
1564	     0	59.6	85.2	1412	OK
1565	     0	62.3	90.9	1362	OK
1566	     0	60.4	86.6	1402	OK
1567	     0	61.1	88.6	1403	OK
1568	     0	60.9	87.8	1376	OK
1569	     0	57.6	84.3	1424	OK
1570	     0	60.6	89.1	1407	OK
1571	     0	58.4	84.9	1414	OK
1572	     0	60.3	85.5	1438	OK
1573	     0	61.6	90.3	1377	OK
1574	     0	58.9	83.5	1447	OK
1575	     0	60.7	87.1	1402	OK
1576	     0	62.1	88.1	1399	OK
1577	     0	59.5	85.2	1400	OK
1578	     0	59.3	86.1	1417	OK
1579	     0	61.3	88.5	1400	OK
1580	     0	59.5	87.1	1421	OK
1581	     0	59.6	86.8	1395	OK
1582	     0	58.9	85.3	1435	OK
1583	     0	59.1	88.4	1429	OK
1584	     0	60.3	87.0	1420	OK
1585	     0	60.6	88.2	1413	OK
1586	     0	59.9	86.7	1417	OK
1587	     0	62.0	87.8	1394	OK
1588	     0	61.4	88.2	1399	OK
1589	     0	60.4	88.7	1421	OK
1590	     0	55.9	84.5	1439	OK
1591	     0	58.7	85.7	1426	OK
1592	     0	60.0	87.0	1431	OK
1593	     0	59.7	86.2	1431	OK
1594	     0	64.5	92.2	1382	OK
1595	     0	62.3	88.3	1447	OK
1596	     0	62.6	87.9	1425	OK
1597	     0	60.7	87.4	1434	OK
1598	     0	64.5	93.9	1377	OK
1599	     0	64.6	91.8	1387	OK
1600	     0	60.1	86.2	1409	OK
1601	     0	65.0	92.0	1403	OK
1602	     0	59.6	85.1	1419	OK
1603	     0	59.8	85.2	1413	OK
1604	     0	56.5	86.1	1438	OK
1605	     0	59.8	89.4	1385	OK
1606	     0	59.1	85.9	1407	OK
1607	     0	58.5	86.7	1409	OK
1608	     0	59.4	86.0	1424	OK
1609	     0	60.0	88.2	1407	OK
1610	     0	58.8	87.7	1404	OK
1611	     0	58.7	85.9	1429	OK
1612	     0	60.8	88.2	1394	OK
1613	     0	58.6	87.8	1397	OK
1614	     0	59.4	85.8	1437	OK
1615	     0	58.8	84.3	1454	OK
1616	     0	60.7	88.9	1411	OK
1617	     0	59.0	88.4	1417	OK
1618	     0	59.9	85.0	1434	OK
1619	     0	61.2	97.8	1291	OK
1620	     0	57.1	84.2	1432	OK
1621	     0	59.7	86.3	1434	OK
1622	     0	59.5	87.5	1434	OK
1623	     0	61.9	92.3	1367	OK
1624	     0	58.4	85.9	1444	OK
1625	     0	56.7	82.8	1438	OK
1626	     0	59.8	92.5	1362	OK
1627	     0	61.0	90.9	1351	OK
1628	     0	58.3	86.3	1415	OK
1629	     0	61.0	87.6	1438	OK
1630	     0	59.9	88.8	1383	OK
1631	     0	60.6	87.2	1415	OK
1632	     0	59.7	88.0	1395	OK
1633	     0	61.2	88.1	1406	OK
1634	     0	58.4	86.5	1386	OK
1635	     0	61.9	87.6	1408	OK
1636	     0	62.0	87.5	1438	OK
1637	     0	61.7	89.5	1378	OK
1638	     0	59.4	88.6	1426	OK
1639	     0	59.9	87.0	1429	OK
1640	     0	59.5	85.6	1439	OK
1641	     0	61.3	89.8	1397	OK
1642	     0	59.3	86.3	1439	OK
1643	     0	59.6	88.8	1404	OK
1644	     0	60.5	88.2	1436	OK
1645	     0	57.6	84.8	1415	OK
1646	     0	59.4	86.6	1434	OK
1647	     0	60.1	89.2	1403	OK
1648	     0	56.1	84.4	1420	OK
1649	     0	58.7	86.4	1398	OK
1650	     0	56.9	83.3	1456	OK
1651	     0	59.7	87.9	1421	OK
1652	     0	57.8	84.8	1428	OK
1653	     0	59.1	88.1	1413	OK
1654	     0	58.3	84.7	1446	OK
1655	     0	57.8	85.8	1435	OK
1656	     0	57.0	86.5	1428	OK
1657	     0	60.7	87.0	1452	OK
1658	     0	59.5	87.6	1429	OK
1659	     0	63.2	93.2	1380	OK
1660	     0	60.7	90.6	1406	OK
1661	     0	59.9	88.9	1394	OK
1662	     0	62.9	89.0	1442	OK
1663	     0	61.0	86.9	1423	OK
1664	     0	60.4	85.4	1355	OK
1665	     0	63.1	88.9	1336	OK
1666	     0	61.5	86.9	1351	OK
1667	     0	62.0	86.5	1339	OK
1668	     0	63.3	90.2	1294	OK
1669	     0	61.6	87.2	1340	OK
1670	     0	65.5	89.9	1311	OK
1671	     0	60.0	86.3	1376	OK
1672	     0	60.7	89.5	1314	OK
1673	     0	61.4	87.0	1339	OK
1674	     0	59.4	86.7	1344	OK
1675	     0	62.3	86.3	1346	OK
1676	     0	64.8	89.1	1357	OK
1677	     0	62.5	86.7	1350	OK
1678	     0	61.6	88.5	1359	OK
1679	     0	62.8	89.0	1325	OK
1680	     0	61.9	89.4	1298	OK
1681	     0	60.7	90.2	1310	OK
1682	     0	61.1	87.3	1345	OK
1683	     0	60.8	86.0	1365	OK
1684	     0	62.2	89.4	1340	OK
1685	     0	63.4	90.4	1284	OK
1686	     0	62.3	90.9	1304	OK
1687	     0	62.0	87.0	1337	OK
1688	     0	63.8	90.6	1323	OK
1689	     0	64.2	88.0	1337	OK
1690	     0	62.3	88.7	1337	OK
1691	     0	59.7	86.1	1345	OK
1692	     0	61.7	87.8	1330	OK
1693	     0	62.6	89.7	1318	OK
1694	     0	63.0	87.5	1356	OK
1695	     0	61.6	85.4	1360	OK
1696	     0	59.7	88.5	1317	OK
1697	     0	61.6	86.7	1333	OK
1698	     0	62.5	90.6	1299	OK
1699	     0	63.0	87.6	1334	OK
1700	     0	64.7	91.5	1313	OK
1701	     0	61.7	87.2	1357	OK
1702	     0	61.4	87.8	1358	OK
1703	     0	61.1	86.2	1366	OK
1704	     0	60.3	87.3	1339	OK
1705	     0	64.2	88.0	1355	OK
1706	     0	61.1	89.2	1364	OK
1707	     0	63.4	90.3	1340	OK
1708	     0	63.2	89.8	1335	OK
1709	     0	60.9	87.5	1314	OK
1710	     0	60.4	86.9	1383	OK
1711	     0	62.1	88.3	1329	OK
1712	     0	61.2	89.3	1321	OK
1713	     0	62.5	88.8	1362	OK
1714	     0	62.0	88.0	1359	OK
1715	     0	62.3	87.7	1352	OK
1716	     0	60.9	79.8	1395	OK
1717	     0	60.7	87.0	1348	OK
1718	     0	61.9	88.5	1324	OK
1719	     0	61.6	88.3	1345	OK
1720	     0	61.4	85.4	1367	OK
1721	     0	63.6	91.4	1300	OK
1722	     0	63.0	90.6	1326	OK
1723	     0	61.8	87.4	1356	OK
1724	     0	63.3	89.1	1353	OK
1725	     0	63.3	90.0	1330	OK
1726	     0	64.5	91.9	1286	OK
1727	     0	66.7	93.8	1285	OK
1728	     0	63.1	88.2	1340	OK
1729	     0	63.6	88.0	1339	OK
1730	     0	60.7	86.0	1362	OK
1731	     0	66.1	90.8	1334	OK
1732	     0	65.4	89.7	1337	OK
1733	     0	63.0	85.8	1354	OK
1734	     0	64.4	90.3	1320	OK
1735	     0	64.8	90.4	1329	OK
1736	     0	62.0	87.5	1335	OK
1737	     0	63.4	90.8	1305	OK
1738	     0	63.8	88.4	1354	OK
1739	     0	65.5	90.6	1327	OK
1740	     0	64.1	90.7	1305	OK
1741	     0	64.7	91.0	1333	OK
1742	     0	63.5	88.8	1345	OK
1743	     0	64.7	89.3	1304	OK
1744	     0	66.7	92.2	1307	OK
1745	     0	64.7	91.4	1310	OK
1746	     0	64.5	89.0	1364	OK
1747	     0	63.9	87.6	1341	OK
1748	     0	64.0	87.9	1369	OK
1749	     0	63.4	86.8	1382	OK
1750	     0	62.2	87.6	1349	OK
1751	     0	61.8	89.5	1356	OK
1752	     0	64.4	89.7	1324	OK
1753	     0	62.6	88.2	1316	OK
1754	     0	61.5	85.9	1371	OK
1755	     0	61.2	87.4	1352	OK
1756	     0	60.7	86.4	1364	OK
1757	     0	62.3	88.4	1339	OK
1758	     0	60.2	80.8	1371	OK
1759	     0	62.9	87.1	1344	OK
1760	     0	60.5	84.7	1340	OK
1761	     0	62.7	87.8	1345	OK
1762	     0	61.2	86.4	1366	OK
1763	     0	62.5	86.8	1342	OK
1764	     0	63.7	93.7	1277	OK
1765	     0	62.4	86.5	1335	OK
1766	     0	62.8	86.6	1339	OK
1767	     0	62.3	88.2	1342	OK
1768	     0	63.2	90.2	1316	OK
1769	     0	62.4	88.8	1340	OK
1770	     0	62.7	89.3	1332	OK
1771	     0	64.1	91.1	1296	OK
1772	     0	60.8	87.9	1343	OK
1773	     0	63.8	90.3	1334	OK
1774	     0	61.4	88.3	1312	OK
1775	     0	61.8	89.5	1311	OK
1776	     0	59.5	86.8	1336	OK
1777	     0	64.0	87.8	1339	OK
1778	     0	61.0	88.6	1340	OK
1779	     0	61.1	87.1	1322	OK
1780	     0	63.1	89.2	1318	OK
1781	     0	62.5	88.1	1342	OK
1782	     0	63.4	89.2	1306	OK
1783	     0	62.6	88.7	1311	OK
1784	     0	63.2	89.0	1316	OK
1785	     0	63.9	91.1	1280	OK
1786	     0	63.9	91.4	1327	OK
1787	     0	61.4	87.6	1348	OK
1788	     0	67.5	92.8	1315	OK
1789	     0	62.5	90.0	1312	OK
1790	     0	67.1	94.3	1253	OK
1791	     0	65.3	92.2	1314	OK
1792	     0	68.0	94.0	1303	OK
1793	     0	67.7	93.0	1273	OK
1794	     0	66.4	93.2	1297	OK
1795	     0	67.8	91.4	1331	OK
1796	     0	64.7	89.6	1320	OK
1797	     0	65.8	92.9	1312	OK
1798	     0	64.7	90.8	1308	OK
1799	     0	64.1	92.1	1320	OK
1800	     0	66.2	94.3	1315	OK
1801	     0	66.7	93.9	1286	OK
1802	     0	65.0	90.3	1336	OK
1803	     0	64.5	91.9	1310	OK
1804	     0	65.5	93.9	1255	OK
1805	     0	63.6	89.4	1298	OK
1806	     0	65.3	92.1	1324	OK
1807	     0	65.2	90.8	1322	OK
1808	     0	64.1	91.0	1321	OK
1809	     0	63.5	89.0	1332	OK
1810	     0	67.9	93.9	1289	OK
1811	     0	66.2	90.8	1302	OK
1812	     0	65.8	92.2	1314	OK
1813	     0	63.4	89.2	1312	OK
1814	     0	63.9	90.8	1298	OK
1815	     0	63.9	90.7	1331	OK
1816	     0	63.4	90.9	1295	OK
1817	     0	64.3	91.7	1301	OK
1818	     0	63.4	91.2	1308	OK
1819	     0	65.5	93.6	1290	OK
1820	     0	63.6	89.6	1330	OK
1821	     0	69.4	96.1	1252	OK
1822	     0	68.1	92.0	1307	OK
1823	     0	65.7	90.7	1312	OK
1824	     0	66.2	91.0	1342	OK
1825	     0	66.7	90.2	1332	OK
1826	     0	67.5	95.9	1256	OK
1827	     0	65.4	93.1	1261	OK
1828	     0	62.6	88.4	1302	OK
1829	     0	64.5	92.6	1296	OK
1830	     0	63.5	88.8	1327	OK
1831	     0	67.3	94.0	1305	OK
1832	     0	65.5	92.2	1302	OK
1833	     0	66.9	94.9	1280	OK
1834	     0	61.0	89.0	1310	OK
1835	     0	63.5	90.0	1319	OK
1836	     0	63.3	90.7	1314	OK
1837	     0	65.7	91.8	1293	OK
1838	     0	62.1	89.5	1323	OK
1839	     0	61.5	69.1	1323	OK
1840	     0	66.2	95.7	1269	OK
1841	     0	66.2	90.7	1353	OK
1842	     0	64.2	88.8	1351	OK
1843	     0	62.8	87.2	1323	OK
1844	     0	63.6	91.4	1318	OK
1845	     0	65.5	90.4	1360	OK
1846	     0	64.8	90.6	1308	OK
1847	     0	65.1	91.4	1330	OK
1848	     0	65.2	90.7	1321	OK
1849	     0	64.9	92.1	1299	OK
1850	     0	68.2	93.8	1304	OK
1851	     0	66.4	92.2	1315	OK
1852	     0	65.5	91.7	1330	OK
1853	     0	68.7	93.0	1327	OK
1854	     0	67.6	93.0	1299	OK
1855	     0	68.0	96.4	1279	OK
1856	     0	66.9	91.9	1323	OK
1857	     0	65.2	92.0	1316	OK
1858	     0	62.3	70.7	1342	OK
1859	     0	64.7	89.9	1333	OK
1860	     0	63.1	93.0	1307	OK
1861	     0	64.8	94.7	1270	OK
1862	     0	63.5	90.0	1338	OK
1863	     0	62.4	88.3	1315	OK
1864	     0	63.9	91.7	1313	OK
1865	     0	64.8	92.8	1296	OK
1866	     0	63.8	93.1	1293	OK
1867	     0	62.7	88.8	1347	OK
1868	     0	64.2	90.8	1313	OK
1869	     0	63.8	88.9	1315	OK
1870	     0	60.7	85.5	1378	OK
1871	     0	63.6	90.6	1316	OK
1872	     0	64.3	90.1	1346	OK
1873	     0	62.8	89.4	1345	OK
1874	     0	64.3	90.2	1329	OK
1875	     0	62.5	88.5	1351	OK
1876	     0	62.0	91.5	1309	OK
1877	     0	61.9	88.5	1342	OK
1878	     0	66.7	94.3	1277	OK
1879	     0	64.3	92.8	1284	OK
1880	     0	64.2	90.5	1307	OK
1881	     0	62.4	90.5	1312	OK
1882	     0	65.0	92.0	1304	OK
1883	     0	64.2	91.2	1280	OK
1884	     0	63.4	88.8	1352	OK
1885	     0	62.2	88.7	1326	OK
1886	     0	63.9	88.2	1354	OK
1887	     0	62.8	90.6	1285	OK
1888	     0	62.0	87.9	1353	OK
1889	     0	63.6	90.1	1314	OK
1890	     0	61.5	86.0	1369	OK
1891	     0	63.6	91.3	1302	OK
1892	     0	64.0	86.4	1358	OK
1893	     0	62.5	88.6	1334	OK
1894	     0	62.0	85.7	1387	OK
1895	     0	64.6	90.5	1310	OK
1896	     0	64.7	89.0	1360	OK
1897	     0	64.7	93.9	1280	OK
1898	     0	64.6	92.9	1260	OK
1899	     0	66.3	90.1	1342	OK
1900	     0	65.6	89.9	1314	OK
1901	     0	64.9	91.9	1295	OK
1902	     0	62.6	89.7	1327	OK
1903	     0	64.4	92.3	1296	OK
1904	     0	62.1	89.0	1314	OK
1905	     0	60.6	88.1	1352	OK
1906	     0	63.6	89.3	1309	OK
1907	     0	62.5	89.5	1312	OK
1908	     0	64.8	90.2	1338	OK
1909	     0	64.6	91.9	1335	OK
1910	     0	63.2	90.5	1287	OK
1911	     0	65.4	94.5	1278	OK
1912	     0	63.8	90.7	1333	OK
1913	     0	64.2	88.9	1344	OK
1914	     0	63.8	90.8	1305	OK
1915	     0	63.7	87.2	1351	OK
1916	     0	61.5	90.3	1289	OK
1917	     0	64.7	93.1	1279	OK
1918	     0	66.6	92.1	1309	OK
1919	     0	66.2	93.9	1307	OK
1920	  4000	61.4	83.6	1537	high noise
1921	     0	64.8	88.7	1419	OK
1922	     0	62.3	89.4	1379	OK
1923	     0	62.3	84.8	1399	OK
1924	     0	65.7	91.2	1363	OK
1925	     0	61.3	88.0	1366	OK
1926	     0	61.1	86.6	1367	OK
1927	     0	60.4	87.0	1363	OK
1928	     0	61.4	90.3	1325	OK
1929	     0	61.3	91.2	1329	OK
1930	     0	59.3	88.0	1333	OK
1931	     0	59.8	85.1	1369	OK
1932	     0	60.7	86.5	1362	OK
1933	     0	61.7	88.5	1332	OK
1934	     0	60.5	86.2	1363	OK
1935	     0	60.7	85.4	1380	OK
1936	     0	59.1	84.7	1370	OK
1937	     0	61.5	87.9	1356	OK
1938	     0	60.4	86.2	1330	OK
1939	     0	62.8	90.6	1330	OK
1940	     0	61.1	89.9	1310	OK
1941	     0	62.3	88.5	1342	OK
1942	     0	61.5	87.3	1359	OK
1943	     0	60.4	84.9	1375	OK
1944	     0	65.1	93.2	1295	OK
1945	     0	61.2	87.3	1345	OK
1946	     0	61.5	88.6	1322	OK
1947	     0	63.4	91.1	1308	OK
1948	     0	61.4	86.5	1346	OK
1949	     0	61.6	88.3	1317	OK
1950	     0	59.9	86.5	1368	OK
1951	     0	62.2	91.8	1279	OK
1952	     0	59.3	87.2	1345	OK
1953	     0	60.6	87.3	1363	OK
1954	     0	62.4	87.0	1356	OK
1955	     0	62.9	88.9	1313	OK
1956	     0	60.7	85.0	1364	OK
1957	     0	61.2	89.6	1335	OK
1958	     0	60.5	86.5	1349	OK
1959	     0	62.5	90.7	1290	OK
1960	     0	62.0	87.9	1337	OK
1961	     0	60.4	89.4	1316	OK
1962	     0	61.6	87.6	1344	OK
1963	     0	61.6	90.4	1320	OK
1964	     0	61.7	88.0	1321	OK
1965	     0	62.9	92.3	1295	OK
1966	     0	60.3	88.8	1318	OK
1967	     0	63.4	90.7	1330	OK
1968	     0	65.1	88.9	1360	OK
1969	     0	62.4	90.5	1327	OK
1970	     0	63.8	93.2	1297	OK
1971	     0	60.7	87.3	1334	OK
1972	     0	64.1	89.8	1346	OK
1973	     0	63.9	91.8	1320	OK
1974	     0	60.9	88.3	1332	OK
1975	     0	62.7	85.9	1361	OK
1976	     0	64.3	89.9	1344	OK
1977	     0	64.0	89.4	1333	OK
1978	     0	60.9	85.9	1385	OK
1979	     0	62.0	91.7	1300	OK
1980	     0	67.2	93.4	1307	OK
1981	     0	66.0	92.3	1309	OK
1982	     0	63.4	87.9	1348	OK
1983	     0	63.7	91.2	1314	OK
1984	     0	64.0	90.3	1324	OK
1985	     0	66.9	92.0	1308	OK
1986	     0	62.5	87.4	1357	OK
1987	     0	62.6	90.7	1342	OK
1988	     0	61.1	90.7	1314	OK
1989	     0	64.0	90.7	1308	OK
1990	     0	60.6	86.4	1342	OK
1991	     0	62.4	89.2	1339	OK
1992	     0	62.0	86.2	1349	OK
1993	     0	65.0	91.0	1346	OK
1994	     0	62.5	87.0	1334	OK
1995	     0	59.1	85.5	1360	OK
1996	     0	62.9	89.9	1341	OK
1997	     0	62.4	88.3	1350	OK
1998	     0	61.9	86.0	1363	OK
1999	     0	62.3	88.5	1327	OK
2000	     0	62.7	89.1	1362	OK
2001	     0	60.9	88.2	1347	OK
2002	     0	63.0	89.1	1324	OK
2003	     0	61.7	87.7	1361	OK
2004	     0	61.6	89.5	1332	OK
2005	     0	62.8	89.9	1301	OK
2006	     0	63.5	88.6	1327	OK
2007	     0	62.5	87.9	1334	OK
2008	     0	62.7	86.8	1330	OK
2009	     0	64.6	89.7	1329	OK
2010	     0	62.0	87.9	1331	OK
2011	     0	62.2	89.0	1341	OK
2012	     0	63.0	87.7	1344	OK
2013	     0	62.6	91.5	1281	OK
2014	     0	62.7	87.9	1342	OK
2015	     0	62.6	88.8	1335	OK
2016	     0	63.9	90.4	1324	OK
2017	     0	62.2	87.8	1348	OK
2018	     0	64.0	88.1	1336	OK
2019	     0	63.9	88.0	1335	OK
2020	     0	64.5	89.9	1319	OK
2021	     0	64.8	89.1	1328	OK
2022	     0	64.4	91.5	1304	OK
2023	     0	65.9	93.3	1294	OK
2024	     0	63.7	90.0	1291	OK
2025	     0	64.3	92.4	1278	OK
2026	     0	63.9	89.9	1304	OK
2027	     0	62.7	85.3	1331	OK
2028	     0	61.8	86.4	1343	OK
2029	     0	61.4	88.4	1320	OK
2030	     0	62.8	88.0	1330	OK
2031	     0	64.2	89.5	1327	OK
2032	     0	60.4	86.0	1343	OK
2033	     0	63.6	88.4	1345	OK
2034	     0	64.6	91.8	1285	OK
2035	     0	62.4	87.6	1358	OK
2036	     0	64.3	92.5	1285	OK
2037	     0	63.1	88.3	1347	OK
2038	     0	62.2	87.8	1340	OK
2039	     0	65.3	90.8	1298	OK
2040	     0	63.9	89.0	1361	OK
2041	     0	65.6	91.8	1294	OK
2042	     0	63.7	87.8	1353	OK
2043	     0	65.0	93.0	1271	OK
2044	     0	63.2	90.0	1303	OK
2045	     0	63.6	91.4	1298	OK
2046	     0	67.1	93.8	1305	OK
2047	     0	65.5	90.9	1319	OK
