#chan	code	gain	vt50	innse	comment
   0	     0	72.9	142.1	 805	OK
   1	     0	73.8	141.8	 815	OK
   2	     0	74.0	142.8	 788	OK
   3	     0	74.0	142.0	 790	OK
   4	     0	74.3	143.3	 775	OK
   5	     0	72.8	139.2	 809	OK
   6	     0	73.6	141.8	 793	OK
   7	     0	73.3	140.2	 791	OK
   8	     0	69.3	136.4	 778	OK
   9	     0	69.9	134.3	 797	OK
  10	     0	70.8	137.6	 790	OK
  11	     0	71.5	136.3	 794	OK
  12	     0	71.6	138.1	 788	OK
  13	     0	72.2	139.0	 798	OK
  14	     0	70.6	136.2	 798	OK
  15	     0	71.5	136.0	 785	OK
  16	     0	70.5	135.8	 782	OK
  17	     0	72.3	138.1	 793	OK
  18	     0	72.0	138.3	 786	OK
  19	     0	72.0	138.4	 801	OK
  20	     0	73.0	139.2	 781	OK
  21	     0	70.3	137.3	 792	OK
  22	     0	71.8	138.3	 788	OK
  23	     0	70.5	135.1	 776	OK
  24	     0	70.6	135.2	 794	OK
  25	     0	71.1	136.4	 809	OK
  26	     0	69.8	136.1	 781	OK
  27	     0	70.2	135.6	 786	OK
  28	     0	68.7	132.5	 795	OK
  29	     0	73.9	141.6	 790	OK
  30	     0	72.0	139.7	 792	OK
  31	     0	70.5	137.1	 803	OK
  32	     0	69.7	135.1	 810	OK
  33	     0	69.4	134.1	 802	OK
  34	     0	70.6	136.1	 784	OK
  35	     0	73.4	140.9	 779	OK
  36	     0	72.5	139.8	 800	OK
  37	     0	72.1	137.6	 799	OK
  38	     0	70.2	135.8	 807	OK
  39	     0	70.7	138.6	 802	OK
  40	     0	70.7	136.9	 794	OK
  41	     0	68.7	133.7	 796	OK
  42	     0	70.5	137.1	 811	OK
  43	     0	70.2	136.2	 791	OK
  44	     0	71.8	135.7	 815	OK
  45	     0	70.4	136.3	 803	OK
  46	     0	71.4	136.9	 800	OK
  47	     0	71.0	138.1	 777	OK
  48	     0	70.5	133.8	 803	OK
  49	     0	69.9	135.9	 805	OK
  50	     0	70.2	134.9	 816	OK
  51	     0	72.8	138.5	 798	OK
  52	     0	71.2	136.5	 807	OK
  53	     0	73.0	138.6	 803	OK
  54	  4000	70.7	136.1	 850	high noise
  55	     0	70.8	137.3	 780	OK
  56	     0	70.2	134.9	 798	OK
  57	     0	72.9	140.0	 806	OK
  58	     0	69.8	134.1	 811	OK
  59	     0	71.9	140.5	 800	OK
  60	     0	73.8	142.9	 813	OK
  61	  4000	70.8	137.4	 846	high noise
  62	     0	74.1	143.0	 802	OK
  63	     0	71.0	136.8	 773	OK
  64	     0	72.7	139.6	 785	OK
  65	     0	70.4	136.1	 796	OK
  66	     0	71.0	138.4	 823	OK
  67	     0	73.3	140.3	 790	OK
  68	     0	72.7	140.9	 801	OK
  69	     0	73.2	141.5	 788	OK
  70	     0	71.6	138.7	 810	OK
  71	     0	72.4	139.0	 799	OK
  72	     0	72.0	138.6	 795	OK
  73	     0	70.0	134.7	 818	OK
  74	     0	71.5	136.9	 805	OK
  75	     0	69.1	133.6	 800	OK
  76	     0	70.1	134.9	 813	OK
  77	     0	69.9	135.5	 789	OK
  78	     0	69.8	135.8	 781	OK
  79	     0	70.1	135.9	 816	OK
  80	     0	70.8	135.7	 805	OK
  81	     0	68.9	133.1	 800	OK
  82	     0	69.5	132.6	 799	OK
  83	     0	69.8	136.0	 809	OK
  84	     0	67.9	131.8	 803	OK
  85	     0	71.8	138.7	 781	OK
  86	     0	68.6	131.3	 791	OK
  87	     0	70.9	135.1	 802	OK
  88	     0	69.3	134.4	 797	OK
  89	     0	69.3	135.7	 799	OK
  90	     0	68.0	131.4	 790	OK
  91	     0	69.0	135.4	 785	OK
  92	     0	68.9	132.6	 803	OK
  93	     0	67.4	131.4	 772	OK
  94	     0	70.3	136.0	 804	OK
  95	     0	72.4	140.0	 805	OK
  96	     0	68.5	133.5	 805	OK
  97	     0	68.9	132.8	 791	OK
  98	     0	70.4	135.5	 816	OK
  99	     0	71.4	136.0	 799	OK
 100	     0	67.8	130.7	 802	OK
 101	     0	67.7	129.4	 798	OK
 102	     0	70.9	137.8	 782	OK
 103	     0	69.5	135.0	 803	OK
 104	     0	66.7	130.9	 806	OK
 105	     0	67.1	132.6	 777	OK
 106	     0	70.4	135.4	 783	OK
 107	     0	67.7	131.4	 784	OK
 108	     0	68.1	130.6	 769	OK
 109	     0	69.4	134.6	 803	OK
 110	     0	69.7	133.9	 803	OK
 111	     0	69.1	133.1	 792	OK
 112	     0	69.9	134.9	 778	OK
 113	     0	69.9	134.6	 794	OK
 114	     0	69.9	135.6	 781	OK
 115	     0	70.0	134.8	 806	OK
 116	     0	69.3	135.8	 788	OK
 117	     0	71.5	138.4	 769	OK
 118	     0	70.6	136.8	 781	OK
 119	     0	72.5	139.1	 782	OK
 120	     0	71.9	139.9	 792	OK
 121	     0	69.5	135.6	 790	OK
 122	     0	68.3	132.6	 790	OK
 123	     0	71.0	135.0	 780	OK
 124	     0	72.4	140.3	 791	OK
 125	     0	72.0	139.0	 787	OK
 126	     0	71.0	137.3	 807	OK
 127	     0	75.2	142.0	 821	OK
 128	     0	74.1	143.6	 762	OK
 129	     0	76.1	144.6	 753	OK
 130	     0	70.7	135.5	 763	OK
 131	     0	74.5	145.7	 770	OK
 132	     0	72.7	140.6	 765	OK
 133	     0	72.4	140.5	 752	OK
 134	     0	71.3	139.6	 740	OK
 135	     0	71.3	137.1	 760	OK
 136	     0	72.3	139.8	 751	OK
 137	     0	71.1	137.5	 739	OK
 138	     0	71.8	139.7	 765	OK
 139	     0	74.6	145.3	 744	OK
 140	     0	72.6	140.9	 734	OK
 141	     0	72.9	139.0	 741	OK
 142	     0	72.1	139.1	 771	OK
 143	     0	70.1	135.1	 742	OK
 144	     0	74.1	141.5	 752	OK
 145	     0	73.5	139.3	 742	OK
 146	     0	71.8	140.5	 747	OK
 147	     0	72.5	138.0	 747	OK
 148	     0	72.5	141.4	 759	OK
 149	     0	72.9	138.6	 758	OK
 150	     0	68.2	131.9	 758	OK
 151	     0	69.2	134.4	 741	OK
 152	     0	71.4	137.4	 750	OK
 153	     0	71.9	139.2	 754	OK
 154	     0	72.6	140.6	 771	OK
 155	     0	71.8	140.5	 768	OK
 156	     0	70.5	135.6	 750	OK
 157	     0	72.1	139.5	 773	OK
 158	     0	73.2	141.6	 754	OK
 159	     0	71.5	137.0	 757	OK
 160	     0	71.6	140.3	 775	OK
 161	     0	70.6	136.5	 758	OK
 162	     0	69.4	133.9	 763	OK
 163	     0	69.6	136.4	 767	OK
 164	     0	71.9	138.3	 746	OK
 165	     0	69.7	136.1	 764	OK
 166	     0	69.9	136.9	 768	OK
 167	     0	70.3	135.4	 784	OK
 168	     0	69.3	134.4	 770	OK
 169	     0	70.1	135.6	 781	OK
 170	     0	72.8	137.1	 768	OK
 171	     0	70.3	134.8	 754	OK
 172	     0	71.4	138.1	 776	OK
 173	     0	72.3	140.0	 781	OK
 174	     0	73.6	141.5	 758	OK
 175	     0	71.0	137.5	 772	OK
 176	     0	70.4	137.0	 778	OK
 177	     0	70.8	136.5	 783	OK
 178	     0	70.7	135.7	 797	OK
 179	     0	71.1	137.0	 791	OK
 180	     0	71.4	138.3	 774	OK
 181	     0	69.3	134.5	 763	OK
 182	     0	72.9	139.3	 777	OK
 183	     0	73.1	140.9	 788	OK
 184	     0	71.6	138.1	 786	OK
 185	     0	72.0	140.2	 776	OK
 186	     0	73.4	141.5	 777	OK
 187	     0	70.9	137.5	 777	OK
 188	     0	71.9	136.5	 779	OK
 189	     0	72.6	140.0	 760	OK
 190	     0	72.7	138.7	 776	OK
 191	     0	72.6	140.6	 779	OK
 192	     0	74.4	143.2	 761	OK
 193	     0	75.9	145.5	 780	OK
 194	     0	71.2	137.5	 793	OK
 195	     0	74.6	143.6	 768	OK
 196	     0	72.1	138.6	 769	OK
 197	     0	73.3	141.5	 770	OK
 198	     0	73.4	140.2	 785	OK
 199	     0	75.1	144.6	 779	OK
 200	     0	72.1	139.4	 773	OK
 201	     0	72.4	138.3	 788	OK
 202	     0	70.9	136.6	 769	OK
 203	     0	72.1	140.0	 764	OK
 204	     0	70.0	137.2	 768	OK
 205	     0	73.4	141.2	 774	OK
 206	     0	70.7	136.1	 800	OK
 207	     0	72.2	138.3	 743	OK
 208	     0	73.7	140.7	 765	OK
 209	     0	74.8	142.5	 789	OK
 210	     0	70.6	136.8	 777	OK
 211	     0	72.4	137.2	 764	OK
 212	     0	72.7	140.5	 758	OK
 213	     0	74.1	140.6	 777	OK
 214	     0	73.4	140.8	 754	OK
 215	     0	70.6	136.6	 756	OK
 216	     0	73.5	141.4	 765	OK
 217	     0	73.4	141.8	 768	OK
 218	     0	72.7	138.9	 770	OK
 219	     0	71.3	139.4	 768	OK
 220	     0	73.1	138.7	 750	OK
 221	     0	72.1	138.8	 766	OK
 222	     0	72.8	140.4	 761	OK
 223	     0	74.0	142.0	 758	OK
 224	     0	72.5	137.8	 759	OK
 225	     0	72.6	139.3	 748	OK
 226	     0	72.8	139.3	 782	OK
 227	     0	71.9	140.1	 783	OK
 228	     0	71.0	135.3	 773	OK
 229	     0	71.1	135.7	 754	OK
 230	     0	72.3	140.3	 746	OK
 231	     0	72.6	138.5	 760	OK
 232	     0	72.8	139.1	 782	OK
 233	     0	73.1	140.2	 745	OK
 234	     0	73.0	141.6	 754	OK
 235	     0	72.7	140.6	 748	OK
 236	     0	72.3	139.0	 748	OK
 237	     0	75.2	143.4	 755	OK
 238	     0	72.0	139.0	 757	OK
 239	     0	73.5	140.3	 727	OK
 240	     0	71.3	137.9	 768	OK
 241	     0	72.9	139.6	 744	OK
 242	     0	74.9	144.2	 781	OK
 243	     0	74.8	143.9	 745	OK
 244	     0	74.2	143.2	 758	OK
 245	     0	74.3	143.7	 745	OK
 246	     0	74.5	145.4	 775	OK
 247	     0	76.6	145.5	 764	OK
 248	     0	72.0	138.4	 759	OK
 249	     0	72.5	140.0	 778	OK
 250	     0	73.5	139.0	 754	OK
 251	     0	74.2	140.9	 768	OK
 252	     0	72.8	139.4	 765	OK
 253	     0	74.7	142.2	 774	OK
 254	     0	74.7	140.7	 765	OK
 255	     0	72.5	140.8	 751	OK
 256	     0	74.0	141.0	 732	OK
 257	     0	72.7	138.5	 739	OK
 258	     0	73.6	141.9	 726	OK
 259	     0	73.6	141.0	 749	OK
 260	     0	72.1	140.8	 736	OK
 261	     0	72.0	137.4	 757	OK
 262	     0	72.4	140.0	 729	OK
 263	     0	73.2	140.8	 743	OK
 264	     0	72.4	138.6	 747	OK
 265	     0	75.0	143.8	 718	OK
 266	     0	73.6	139.7	 728	OK
 267	     0	72.4	138.9	 736	OK
 268	     0	73.0	142.5	 738	OK
 269	     0	71.3	135.7	 732	OK
 270	     0	73.8	139.5	 742	OK
 271	     0	72.5	137.0	 728	OK
 272	     0	71.3	136.6	 726	OK
 273	     0	74.9	143.3	 735	OK
 274	     0	73.0	140.0	 737	OK
 275	     0	73.5	141.7	 733	OK
 276	     0	71.7	138.7	 750	OK
 277	     0	74.0	143.4	 733	OK
 278	     0	73.0	142.0	 748	OK
 279	     0	72.7	138.8	 734	OK
 280	     0	71.0	136.4	 733	OK
 281	     0	72.9	138.3	 722	OK
 282	     0	74.0	140.6	 740	OK
 283	     0	75.0	141.3	 740	OK
 284	     0	74.0	139.3	 748	OK
 285	     0	71.4	138.9	 742	OK
 286	     0	73.7	141.1	 728	OK
 287	     0	74.6	142.8	 719	OK
 288	     0	72.4	137.3	 759	OK
 289	     0	72.8	140.2	 746	OK
 290	     0	71.7	139.8	 748	OK
 291	     0	72.6	137.7	 738	OK
 292	     0	73.1	141.2	 739	OK
 293	     0	73.6	142.3	 745	OK
 294	     0	71.9	137.8	 728	OK
 295	     0	72.5	138.0	 739	OK
 296	     0	72.7	139.5	 739	OK
 297	     0	70.4	137.0	 740	OK
 298	     0	74.7	141.9	 721	OK
 299	     0	75.1	144.1	 727	OK
 300	     0	69.4	135.4	 733	OK
 301	     0	72.5	138.0	 724	OK
 302	     0	72.9	139.5	 765	OK
 303	     0	73.8	140.2	 760	OK
 304	     0	72.3	139.3	 762	OK
 305	     0	72.9	138.7	 751	OK
 306	     0	72.8	142.0	 733	OK
 307	     0	73.4	139.8	 751	OK
 308	     0	72.6	140.0	 753	OK
 309	     0	74.1	140.6	 740	OK
 310	     0	69.7	136.3	 747	OK
 311	     0	74.5	141.1	 756	OK
 312	     0	71.0	137.3	 742	OK
 313	     0	71.5	140.1	 756	OK
 314	     0	73.1	141.1	 759	OK
 315	     0	74.1	141.5	 752	OK
 316	     0	74.4	140.3	 743	OK
 317	     0	72.1	139.3	 738	OK
 318	     0	73.4	140.9	 747	OK
 319	     0	74.8	142.4	 768	OK
 320	     0	73.2	141.1	 742	OK
 321	     0	73.7	139.8	 737	OK
 322	     0	73.3	141.4	 742	OK
 323	     0	72.3	138.6	 717	OK
 324	     0	72.8	140.9	 752	OK
 325	     0	71.9	138.2	 737	OK
 326	     0	74.3	141.1	 748	OK
 327	     0	72.5	140.0	 747	OK
 328	     0	71.8	138.0	 727	OK
 329	     0	75.4	142.4	 743	OK
 330	     0	72.2	139.8	 740	OK
 331	     0	74.3	142.4	 752	OK
 332	     0	73.5	139.5	 735	OK
 333	     0	73.3	138.8	 749	OK
 334	     0	71.8	138.2	 746	OK
 335	     0	72.2	138.6	 748	OK
 336	     0	74.4	140.8	 733	OK
 337	     0	71.7	136.4	 744	OK
 338	     0	71.2	136.6	 745	OK
 339	     0	72.5	140.3	 744	OK
 340	     0	72.6	139.8	 744	OK
 341	     0	74.1	141.3	 747	OK
 342	     0	73.5	141.4	 726	OK
 343	     0	74.0	142.2	 736	OK
 344	     0	75.1	144.1	 727	OK
 345	     0	73.7	141.9	 737	OK
 346	     0	73.2	140.1	 734	OK
 347	     0	74.7	144.4	 721	OK
 348	     0	73.0	139.3	 719	OK
 349	     0	73.6	141.0	 710	OK
 350	     0	74.6	142.6	 731	OK
 351	     0	72.3	139.7	 721	OK
 352	     0	72.9	139.2	 739	OK
 353	     0	72.7	138.1	 742	OK
 354	     0	73.1	139.8	 711	OK
 355	     0	71.8	137.2	 727	OK
 356	     0	74.2	142.7	 713	OK
 357	     0	74.9	142.8	 719	OK
 358	     0	74.3	141.3	 729	OK
 359	     0	71.7	139.2	 736	OK
 360	     0	74.1	141.5	 726	OK
 361	     0	72.6	141.2	 720	OK
 362	     0	71.3	137.0	 715	OK
 363	     0	72.8	141.9	 722	OK
 364	     0	72.2	137.3	 731	OK
 365	     0	74.8	142.8	 708	OK
 366	     0	74.6	143.2	 712	OK
 367	     0	72.0	138.4	 718	OK
 368	     0	72.4	139.4	 718	OK
 369	     0	73.5	140.7	 713	OK
 370	     0	75.1	143.4	 710	OK
 371	     0	75.1	144.2	 714	OK
 372	     0	74.9	143.1	 721	OK
 373	     0	74.4	144.6	 715	OK
 374	     0	74.2	143.6	 731	OK
 375	     0	73.3	142.0	 725	OK
 376	     0	75.0	143.5	 709	OK
 377	     0	75.0	142.3	 715	OK
 378	     0	74.7	142.9	 714	OK
 379	     0	75.0	144.8	 721	OK
 380	     0	74.2	141.9	 714	OK
 381	     0	74.6	141.5	 723	OK
 382	     0	74.4	142.6	 719	OK
 383	     0	72.3	137.9	 725	OK
 384	     0	76.0	144.4	 728	OK
 385	     0	75.5	142.4	 730	OK
 386	     0	74.8	142.0	 725	OK
 387	     0	76.6	147.9	 722	OK
 388	     0	74.7	142.0	 709	OK
 389	     0	75.0	143.3	 729	OK
 390	     0	74.9	143.9	 726	OK
 391	     0	75.1	142.9	 740	OK
 392	     0	74.8	141.2	 719	OK
 393	     0	74.8	143.3	 725	OK
 394	     0	72.9	140.7	 732	OK
 395	     0	75.4	143.4	 720	OK
 396	     0	73.9	141.3	 726	OK
 397	     0	72.4	140.2	 745	OK
 398	     0	73.4	141.4	 720	OK
 399	     0	74.9	143.1	 737	OK
 400	     0	74.1	141.3	 734	OK
 401	     0	74.0	142.2	 728	OK
 402	     0	75.4	143.3	 733	OK
 403	     0	72.1	138.5	 727	OK
 404	     0	75.4	144.6	 719	OK
 405	     0	74.2	141.5	 708	OK
 406	     0	75.7	144.2	 733	OK
 407	     0	74.3	144.0	 728	OK
 408	     0	72.9	140.7	 733	OK
 409	     0	73.7	139.0	 720	OK
 410	     0	73.3	140.3	 719	OK
 411	     0	73.2	139.3	 728	OK
 412	     0	73.7	140.2	 734	OK
 413	     0	73.4	139.6	 753	OK
 414	     0	71.7	138.3	 746	OK
 415	     0	72.5	137.1	 736	OK
 416	     0	72.9	141.3	 744	OK
 417	     0	73.3	139.8	 739	OK
 418	     0	73.5	139.4	 744	OK
 419	     0	74.6	142.3	 736	OK
 420	     0	75.7	143.6	 735	OK
 421	     0	73.3	139.7	 724	OK
 422	     0	71.1	136.2	 728	OK
 423	     0	74.7	140.5	 738	OK
 424	     0	73.8	142.1	 729	OK
 425	     0	74.3	143.4	 751	OK
 426	     0	72.1	137.8	 748	OK
 427	     0	72.6	140.4	 740	OK
 428	     0	72.5	138.9	 749	OK
 429	     0	73.2	142.3	 744	OK
 430	     0	73.9	141.1	 750	OK
 431	     0	73.9	140.8	 735	OK
 432	     0	73.2	141.5	 748	OK
 433	     0	71.9	137.5	 755	OK
 434	     0	73.2	139.8	 762	OK
 435	     0	74.4	141.9	 745	OK
 436	     0	73.7	141.3	 746	OK
 437	     0	72.8	139.5	 753	OK
 438	     0	73.6	139.5	 749	OK
 439	     0	73.4	141.5	 752	OK
 440	     0	73.8	142.9	 726	OK
 441	     0	73.8	139.4	 753	OK
 442	     0	72.5	138.5	 754	OK
 443	     0	73.8	140.6	 747	OK
 444	     0	74.2	143.4	 772	OK
 445	     0	75.2	143.0	 754	OK
 446	     0	74.5	142.3	 745	OK
 447	     0	73.3	139.7	 760	OK
 448	     0	75.5	144.2	 733	OK
 449	     0	72.1	139.4	 756	OK
 450	     0	73.9	140.2	 728	OK
 451	     0	72.6	140.7	 746	OK
 452	     0	73.9	139.3	 729	OK
 453	     0	74.3	142.2	 746	OK
 454	     0	72.4	139.8	 751	OK
 455	     0	72.4	139.3	 732	OK
 456	     0	73.3	142.4	 739	OK
 457	     0	72.1	138.5	 744	OK
 458	     0	73.0	140.9	 736	OK
 459	     0	72.1	139.9	 750	OK
 460	     0	72.6	139.1	 753	OK
 461	     0	75.3	144.2	 742	OK
 462	     0	72.6	138.1	 734	OK
 463	     0	72.6	137.2	 745	OK
 464	     0	74.3	140.5	 738	OK
 465	     0	73.3	141.0	 747	OK
 466	     0	72.6	139.2	 746	OK
 467	     0	73.1	138.1	 745	OK
 468	     0	74.1	144.0	 738	OK
 469	     0	73.3	140.7	 742	OK
 470	     0	71.8	137.5	 746	OK
 471	     0	73.3	141.0	 741	OK
 472	     0	74.5	141.3	 758	OK
 473	     0	71.1	136.2	 746	OK
 474	     0	72.9	140.5	 740	OK
 475	     0	73.4	140.6	 733	OK
 476	     0	72.7	139.8	 746	OK
 477	     0	72.7	139.4	 730	OK
 478	     0	72.5	139.1	 743	OK
 479	     0	71.0	136.7	 744	OK
 480	     0	71.7	138.3	 727	OK
 481	     0	72.2	140.6	 723	OK
 482	     0	72.2	137.9	 744	OK
 483	     0	70.9	136.3	 752	OK
 484	     0	70.5	137.4	 709	OK
 485	     0	71.4	139.1	 730	OK
 486	     0	73.3	139.5	 736	OK
 487	     0	71.6	138.7	 739	OK
 488	     0	73.4	139.1	 736	OK
 489	     0	72.4	139.9	 707	OK
 490	     0	72.0	138.5	 739	OK
 491	     0	72.4	138.3	 725	OK
 492	     0	71.1	137.6	 737	OK
 493	     0	70.5	135.5	 735	OK
 494	     0	73.0	139.7	 726	OK
 495	     0	72.5	140.7	 725	OK
 496	     0	72.9	137.9	 746	OK
 497	     0	72.6	138.0	 716	OK
 498	     0	72.5	137.6	 738	OK
 499	     0	71.8	139.5	 718	OK
 500	     0	72.9	139.3	 737	OK
 501	     0	71.9	139.0	 738	OK
 502	     0	70.7	135.6	 756	OK
 503	     0	71.4	137.5	 729	OK
 504	     0	71.9	137.2	 734	OK
 505	     0	72.8	139.1	 723	OK
 506	     0	72.8	138.6	 726	OK
 507	     0	72.2	137.5	 714	OK
 508	     0	70.0	134.5	 724	OK
 509	     0	72.0	138.9	 733	OK
 510	     0	71.4	136.3	 744	OK
 511	     0	71.9	139.0	 718	OK
 512	     0	72.1	139.5	 765	OK
 513	     0	72.5	137.5	 754	OK
 514	     0	72.7	138.3	 765	OK
 515	     0	70.1	135.8	 743	OK
 516	     0	72.0	136.2	 760	OK
 517	     0	71.5	136.6	 770	OK
 518	     0	70.9	134.8	 759	OK
 519	     0	71.2	137.2	 772	OK
 520	     0	72.1	138.5	 741	OK
 521	     0	72.7	140.0	 761	OK
 522	     0	70.5	136.7	 764	OK
 523	     0	70.4	135.5	 762	OK
 524	     0	71.7	135.2	 753	OK
 525	     0	73.0	140.8	 747	OK
 526	     0	73.3	140.0	 763	OK
 527	     0	73.9	140.1	 772	OK
 528	     0	72.4	139.2	 757	OK
 529	     0	72.0	136.8	 746	OK
 530	     0	69.8	133.7	 742	OK
 531	     0	72.2	139.0	 733	OK
 532	     0	68.6	135.0	 740	OK
 533	     0	71.8	137.4	 737	OK
 534	     0	73.6	140.8	 774	OK
 535	     0	71.3	137.4	 744	OK
 536	     0	71.6	137.1	 746	OK
 537	     0	70.9	135.6	 743	OK
 538	     0	70.7	136.7	 765	OK
 539	     0	73.2	138.0	 761	OK
 540	     0	72.4	139.4	 759	OK
 541	     0	72.3	137.3	 750	OK
 542	     0	71.7	137.8	 738	OK
 543	     0	69.7	136.3	 763	OK
 544	     0	72.0	137.7	 765	OK
 545	     0	72.6	139.7	 749	OK
 546	     0	70.4	134.3	 766	OK
 547	     0	70.1	133.6	 740	OK
 548	     0	71.6	138.2	 768	OK
 549	     0	70.6	137.4	 741	OK
 550	     0	69.9	136.5	 760	OK
 551	     0	72.6	138.1	 767	OK
 552	     0	70.4	136.5	 765	OK
 553	     0	70.8	136.9	 749	OK
 554	     0	73.2	141.5	 755	OK
 555	     0	73.2	140.9	 759	OK
 556	     0	69.8	134.3	 763	OK
 557	     0	71.0	137.1	 746	OK
 558	     0	73.8	141.9	 756	OK
 559	     0	69.9	134.0	 766	OK
 560	     0	71.7	136.7	 773	OK
 561	     0	72.2	138.0	 719	OK
 562	     0	72.2	139.3	 758	OK
 563	     0	71.1	138.5	 763	OK
 564	     0	70.3	133.4	 766	OK
 565	     0	70.9	136.7	 764	OK
 566	     0	69.0	134.7	 758	OK
 567	     0	72.2	137.8	 730	OK
 568	     0	70.2	136.2	 740	OK
 569	     0	71.3	137.2	 724	OK
 570	     0	71.8	139.0	 746	OK
 571	     0	72.9	142.0	 758	OK
 572	     0	72.8	140.4	 763	OK
 573	     0	74.8	144.3	 740	OK
 574	     0	73.8	142.0	 757	OK
 575	     0	71.6	137.0	 729	OK
 576	     0	72.3	141.0	 725	OK
 577	     0	72.3	139.0	 704	OK
 578	     0	69.6	133.6	 730	OK
 579	     0	70.0	136.6	 706	OK
 580	     0	70.5	135.4	 732	OK
 581	     0	70.7	138.1	 728	OK
 582	     0	71.1	136.9	 745	OK
 583	     0	70.8	137.7	 696	OK
 584	     0	71.1	136.7	 723	OK
 585	     0	70.3	136.5	 699	OK
 586	     0	70.4	137.6	 719	OK
 587	     0	71.0	137.1	 719	OK
 588	     0	70.1	137.2	 716	OK
 589	     0	69.3	133.0	 707	OK
 590	     0	71.4	138.7	 709	OK
 591	     0	70.0	136.2	 709	OK
 592	     0	70.9	137.3	 710	OK
 593	     0	70.7	137.1	 718	OK
 594	     0	70.1	137.0	 712	OK
 595	     0	72.1	137.6	 714	OK
 596	     0	74.8	143.2	 692	OK
 597	     0	71.7	138.9	 700	OK
 598	     0	71.5	137.3	 713	OK
 599	     0	68.8	134.3	 701	OK
 600	     0	71.7	138.5	 725	OK
 601	     0	71.0	138.0	 715	OK
 602	     0	70.9	137.3	 702	OK
 603	     0	69.7	135.4	 712	OK
 604	     0	70.5	137.1	 699	OK
 605	     0	71.4	139.3	 710	OK
 606	     0	72.5	139.1	 689	OK
 607	     0	70.8	137.2	 694	OK
 608	     0	70.7	138.9	 700	OK
 609	     0	69.8	137.4	 711	OK
 610	     0	71.1	138.6	 698	OK
 611	     0	72.1	138.4	 700	OK
 612	     0	71.0	136.3	 687	OK
 613	     0	70.7	138.3	 705	OK
 614	     0	71.2	138.3	 674	OK
 615	     0	71.2	138.3	 705	OK
 616	     0	72.4	139.7	 691	OK
 617	     0	70.1	137.6	 684	OK
 618	     0	70.3	138.5	 681	OK
 619	     0	71.5	138.1	 692	OK
 620	     0	71.8	138.5	 670	OK
 621	     0	72.8	141.0	 677	OK
 622	     0	70.2	135.1	 692	OK
 623	     0	71.8	139.9	 696	OK
 624	     0	71.9	140.5	 669	OK
 625	     0	73.0	141.4	 690	OK
 626	     0	71.3	139.4	 711	OK
 627	     0	68.7	134.5	 698	OK
 628	     0	72.5	142.6	 680	OK
 629	     0	70.9	137.9	 679	OK
 630	     0	71.1	139.5	 697	OK
 631	     0	73.2	143.4	 679	OK
 632	     0	72.1	141.6	 679	OK
 633	     0	72.6	141.3	 690	OK
 634	     0	73.8	144.4	 688	OK
 635	     0	72.5	139.7	 681	OK
 636	     0	70.5	137.8	 674	OK
 637	     0	70.7	138.8	 703	OK
 638	     0	73.4	143.4	 694	OK
 639	     0	71.6	139.6	 681	OK
 640	     0	72.1	136.6	 733	OK
 641	     0	71.8	138.8	 738	OK
 642	     0	72.2	139.4	 730	OK
 643	     0	70.9	135.0	 747	OK
 644	     0	72.9	139.4	 723	OK
 645	     0	70.0	134.5	 719	OK
 646	     0	72.0	138.8	 749	OK
 647	     0	70.8	135.4	 729	OK
 648	     0	73.0	139.5	 726	OK
 649	     0	72.5	137.6	 731	OK
 650	     0	72.0	139.0	 738	OK
 651	     0	73.6	140.5	 739	OK
 652	     0	71.8	136.0	 739	OK
 653	     0	74.6	141.1	 733	OK
 654	     0	71.5	136.4	 741	OK
 655	     0	73.3	141.8	 736	OK
 656	     0	72.3	137.1	 740	OK
 657	     0	72.4	138.5	 712	OK
 658	     0	73.9	141.0	 748	OK
 659	     0	70.8	134.7	 727	OK
 660	     0	69.6	133.2	 718	OK
 661	     0	73.7	139.7	 735	OK
 662	     0	71.7	136.2	 735	OK
 663	     0	71.8	138.8	 730	OK
 664	     0	72.3	139.7	 742	OK
 665	     0	72.6	137.4	 757	OK
 666	     0	72.6	139.9	 741	OK
 667	     0	72.5	139.5	 763	OK
 668	     0	71.7	138.7	 745	OK
 669	     0	70.7	137.1	 770	OK
 670	     0	71.3	138.8	 739	OK
 671	     0	71.8	136.4	 758	OK
 672	     0	73.2	140.1	 766	OK
 673	     0	71.8	137.5	 782	OK
 674	     0	71.3	137.4	 784	OK
 675	     0	72.7	138.4	 781	OK
 676	     0	71.9	139.4	 758	OK
 677	     0	70.9	136.9	 793	OK
 678	     0	72.7	137.2	 773	OK
 679	     0	72.1	135.5	 783	OK
 680	     0	71.9	136.2	 802	OK
 681	     0	71.2	135.6	 812	OK
 682	     0	70.1	135.9	 810	OK
 683	     0	71.6	136.8	 800	OK
 684	     0	70.5	134.9	 794	OK
 685	     0	71.7	138.3	 802	OK
 686	     0	69.7	132.5	 782	OK
 687	     0	71.3	136.1	 797	OK
 688	     0	70.6	137.9	 795	OK
 689	     0	72.7	138.1	 786	OK
 690	     0	72.9	138.8	 794	OK
 691	     0	71.1	135.1	 778	OK
 692	     0	71.7	135.8	 768	OK
 693	     0	71.2	136.6	 771	OK
 694	     0	71.4	137.3	 780	OK
 695	     0	71.0	135.4	 777	OK
 696	     0	70.5	137.4	 758	OK
 697	     0	71.8	135.8	 756	OK
 698	     0	71.1	136.9	 749	OK
 699	     0	69.9	134.3	 748	OK
 700	     0	70.8	136.5	 755	OK
 701	     0	71.2	137.7	 764	OK
 702	     0	71.9	135.5	 754	OK
 703	     0	72.0	139.2	 747	OK
 704	     0	71.4	137.1	 751	OK
 705	     0	70.1	135.3	 764	OK
 706	     0	69.1	134.8	 752	OK
 707	     0	71.2	137.0	 758	OK
 708	     0	72.3	139.7	 746	OK
 709	     0	68.7	134.3	 756	OK
 710	     0	70.5	136.3	 724	OK
 711	     0	70.1	134.0	 734	OK
 712	     0	71.1	137.7	 744	OK
 713	     0	70.4	137.5	 733	OK
 714	     0	70.9	137.2	 744	OK
 715	     0	69.1	134.2	 736	OK
 716	     0	69.1	133.2	 748	OK
 717	     0	70.9	137.0	 720	OK
 718	     0	70.3	136.0	 734	OK
 719	     0	70.8	137.3	 715	OK
 720	     0	68.4	134.3	 720	OK
 721	     0	69.3	133.6	 727	OK
 722	     0	69.1	135.5	 715	OK
 723	     0	69.2	136.2	 735	OK
 724	     0	70.8	138.8	 727	OK
 725	     0	70.7	136.9	 733	OK
 726	     0	69.9	136.7	 733	OK
 727	     0	72.0	139.2	 739	OK
 728	     0	71.5	137.4	 741	OK
 729	     0	73.2	141.4	 728	OK
 730	     0	70.9	137.7	 729	OK
 731	     0	69.9	136.7	 727	OK
 732	     0	72.7	140.4	 718	OK
 733	     0	69.9	136.6	 727	OK
 734	     0	69.9	136.1	 723	OK
 735	     0	68.8	133.2	 714	OK
 736	     0	68.7	134.5	 713	OK
 737	     0	70.3	136.8	 719	OK
 738	     0	72.7	139.6	 725	OK
 739	     0	71.7	137.3	 741	OK
 740	     0	71.9	139.5	 721	OK
 741	     0	68.8	133.0	 744	OK
 742	     0	69.3	136.3	 741	OK
 743	     0	70.4	136.0	 743	OK
 744	     0	69.5	135.9	 737	OK
 745	     0	72.5	140.7	 728	OK
 746	     0	69.9	136.8	 756	OK
 747	     0	71.8	139.3	 721	OK
 748	     0	69.2	133.3	 723	OK
 749	     0	70.3	137.6	 733	OK
 750	     0	68.7	133.8	 735	OK
 751	     0	72.9	143.5	 719	OK
 752	     0	69.1	134.4	 731	OK
 753	     0	71.4	137.7	 734	OK
 754	     0	70.7	138.9	 738	OK
 755	     0	70.4	137.9	 771	OK
 756	     0	71.8	140.7	 753	OK
 757	     0	72.7	139.2	 747	OK
 758	     0	70.4	138.6	 755	OK
 759	     0	70.8	139.3	 750	OK
 760	     0	73.3	140.0	 753	OK
 761	     0	71.8	142.2	 750	OK
 762	     0	71.4	140.0	 750	OK
 763	     0	69.6	136.9	 749	OK
 764	     0	71.4	140.7	 751	OK
 765	     0	68.6	135.5	 745	OK
 766	     0	70.0	137.3	 747	OK
 767	     0	71.0	141.4	 747	OK
 768	     0	76.2	145.9	 747	OK
 769	     0	77.1	146.2	 740	OK
 770	     0	78.4	151.1	 745	OK
 771	     0	77.0	148.6	 737	OK
 772	     0	77.7	149.1	 747	OK
 773	     0	78.9	152.2	 739	OK
 774	     0	74.5	142.5	 755	OK
 775	     0	76.6	147.5	 766	OK
 776	     0	78.0	147.8	 747	OK
 777	     0	75.7	144.7	 750	OK
 778	     0	76.7	147.8	 764	OK
 779	     0	76.0	145.6	 744	OK
 780	     0	75.4	145.1	 732	OK
 781	     0	74.9	144.9	 737	OK
 782	     0	76.4	146.0	 761	OK
 783	     0	78.0	148.3	 731	OK
 784	     0	76.0	145.8	 744	OK
 785	     0	75.8	146.5	 750	OK
 786	     0	76.9	146.6	 732	OK
 787	     0	75.3	143.9	 739	OK
 788	     0	77.3	146.2	 740	OK
 789	     0	76.2	145.1	 728	OK
 790	     0	76.4	143.4	 718	OK
 791	     0	76.4	144.1	 742	OK
 792	     0	76.0	146.6	 739	OK
 793	     0	76.9	148.2	 744	OK
 794	     0	75.2	142.3	 741	OK
 795	     0	76.7	147.6	 736	OK
 796	     0	73.8	143.3	 752	OK
 797	     0	75.4	145.0	 728	OK
 798	     0	76.3	146.2	 751	OK
 799	     0	78.1	145.9	 732	OK
 800	     0	74.3	141.0	 734	OK
 801	     0	78.4	148.5	 753	OK
 802	     0	78.8	148.4	 736	OK
 803	     0	74.7	142.1	 741	OK
 804	     0	77.1	147.8	 740	OK
 805	     0	75.8	145.8	 743	OK
 806	     0	75.9	146.7	 741	OK
 807	     0	78.5	149.4	 737	OK
 808	     0	75.9	145.1	 736	OK
 809	     0	77.7	147.4	 724	OK
 810	     0	77.6	148.9	 730	OK
 811	     0	76.2	147.4	 712	OK
 812	     0	78.7	148.5	 750	OK
 813	     0	77.3	148.9	 736	OK
 814	     0	76.8	147.8	 735	OK
 815	     0	77.7	147.6	 757	OK
 816	     0	76.2	145.6	 752	OK
 817	     0	74.9	145.7	 734	OK
 818	     0	75.6	144.1	 759	OK
 819	     0	78.1	149.2	 741	OK
 820	     0	76.6	148.0	 765	OK
 821	     0	75.8	146.5	 732	OK
 822	     0	76.8	146.1	 744	OK
 823	     0	74.0	140.9	 736	OK
 824	     0	76.4	144.5	 729	OK
 825	     0	76.9	147.0	 710	OK
 826	     0	76.1	147.1	 736	OK
 827	     0	75.0	144.7	 714	OK
 828	     0	77.1	147.6	 747	OK
 829	     0	76.9	147.5	 726	OK
 830	     0	77.3	148.5	 733	OK
 831	     0	75.6	142.7	 737	OK
 832	     0	77.4	147.8	 738	OK
 833	     0	77.2	148.6	 738	OK
 834	     0	75.9	146.0	 731	OK
 835	     0	73.1	141.4	 730	OK
 836	     0	75.4	144.0	 737	OK
 837	     0	77.4	148.2	 725	OK
 838	     0	76.6	147.9	 728	OK
 839	     0	76.3	144.6	 722	OK
 840	     0	74.4	143.7	 718	OK
 841	     0	75.0	145.1	 710	OK
 842	     0	74.9	143.5	 713	OK
 843	     0	74.3	142.5	 714	OK
 844	     0	76.1	145.6	 729	OK
 845	     0	76.2	146.2	 728	OK
 846	     0	74.6	144.6	 731	OK
 847	     0	75.8	146.0	 727	OK
 848	     0	74.2	141.4	 711	OK
 849	     0	76.5	145.3	 707	OK
 850	     0	74.9	145.9	 716	OK
 851	     0	75.1	144.0	 704	OK
 852	     0	72.8	139.8	 709	OK
 853	     0	73.6	143.1	 724	OK
 854	     0	72.6	138.6	 717	OK
 855	     0	73.9	142.9	 719	OK
 856	     0	74.3	142.4	 703	OK
 857	     0	73.9	141.7	 703	OK
 858	     0	74.2	141.3	 727	OK
 859	     0	75.9	145.6	 707	OK
 860	     0	74.3	140.9	 698	OK
 861	     0	76.3	146.0	 703	OK
 862	     0	74.0	143.4	 716	OK
 863	     0	74.8	141.7	 723	OK
 864	     0	74.5	144.5	 716	OK
 865	     0	73.8	142.2	 695	OK
 866	     0	76.3	146.2	 703	OK
 867	     0	74.1	141.4	 710	OK
 868	     0	73.6	142.1	 698	OK
 869	     0	76.7	146.5	 719	OK
 870	     0	73.5	142.1	 704	OK
 871	     0	74.1	141.3	 694	OK
 872	     0	74.5	143.6	 688	OK
 873	     0	74.6	142.2	 682	OK
 874	     0	76.4	147.2	 700	OK
 875	     0	74.5	143.6	 678	OK
 876	     0	73.8	143.0	 699	OK
 877	     0	74.5	144.2	 700	OK
 878	     0	75.5	143.3	 709	OK
 879	     0	73.1	140.8	 694	OK
 880	     0	75.2	145.7	 678	OK
 881	     0	76.7	147.6	 715	OK
 882	     0	75.2	144.7	 699	OK
 883	     0	74.1	143.0	 714	OK
 884	     0	74.9	142.6	 696	OK
 885	     0	75.2	144.1	 705	OK
 886	     0	76.3	148.4	 693	OK
 887	     0	74.0	140.8	 689	OK
 888	     0	75.0	145.2	 713	OK
 889	     0	74.9	144.9	 706	OK
 890	     0	75.2	144.0	 709	OK
 891	     0	74.1	142.8	 706	OK
 892	     0	77.2	147.2	 687	OK
 893	     0	75.5	145.9	 705	OK
 894	     0	75.3	144.9	 693	OK
 895	     0	76.6	148.7	 695	OK
 896	     0	78.1	145.9	 723	OK
 897	     0	78.4	148.5	 727	OK
 898	     0	77.8	147.3	 743	OK
 899	     0	77.4	146.4	 735	OK
 900	     0	76.7	145.2	 707	OK
 901	     0	76.5	144.5	 731	OK
 902	     0	76.2	144.2	 735	OK
 903	     0	77.4	147.6	 729	OK
 904	     0	76.2	143.3	 736	OK
 905	     0	77.0	145.4	 746	OK
 906	     0	78.6	147.7	 737	OK
 907	     0	78.6	146.4	 737	OK
 908	     0	77.1	146.7	 742	OK
 909	     0	75.9	144.2	 723	OK
 910	     0	77.8	147.5	 734	OK
 911	     0	76.9	143.4	 738	OK
 912	     0	76.5	143.3	 717	OK
 913	     0	76.0	145.0	 728	OK
 914	     0	76.5	145.6	 730	OK
 915	     0	76.3	145.7	 735	OK
 916	     0	77.8	146.8	 713	OK
 917	     0	77.6	146.4	 741	OK
 918	     0	77.1	145.1	 732	OK
 919	     0	78.7	148.1	 731	OK
 920	     0	79.9	149.6	 709	OK
 921	     0	76.0	145.6	 721	OK
 922	     0	78.1	148.3	 748	OK
 923	     0	76.6	145.3	 731	OK
 924	     0	78.2	146.9	 703	OK
 925	     0	79.2	148.4	 724	OK
 926	     0	77.6	146.6	 745	OK
 927	     0	75.4	143.7	 729	OK
 928	     0	76.9	144.4	 734	OK
 929	     0	78.7	148.8	 735	OK
 930	     0	77.2	145.3	 744	OK
 931	     0	79.5	149.5	 716	OK
 932	     0	77.4	146.8	 743	OK
 933	     0	77.0	146.3	 738	OK
 934	     0	78.3	146.4	 728	OK
 935	     0	77.5	144.8	 743	OK
 936	     0	75.8	142.3	 731	OK
 937	     0	76.2	144.4	 727	OK
 938	     0	78.3	149.0	 715	OK
 939	     0	78.3	149.8	 738	OK
 940	     0	76.6	143.0	 732	OK
 941	     0	76.0	145.7	 746	OK
 942	     0	75.2	142.5	 731	OK
 943	     0	78.9	148.1	 731	OK
 944	     0	75.7	144.6	 722	OK
 945	     0	76.3	145.0	 710	OK
 946	     0	78.7	148.8	 732	OK
 947	     0	78.1	147.3	 715	OK
 948	     0	76.5	144.1	 720	OK
 949	     0	75.2	143.6	 729	OK
 950	     0	78.1	146.9	 731	OK
 951	     0	78.3	147.7	 724	OK
 952	     0	75.2	143.7	 718	OK
 953	     0	74.9	141.0	 740	OK
 954	     0	76.3	143.9	 725	OK
 955	     0	76.4	144.6	 727	OK
 956	     0	76.2	144.5	 720	OK
 957	     0	78.3	146.1	 728	OK
 958	     0	79.3	149.4	 723	OK
 959	     0	78.6	148.5	 719	OK
 960	     0	76.9	145.3	 721	OK
 961	     0	78.9	148.6	 715	OK
 962	     0	78.0	148.3	 721	OK
 963	     0	77.5	147.2	 728	OK
 964	     0	75.8	144.5	 743	OK
 965	     0	77.9	147.6	 711	OK
 966	     0	76.3	144.8	 719	OK
 967	     0	76.0	143.6	 736	OK
 968	     0	76.7	144.3	 734	OK
 969	     0	77.3	145.2	 711	OK
 970	     0	77.2	145.2	 723	OK
 971	     0	77.5	145.7	 733	OK
 972	     0	75.5	143.5	 726	OK
 973	     0	77.8	147.6	 720	OK
 974	     0	77.5	146.4	 712	OK
 975	     0	76.6	144.1	 727	OK
 976	     0	76.1	146.0	 718	OK
 977	     0	79.2	151.2	 722	OK
 978	     0	76.2	146.5	 714	OK
 979	     0	78.2	150.7	 731	OK
 980	     0	78.0	146.0	 735	OK
 981	     0	78.8	146.8	 734	OK
 982	     0	75.2	141.2	 752	OK
 983	     0	76.4	143.8	 735	OK
 984	     0	77.4	144.6	 730	OK
 985	     0	76.6	145.2	 732	OK
 986	     0	76.0	144.2	 750	OK
 987	     0	76.9	147.4	 736	OK
 988	     0	77.8	148.8	 714	OK
 989	     0	78.2	149.6	 738	OK
 990	     0	76.1	144.2	 728	OK
 991	     0	78.8	150.0	 746	OK
 992	     0	77.3	147.9	 747	OK
 993	     0	77.0	145.2	 735	OK
 994	     0	79.5	151.8	 729	OK
 995	     0	77.8	145.4	 735	OK
 996	     0	75.8	145.8	 730	OK
 997	     0	78.4	148.0	 714	OK
 998	     0	76.6	143.7	 733	OK
 999	     0	77.2	145.2	 737	OK
1000	     0	76.0	144.2	 754	OK
1001	     0	77.1	144.8	 723	OK
1002	     0	77.7	148.6	 723	OK
1003	     0	76.2	144.3	 737	OK
1004	     0	77.4	143.7	 736	OK
1005	     0	75.8	142.8	 741	OK
1006	     0	76.9	144.1	 731	OK
1007	     0	77.0	147.3	 739	OK
1008	     0	78.5	149.0	 731	OK
1009	     0	77.9	145.4	 734	OK
1010	     0	78.7	149.0	 731	OK
1011	     0	76.7	144.4	 739	OK
1012	     0	79.0	148.7	 717	OK
1013	     0	77.8	146.2	 749	OK
1014	     0	77.9	146.6	 739	OK
1015	     0	77.9	146.6	 721	OK
1016	     0	77.3	146.0	 744	OK
1017	     0	79.1	149.3	 741	OK
1018	     0	79.0	148.7	 751	OK
1019	     0	78.0	149.5	 736	OK
1020	     0	79.4	149.4	 747	OK
1021	     0	77.9	147.4	 739	OK
1022	     0	80.2	151.9	 739	OK
1023	     0	78.9	150.0	 729	OK
1024	     0	74.5	143.1	 724	OK
1025	     0	76.3	147.0	 731	OK
1026	     0	74.3	141.8	 721	OK
1027	     0	77.0	145.0	 730	OK
1028	     0	77.6	147.4	 728	OK
1029	     0	75.6	143.5	 724	OK
1030	     0	75.7	144.6	 737	OK
1031	     0	73.4	140.9	 726	OK
1032	     0	74.8	144.1	 730	OK
1033	     0	73.8	142.0	 726	OK
1034	     0	75.3	143.6	 736	OK
1035	     0	74.9	142.5	 726	OK
1036	     0	76.1	146.7	 749	OK
1037	     0	75.3	142.9	 736	OK
1038	     0	73.8	142.6	 726	OK
1039	     0	75.1	143.0	 714	OK
1040	     0	73.5	139.5	 725	OK
1041	     0	75.3	142.9	 732	OK
1042	     0	72.9	140.1	 711	OK
1043	     0	73.7	140.0	 709	OK
1044	     0	76.7	145.0	 720	OK
1045	     0	76.3	144.7	 706	OK
1046	     0	72.5	140.2	 732	OK
1047	     0	74.5	143.9	 703	OK
1048	     0	73.2	141.9	 718	OK
1049	     0	75.4	142.3	 706	OK
1050	     0	74.8	141.9	 712	OK
1051	     0	74.9	142.2	 717	OK
1052	     0	75.3	144.8	 699	OK
1053	     0	72.8	138.8	 697	OK
1054	     0	75.5	143.0	 701	OK
1055	     0	76.5	145.1	 723	OK
1056	     0	75.2	143.1	 700	OK
1057	     0	74.5	142.1	 694	OK
1058	     0	74.4	142.0	 700	OK
1059	     0	75.2	143.1	 700	OK
1060	     0	74.3	141.9	 697	OK
1061	     0	72.2	139.8	 706	OK
1062	     0	76.1	142.8	 692	OK
1063	     0	74.6	143.5	 702	OK
1064	     0	74.9	142.9	 719	OK
1065	     0	74.9	143.0	 694	OK
1066	     0	76.3	145.9	 715	OK
1067	     0	75.6	144.1	 687	OK
1068	     0	73.4	139.3	 709	OK
1069	     0	75.4	142.5	 719	OK
1070	     0	72.1	140.1	 704	OK
1071	     0	77.4	146.2	 713	OK
1072	     0	75.8	143.6	 708	OK
1073	     0	77.3	146.7	 741	OK
1074	     0	75.0	142.3	 733	OK
1075	     0	75.4	145.9	 730	OK
1076	     0	75.4	142.8	 710	OK
1077	     0	74.9	141.9	 705	OK
1078	     0	77.6	148.8	 730	OK
1079	     0	74.8	144.5	 711	OK
1080	     0	76.0	145.2	 700	OK
1081	     0	75.3	144.9	 711	OK
1082	     0	76.2	145.8	 714	OK
1083	     0	76.0	143.0	 739	OK
1084	     0	77.0	147.7	 717	OK
1085	     0	73.2	140.5	 720	OK
1086	     0	76.0	145.6	 709	OK
1087	     0	75.8	145.4	 723	OK
1088	     0	75.1	145.6	 701	OK
1089	     0	78.1	148.8	 733	OK
1090	     0	76.1	142.4	 714	OK
1091	     0	76.1	145.1	 713	OK
1092	     0	74.2	143.3	 725	OK
1093	     0	74.0	141.1	 713	OK
1094	     0	77.3	148.2	 730	OK
1095	     0	77.0	145.0	 738	OK
1096	     0	73.9	139.7	 733	OK
1097	     0	74.3	143.3	 728	OK
1098	     0	74.2	139.5	 732	OK
1099	     0	76.7	144.6	 735	OK
1100	     0	75.9	144.3	 733	OK
1101	     0	75.9	147.0	 734	OK
1102	     0	75.0	143.5	 721	OK
1103	     0	74.8	142.4	 757	OK
1104	     0	74.0	140.5	 741	OK
1105	     0	75.1	144.5	 718	OK
1106	     0	76.3	144.3	 735	OK
1107	     0	76.5	146.9	 741	OK
1108	     0	74.8	143.3	 741	OK
1109	     0	74.0	140.1	 756	OK
1110	     0	76.1	146.7	 712	OK
1111	     0	74.8	141.9	 739	OK
1112	     0	75.9	146.7	 732	OK
1113	     0	75.5	143.5	 741	OK
1114	     0	74.0	141.0	 716	OK
1115	     0	73.4	141.5	 724	OK
1116	     0	77.2	147.9	 720	OK
1117	     0	76.1	145.2	 750	OK
1118	     0	75.5	142.9	 717	OK
1119	     0	76.0	145.0	 745	OK
1120	     0	74.7	143.4	 728	OK
1121	     0	75.3	145.5	 745	OK
1122	     0	75.2	145.1	 738	OK
1123	     0	74.4	143.0	 711	OK
1124	     0	72.0	137.6	 717	OK
1125	     0	76.2	144.9	 728	OK
1126	     0	77.8	148.9	 722	OK
1127	     0	77.1	147.4	 717	OK
1128	     0	75.7	145.5	 708	OK
1129	     0	75.8	145.5	 735	OK
1130	     0	76.2	147.5	 714	OK
1131	     0	76.0	144.0	 721	OK
1132	     0	75.2	144.4	 715	OK
1133	     0	74.9	142.8	 721	OK
1134	     0	75.0	143.6	 717	OK
1135	     0	76.0	144.9	 725	OK
1136	     0	74.5	142.3	 736	OK
1137	     0	72.8	139.8	 721	OK
1138	     0	77.5	146.7	 733	OK
1139	     0	76.1	144.1	 706	OK
1140	     0	74.3	140.1	 732	OK
1141	     0	77.6	147.4	 705	OK
1142	     0	75.7	143.0	 731	OK
1143	     0	73.7	141.5	 724	OK
1144	     0	74.1	142.8	 705	OK
1145	     0	76.6	144.8	 722	OK
1146	     0	77.1	147.5	 720	OK
1147	     0	76.6	149.8	 724	OK
1148	     0	75.0	143.6	 714	OK
1149	     0	75.9	143.6	 721	OK
1150	     0	78.6	150.2	 722	OK
1151	     0	76.3	144.5	 718	OK
1152	     0	78.3	146.2	 773	OK
1153	     0	76.9	147.1	 753	OK
1154	     0	75.8	143.6	 726	OK
1155	     0	78.3	149.5	 728	OK
1156	     0	78.0	147.8	 719	OK
1157	     0	77.4	145.8	 703	OK
1158	     0	76.3	143.6	 735	OK
1159	     0	80.1	150.5	 727	OK
1160	     0	76.8	144.2	 731	OK
1161	     0	78.0	147.7	 720	OK
1162	     0	78.2	148.8	 734	OK
1163	     0	78.0	149.9	 738	OK
1164	     0	75.8	144.9	 744	OK
1165	     0	78.9	148.7	 730	OK
1166	     0	77.0	146.1	 722	OK
1167	     0	76.7	147.1	 727	OK
1168	     0	77.0	144.9	 734	OK
1169	     0	77.6	148.0	 735	OK
1170	     0	78.8	148.7	 723	OK
1171	     0	77.5	146.3	 723	OK
1172	     0	77.5	148.0	 746	OK
1173	     0	77.6	146.2	 734	OK
1174	     0	77.3	145.2	 714	OK
1175	     0	79.3	150.0	 721	OK
1176	     0	75.3	143.4	 722	OK
1177	     0	77.8	146.1	 717	OK
1178	     0	77.5	147.1	 748	OK
1179	     0	78.3	150.1	 760	OK
1180	     0	76.3	144.8	 747	OK
1181	     0	78.1	150.7	 740	OK
1182	     0	75.9	145.2	 749	OK
1183	     0	76.8	146.3	 727	OK
1184	     0	77.7	148.3	 741	OK
1185	     0	78.3	148.8	 749	OK
1186	     0	75.2	143.9	 745	OK
1187	     0	78.8	150.1	 722	OK
1188	     0	76.9	148.0	 739	OK
1189	     0	77.1	148.6	 726	OK
1190	     0	77.6	146.4	 738	OK
1191	     0	74.6	140.5	 735	OK
1192	     0	77.6	145.4	 745	OK
1193	     0	77.6	146.5	 753	OK
1194	     0	76.2	143.3	 763	OK
1195	     0	75.7	143.3	 743	OK
1196	     0	76.0	146.0	 757	OK
1197	     0	75.7	144.6	 759	OK
1198	     0	77.1	147.9	 772	OK
1199	     0	78.1	146.7	 745	OK
1200	     0	74.6	144.7	 739	OK
1201	     0	77.4	148.3	 745	OK
1202	     0	77.2	146.7	 747	OK
1203	     0	78.8	151.6	 744	OK
1204	     0	76.6	145.3	 749	OK
1205	     0	79.1	149.7	 743	OK
1206	     0	76.4	147.2	 767	OK
1207	     0	76.4	146.0	 764	OK
1208	     0	75.0	141.0	 755	OK
1209	     0	76.1	143.9	 756	OK
1210	     0	76.5	145.9	 736	OK
1211	     0	77.3	148.6	 767	OK
1212	     0	77.7	147.9	 760	OK
1213	     0	75.3	145.2	 781	OK
1214	     0	77.4	147.1	 758	OK
1215	     0	80.0	149.8	 782	OK
1216	     0	78.8	151.3	 737	OK
1217	     0	76.7	146.9	 763	OK
1218	     0	76.6	146.3	 776	OK
1219	     0	75.5	143.2	 750	OK
1220	     0	77.7	145.6	 781	OK
1221	     0	75.5	143.4	 745	OK
1222	     0	75.9	145.0	 740	OK
1223	     0	76.2	145.2	 756	OK
1224	     0	75.4	142.5	 769	OK
1225	     0	76.9	144.2	 759	OK
1226	     0	77.6	146.8	 760	OK
1227	     0	74.3	142.3	 754	OK
1228	     0	75.7	146.3	 771	OK
1229	     0	76.4	145.4	 747	OK
1230	     0	76.4	144.2	 743	OK
1231	     0	76.9	145.2	 756	OK
1232	     0	75.1	143.7	 763	OK
1233	     0	77.3	147.1	 768	OK
1234	     0	75.3	142.0	 751	OK
1235	     0	77.0	143.8	 779	OK
1236	     0	77.6	148.8	 752	OK
1237	     0	77.0	144.9	 755	OK
1238	     0	76.4	144.7	 751	OK
1239	     0	76.2	146.0	 748	OK
1240	     0	76.7	146.5	 747	OK
1241	     0	75.4	144.5	 757	OK
1242	     0	75.6	142.7	 779	OK
1243	     0	75.2	141.8	 754	OK
1244	     0	75.0	144.1	 758	OK
1245	     0	78.3	149.8	 752	OK
1246	     0	74.4	140.7	 763	OK
1247	     0	74.5	144.4	 750	OK
1248	     0	74.0	141.4	 749	OK
1249	     0	75.5	144.7	 743	OK
1250	     0	75.3	144.3	 754	OK
1251	     0	74.6	142.9	 754	OK
1252	     0	74.9	142.2	 747	OK
1253	     0	75.1	144.3	 757	OK
1254	     0	76.5	142.8	 759	OK
1255	     0	76.7	142.5	 751	OK
1256	     0	74.6	142.2	 769	OK
1257	     0	75.4	144.9	 751	OK
1258	     0	76.4	144.8	 750	OK
1259	     0	75.7	143.5	 754	OK
1260	     0	73.5	139.8	 749	OK
1261	     0	74.5	142.0	 744	OK
1262	     0	73.9	143.6	 714	OK
1263	     0	75.2	143.5	 729	OK
1264	     0	73.4	140.6	 742	OK
1265	     0	73.7	141.7	 745	OK
1266	     0	77.9	145.8	 732	OK
1267	     0	77.0	147.6	 765	OK
1268	     0	76.1	146.4	 757	OK
1269	     0	78.9	148.8	 738	OK
1270	     0	74.3	142.3	 748	OK
1271	     0	77.6	147.4	 752	OK
1272	     0	75.2	142.8	 746	OK
1273	     0	75.4	144.4	 746	OK
1274	     0	75.0	140.4	 735	OK
1275	     0	74.3	142.8	 747	OK
1276	     0	80.2	153.5	 741	OK
1277	     0	77.5	146.4	 738	OK
1278	     0	78.5	149.1	 771	OK
1279	     0	76.8	147.9	 749	OK
1408	     0	74.5	142.2	 649	OK
1409	     0	73.0	139.8	 638	OK
1410	     0	74.5	143.7	 641	OK
1411	     0	74.1	144.1	 634	OK
1412	     0	73.0	140.4	 641	OK
1413	     0	71.8	137.6	 635	OK
1414	     0	71.8	138.3	 637	OK
1415	     0	72.8	142.3	 612	OK
1416	     0	71.9	138.5	 644	OK
1417	     0	70.2	135.5	 636	OK
1418	     0	70.7	137.7	 640	OK
1419	     0	71.7	136.4	 652	OK
1420	     0	73.8	142.2	 665	OK
1421	     0	71.8	140.0	 635	OK
1422	     0	69.2	136.7	 652	OK
1423	     0	71.6	139.0	 620	OK
1424	     0	72.1	140.5	 645	OK
1425	     0	71.5	140.1	 644	OK
1426	     0	71.7	138.5	 666	OK
1427	     0	70.3	136.4	 648	OK
1428	     0	72.8	139.8	 638	OK
1429	     0	71.4	136.8	 635	OK
1430	     0	73.0	141.5	 643	OK
1431	     0	70.4	137.6	 626	OK
1432	     0	69.5	134.0	 645	OK
1433	     0	70.8	138.0	 671	OK
1434	     0	71.9	139.1	 634	OK
1435	     0	70.3	137.7	 648	OK
1436	     0	72.2	140.2	 616	OK
1437	     0	69.7	134.6	 644	OK
1438	     0	71.7	139.4	 638	OK
1439	     0	72.6	141.1	 628	OK
1440	     0	72.9	139.9	 646	OK
1441	     0	72.5	140.1	 656	OK
1442	     0	73.7	141.5	 637	OK
1443	     0	71.0	137.3	 645	OK
1444	     0	70.9	137.0	 639	OK
1445	     0	70.1	137.4	 640	OK
1446	     0	71.2	137.3	 649	OK
1447	     0	72.4	140.7	 636	OK
1448	     0	72.8	142.1	 645	OK
1449	     0	70.7	137.1	 627	OK
1450	     0	71.3	138.3	 661	OK
1451	     0	70.4	137.1	 665	OK
1452	     0	71.9	138.5	 666	OK
1453	     0	71.7	138.6	 640	OK
1454	     0	72.4	140.6	 674	OK
1455	     0	71.7	138.5	 653	OK
1456	     0	70.4	136.8	 655	OK
1457	     0	72.1	138.7	 629	OK
1458	     0	70.2	135.8	 672	OK
1459	     0	71.6	136.5	 638	OK
1460	     0	71.6	139.3	 683	OK
1461	     0	72.5	139.9	 655	OK
1462	     0	70.7	138.1	 652	OK
1463	     0	69.5	135.0	 649	OK
1464	     0	72.0	139.8	 654	OK
1465	     0	69.9	136.8	 659	OK
1466	     0	72.1	137.4	 678	OK
1467	     0	74.2	144.8	 634	OK
1468	     0	72.6	140.0	 648	OK
1469	     0	70.7	139.5	 649	OK
1470	     0	73.0	141.2	 656	OK
1471	     0	74.5	144.7	 654	OK
1472	     0	71.9	139.9	 627	OK
1473	     0	73.4	143.0	 647	OK
1474	     0	71.4	140.3	 660	OK
1475	     0	72.1	138.5	 659	OK
1476	     0	70.9	137.3	 652	OK
1477	     0	69.5	136.7	 644	OK
1478	     0	72.1	137.4	 661	OK
1479	     0	70.8	138.3	 640	OK
1480	     0	71.5	138.2	 649	OK
1481	     0	71.0	137.1	 636	OK
1482	     0	69.3	135.0	 649	OK
1483	     0	70.3	137.3	 644	OK
1484	     0	70.2	136.6	 656	OK
1485	     0	70.1	135.1	 636	OK
1486	     0	71.1	137.9	 642	OK
1487	     0	70.4	137.2	 648	OK
1488	     0	72.3	139.4	 648	OK
1489	     0	69.3	133.7	 641	OK
1490	     0	68.8	135.4	 669	OK
1491	     0	69.4	136.3	 630	OK
1492	     0	69.4	135.5	 659	OK
1493	     0	69.8	135.6	 658	OK
1494	     0	70.6	137.2	 641	OK
1495	     0	67.6	133.7	 650	OK
1496	     0	70.3	136.6	 639	OK
1497	     0	69.3	133.0	 652	OK
1498	     0	70.1	136.9	 659	OK
1499	     0	68.7	133.3	 647	OK
1500	     0	69.8	135.4	 644	OK
1501	     0	70.0	136.0	 627	OK
1502	     0	69.0	136.0	 645	OK
1503	     0	68.5	134.3	 657	OK
1504	     0	69.8	135.5	 661	OK
1505	     0	70.3	138.6	 650	OK
1506	     0	69.0	133.4	 652	OK
1507	     0	70.8	137.4	 648	OK
1508	     0	68.6	133.1	 633	OK
1509	     0	69.6	136.0	 648	OK
1510	     0	69.4	135.1	 631	OK
1511	     0	70.0	135.5	 628	OK
1512	     0	67.7	133.4	 635	OK
1513	     0	72.4	139.8	 616	OK
1514	     0	70.1	137.5	 640	OK
1515	     0	70.5	136.4	 639	OK
1516	     0	70.3	137.8	 630	OK
1517	     0	70.5	136.5	 652	OK
1518	     0	69.9	138.5	 645	OK
1519	     0	70.4	137.1	 649	OK
1520	     0	70.1	136.3	 638	OK
1521	     0	70.0	136.1	 627	OK
1522	     0	69.7	136.3	 633	OK
1523	     0	71.2	138.6	 633	OK
1524	     0	68.5	132.7	 648	OK
1525	     0	70.7	137.9	 639	OK
1526	     0	69.7	136.6	 648	OK
1527	     0	71.1	137.2	 648	OK
1528	     0	69.3	134.6	 635	OK
1529	     0	68.8	134.8	 629	OK
1530	     0	70.7	136.2	 649	OK
1531	     0	69.9	136.2	 630	OK
1532	     0	68.7	134.9	 658	OK
1533	     0	71.4	138.4	 678	OK
1534	     0	72.7	143.3	 656	OK
1535	     0	74.1	142.9	 699	OK
1536	     0	75.1	144.4	 632	OK
1537	     0	72.2	141.1	 613	OK
1538	     0	73.0	139.9	 640	OK
1539	     0	74.0	143.5	 624	OK
1540	     0	72.0	140.2	 628	OK
1541	     0	72.4	139.8	 624	OK
1542	     0	73.4	142.2	 618	OK
1543	     0	72.7	140.2	 633	OK
1544	     0	71.2	138.2	 640	OK
1545	     0	73.0	140.4	 625	OK
1546	     0	69.1	133.9	 630	OK
1547	     0	69.4	134.7	 622	OK
1548	     0	71.2	139.2	 647	OK
1549	     0	71.3	137.0	 612	OK
1550	     0	71.1	139.5	 632	OK
1551	     0	72.7	140.4	 616	OK
1552	     0	69.9	133.9	 613	OK
1553	     0	70.2	138.9	 630	OK
1554	     0	71.0	138.7	 628	OK
1555	     0	71.6	140.2	 638	OK
1556	     0	72.2	139.7	 625	OK
1557	     0	71.4	138.4	 625	OK
1558	     0	70.9	136.7	 634	OK
1559	     0	73.0	141.5	 633	OK
1560	     0	72.2	140.2	 618	OK
1561	     0	70.9	137.5	 619	OK
1562	     0	69.4	135.8	 623	OK
1563	     0	72.7	142.1	 624	OK
1564	     0	73.8	141.9	 619	OK
1565	     0	71.0	139.4	 627	OK
1566	     0	71.7	141.2	 624	OK
1567	     0	71.4	138.0	 621	OK
1568	     0	70.1	135.6	 620	OK
1569	     0	70.7	137.7	 628	OK
1570	     0	69.5	136.3	 638	OK
1571	     0	70.6	138.3	 615	OK
1572	     0	68.7	134.1	 629	OK
1573	     0	72.6	140.9	 621	OK
1574	     0	71.0	139.7	 618	OK
1575	     0	71.7	138.4	 616	OK
1576	     0	70.5	136.7	 630	OK
1577	     0	69.3	135.9	 634	OK
1578	     0	69.9	136.0	 640	OK
1579	     0	71.2	138.2	 628	OK
1580	     0	72.5	139.1	 622	OK
1581	     0	69.4	137.7	 651	OK
1582	     0	71.2	138.0	 629	OK
1583	     0	68.7	134.6	 637	OK
1584	     0	71.2	137.6	 628	OK
1585	     0	70.4	137.7	 623	OK
1586	     0	70.6	137.6	 619	OK
1587	     0	69.1	135.1	 627	OK
1588	     0	69.9	135.0	 627	OK
1589	     0	71.2	138.9	 630	OK
1590	     0	71.8	141.6	 625	OK
1591	     0	70.7	137.1	 633	OK
1592	     0	71.8	140.7	 623	OK
1593	     0	72.9	141.0	 619	OK
1594	     0	73.3	143.1	 615	OK
1595	     0	72.7	142.4	 630	OK
1596	     0	73.3	143.0	 635	OK
1597	     0	73.9	143.2	 648	OK
1598	     0	76.0	147.7	 625	OK
1599	     0	73.2	143.0	 632	OK
1600	     0	73.7	141.3	 624	OK
1601	     0	74.4	144.2	 627	OK
1602	     0	72.4	141.7	 620	OK
1603	     0	70.9	140.3	 614	OK
1604	     0	75.1	146.6	 622	OK
1605	     0	74.1	144.0	 616	OK
1606	     0	72.9	139.8	 623	OK
1607	     0	72.7	141.3	 641	OK
1608	     0	73.4	143.1	 623	OK
1609	     0	72.9	142.2	 632	OK
1610	     0	72.9	141.0	 619	OK
1611	     0	72.9	139.6	 620	OK
1612	     0	72.6	140.8	 618	OK
1613	     0	74.4	143.9	 613	OK
1614	     0	73.3	141.2	 629	OK
1615	     0	72.7	142.0	 614	OK
1616	     0	72.8	141.2	 603	OK
1617	     0	72.9	139.9	 639	OK
1618	     0	74.6	142.5	 626	OK
1619	     0	71.5	139.2	 604	OK
1620	     0	71.9	140.5	 619	OK
1621	     0	73.3	142.6	 607	OK
1622	     0	73.4	141.6	 639	OK
1623	     0	72.4	140.0	 625	OK
1624	     0	71.5	140.1	 637	OK
1625	     0	70.7	138.7	 605	OK
1626	     0	72.7	142.4	 616	OK
1627	     0	70.6	137.7	 615	OK
1628	     0	71.8	139.6	 599	OK
1629	     0	74.5	144.2	 617	OK
1630	     0	72.1	139.4	 618	OK
1631	     0	73.1	143.0	 628	OK
1632	     0	72.7	143.0	 637	OK
1633	     0	70.4	136.5	 621	OK
1634	     0	72.8	140.7	 613	OK
1635	     0	72.4	141.5	 602	OK
1636	     0	73.4	143.4	 606	OK
1637	     0	72.0	140.9	 603	OK
1638	     0	72.0	139.7	 616	OK
1639	     0	73.6	141.7	 622	OK
1640	     0	72.8	141.3	 619	OK
1641	     0	72.6	140.0	 622	OK
1642	     0	72.8	141.7	 616	OK
1643	     0	74.6	143.3	 609	OK
1644	     0	72.1	140.2	 617	OK
1645	     0	72.2	140.1	 625	OK
1646	     0	74.4	143.6	 611	OK
1647	     0	72.4	141.3	 619	OK
1648	     0	75.1	146.8	 616	OK
1649	     0	73.9	141.0	 606	OK
1650	     0	74.4	143.4	 602	OK
1651	     0	72.0	140.9	 619	OK
1652	     0	75.5	144.4	 616	OK
1653	     0	74.9	144.2	 610	OK
1654	     0	72.9	141.1	 627	OK
1655	     0	76.0	146.9	 626	OK
1656	     0	73.7	144.0	 594	OK
1657	     0	74.0	145.1	 604	OK
1658	     0	74.2	142.9	 638	OK
1659	     0	75.7	147.3	 605	OK
1660	     0	75.0	144.7	 621	OK
1661	     0	76.5	147.0	 606	OK
1662	     0	78.2	148.6	 603	OK
1663	     0	73.4	142.5	 642	OK
1664	     0	71.5	138.0	 609	OK
1665	     0	72.2	139.3	 606	OK
1666	     0	73.2	139.1	 598	OK
1667	     0	74.8	143.4	 626	OK
1668	     0	74.3	143.2	 594	OK
1669	     0	71.5	138.5	 589	OK
1670	     0	71.0	138.8	 596	OK
1671	     0	71.4	137.1	 599	OK
1672	     0	71.9	140.4	 599	OK
1673	     0	74.7	142.1	 604	OK
1674	     0	71.5	138.8	 615	OK
1675	     0	73.4	141.6	 606	OK
1676	     0	70.8	135.9	 609	OK
1677	     0	74.0	143.8	 610	OK
1678	     0	72.5	140.1	 590	OK
1679	     0	72.5	141.3	 590	OK
1680	     0	72.3	139.0	 618	OK
1681	     0	69.4	135.3	 598	OK
1682	     0	73.2	142.5	 603	OK
1683	     0	73.4	140.4	 593	OK
1684	     0	71.4	137.4	 623	OK
1685	     0	74.2	141.2	 615	OK
1686	     0	73.4	141.7	 602	OK
1687	     0	71.8	139.8	 606	OK
1688	     0	72.2	139.8	 608	OK
1689	     0	73.7	141.9	 600	OK
1690	     0	74.9	142.9	 611	OK
1691	     0	73.6	142.1	 607	OK
1692	     0	74.6	143.8	 592	OK
1693	     0	71.2	136.8	 595	OK
1694	     0	73.0	138.4	 602	OK
1695	     0	73.0	139.3	 595	OK
1696	     0	71.8	138.7	 630	OK
1697	     0	72.4	140.6	 613	OK
1698	     0	71.7	138.7	 610	OK
1699	     0	72.7	140.7	 600	OK
1700	     0	74.9	144.8	 601	OK
1701	     0	74.2	143.5	 616	OK
1702	     0	73.3	142.1	 603	OK
1703	     0	73.4	141.8	 632	OK
1704	     0	71.4	139.3	 606	OK
1705	     0	73.1	140.0	 617	OK
1706	     0	72.7	140.8	 612	OK
1707	     0	71.7	138.8	 623	OK
1708	     0	74.2	142.5	 595	OK
1709	     0	72.4	140.7	 608	OK
1710	     0	72.4	139.4	 615	OK
1711	     0	75.1	144.2	 604	OK
1712	     0	72.9	141.1	 613	OK
1713	     0	71.3	137.3	 617	OK
1714	     0	73.2	141.2	 591	OK
1715	     0	71.3	138.3	 612	OK
1716	     0	72.7	140.0	 599	OK
1717	     0	73.5	140.1	 619	OK
1718	     0	72.8	139.7	 593	OK
1719	     0	73.4	140.9	 608	OK
1720	     0	72.7	142.0	 600	OK
1721	     0	72.1	138.6	 594	OK
1722	     0	73.4	142.1	 610	OK
1723	     0	72.5	140.0	 613	OK
1724	     0	72.2	141.7	 629	OK
1725	     0	74.3	142.0	 607	OK
1726	     0	74.7	144.5	 611	OK
1727	     0	75.6	145.3	 606	OK
1728	     0	73.5	141.5	 614	OK
1729	     0	72.4	139.6	 607	OK
1730	     0	71.3	137.7	 599	OK
1731	     0	73.2	141.1	 610	OK
1732	     0	71.6	137.9	 608	OK
1733	     0	71.9	139.8	 612	OK
1734	     0	74.1	142.4	 616	OK
1735	     0	72.5	139.5	 605	OK
1736	     0	74.1	142.6	 605	OK
1737	     0	73.5	143.2	 595	OK
1738	     0	72.2	140.2	 587	OK
1739	     0	72.2	139.0	 604	OK
1740	     0	72.6	140.8	 593	OK
1741	     0	74.5	143.4	 610	OK
1742	     0	73.8	142.4	 604	OK
1743	     0	72.1	138.6	 608	OK
1744	     0	72.9	140.2	 605	OK
1745	     0	73.3	140.6	 627	OK
1746	     0	73.6	142.4	 596	OK
1747	     0	73.2	140.7	 607	OK
1748	     0	73.3	142.9	 608	OK
1749	     0	72.5	139.1	 561	OK
1750	     0	72.7	140.8	 627	OK
1751	     0	74.4	145.4	 585	OK
1752	     0	73.4	142.3	 605	OK
1753	     0	72.2	137.5	 618	OK
1754	     0	72.7	140.5	 598	OK
1755	     0	72.2	139.0	 599	OK
1756	     0	73.4	142.5	 593	OK
1757	     0	74.4	142.4	 582	OK
1758	     0	71.2	138.8	 601	OK
1759	     0	74.6	144.6	 596	OK
1760	     0	74.8	145.6	 613	OK
1761	     0	71.9	138.9	 589	OK
1762	     0	73.1	140.7	 605	OK
1763	     0	73.8	141.6	 609	OK
1764	     0	73.2	142.2	 602	OK
1765	     0	75.8	147.5	 587	OK
1766	     0	72.5	140.9	 601	OK
1767	     0	74.1	144.2	 590	OK
1768	     0	73.0	141.1	 593	OK
1769	     0	75.4	145.7	 601	OK
1770	     0	74.3	141.9	 579	OK
1771	     0	74.0	143.5	 603	OK
1772	     0	73.1	139.2	 597	OK
1773	     0	73.1	142.1	 609	OK
1774	     0	74.2	144.8	 609	OK
1775	     0	75.2	144.7	 594	OK
1776	     0	74.5	143.9	 602	OK
1777	     0	73.6	141.0	 593	OK
1778	     0	74.7	145.3	 597	OK
1779	     0	72.6	140.7	 586	OK
1780	     0	72.5	138.3	 588	OK
1781	     0	76.2	148.6	 593	OK
1782	     0	77.5	148.7	 604	OK
1783	     0	71.9	137.7	 601	OK
1784	     0	75.3	146.3	 595	OK
1785	     0	76.7	149.5	 594	OK
1786	     0	74.4	143.0	 598	OK
1787	     0	75.5	145.0	 613	OK
1788	     0	73.3	141.7	 593	OK
1789	     0	76.2	146.8	 591	OK
1790	     0	72.2	140.3	 595	OK
1791	     0	75.5	144.8	 586	OK
1792	     0	76.6	147.0	 607	OK
1793	     0	74.2	143.5	 598	OK
1794	     0	77.2	149.1	 605	OK
1795	     0	75.1	144.3	 591	OK
1796	     0	73.0	139.6	 609	OK
1797	     0	75.5	142.2	 585	OK
1798	     0	74.3	143.5	 594	OK
1799	     0	73.3	142.0	 596	OK
1800	     0	73.6	141.9	 603	OK
1801	     0	73.6	141.1	 603	OK
1802	     0	75.7	146.0	 594	OK
1803	     0	76.1	145.7	 602	OK
1804	     0	74.4	143.1	 596	OK
1805	     0	75.5	143.0	 593	OK
1806	     0	74.2	143.4	 606	OK
1807	     0	76.2	145.1	 595	OK
1808	     0	74.4	143.4	 604	OK
1809	     0	76.0	146.0	 603	OK
1810	     0	74.5	144.0	 595	OK
1811	     0	72.0	138.9	 602	OK
1812	     0	74.4	143.7	 592	OK
1813	     0	72.0	138.6	 611	OK
1814	     0	74.0	141.2	 596	OK
1815	     0	72.9	140.9	 613	OK
1816	     0	72.2	139.1	 593	OK
1817	     0	73.9	141.0	 602	OK
1818	     0	73.6	141.5	 614	OK
1819	     0	72.8	140.5	 597	OK
1820	     0	74.5	145.2	 594	OK
1821	     0	73.8	141.6	 586	OK
1822	     0	72.7	140.3	 604	OK
1823	     0	74.5	143.7	 605	OK
1824	     0	75.1	143.1	 616	OK
1825	     0	73.0	140.0	 595	OK
1826	     0	72.9	139.2	 611	OK
1827	     0	73.5	140.9	 614	OK
1828	     0	75.4	143.2	 614	OK
1829	     0	71.6	138.7	 610	OK
1830	     0	74.3	140.9	 614	OK
1831	     0	73.7	143.4	 602	OK
1832	     0	74.1	143.0	 605	OK
1833	     0	73.0	139.7	 609	OK
1834	     0	74.2	142.8	 602	OK
1835	     0	73.3	142.2	 599	OK
1836	     0	73.1	141.3	 604	OK
1837	     0	71.6	139.5	 610	OK
1838	     0	74.2	143.8	 614	OK
1839	     0	74.4	144.0	 594	OK
1840	     0	74.4	142.8	 622	OK
1841	     0	73.2	141.6	 616	OK
1842	     0	73.8	142.3	 612	OK
1843	     0	73.4	141.4	 618	OK
1844	     0	76.1	145.3	 603	OK
1845	     0	73.6	141.3	 613	OK
1846	     0	74.9	145.0	 597	OK
1847	     0	72.4	138.0	 607	OK
1848	     0	72.5	141.4	 614	OK
1849	     0	73.9	140.9	 609	OK
1850	     0	73.2	144.0	 589	OK
1851	     0	74.9	144.8	 616	OK
1852	     0	74.9	145.5	 605	OK
1853	     0	74.2	141.2	 623	OK
1854	     0	75.6	143.5	 613	OK
1855	     0	75.4	146.6	 620	OK
1856	     0	73.2	141.1	 618	OK
1857	     0	74.8	144.1	 609	OK
1858	     0	72.8	140.3	 601	OK
1859	     0	73.4	141.6	 594	OK
1860	     0	74.1	144.7	 583	OK
1861	     0	74.1	143.7	 602	OK
1862	     0	73.5	139.4	 615	OK
1863	     0	73.2	140.0	 606	OK
1864	     0	74.3	143.7	 597	OK
1865	     0	71.7	138.0	 606	OK
1866	     0	72.9	140.7	 615	OK
1867	     0	72.8	141.8	 605	OK
1868	     0	72.0	138.9	 614	OK
1869	     0	73.3	139.6	 594	OK
1870	     0	72.8	141.6	 594	OK
1871	     0	71.3	139.2	 613	OK
1872	     0	72.9	139.7	 618	OK
1873	     0	72.4	139.4	 597	OK
1874	     0	72.7	139.9	 602	OK
1875	     0	73.0	141.4	 603	OK
1876	     0	72.8	141.6	 597	OK
1877	     0	74.0	142.9	 591	OK
1878	     0	73.9	144.2	 614	OK
1879	     0	70.9	139.5	 601	OK
1880	     0	74.9	144.0	 586	OK
1881	     0	73.2	141.1	 602	OK
1882	     0	70.8	139.0	 596	OK
1883	     0	71.7	140.7	 593	OK
1884	     0	70.8	135.7	 593	OK
1885	     0	71.4	139.3	 599	OK
1886	     0	75.4	145.3	 596	OK
1887	     0	71.6	139.8	 592	OK
1888	     0	71.0	137.8	 604	OK
1889	     0	71.3	137.7	 595	OK
1890	     0	73.1	142.2	 592	OK
1891	     0	72.8	141.2	 599	OK
1892	     0	72.9	141.5	 611	OK
1893	     0	71.9	139.8	 597	OK
1894	     0	72.1	139.4	 602	OK
1895	     0	73.5	143.7	 593	OK
1896	     0	72.3	142.7	 601	OK
1897	     0	72.2	139.9	 618	OK
1898	     0	73.0	140.0	 593	OK
1899	     0	74.8	142.6	 578	OK
1900	     0	72.7	142.7	 599	OK
1901	     0	71.4	138.4	 608	OK
1902	     0	71.2	137.1	 598	OK
1903	     0	71.6	139.6	 606	OK
1904	     0	72.0	140.4	 579	OK
1905	     0	72.9	139.8	 613	OK
1906	     0	74.9	144.7	 597	OK
1907	     0	72.3	140.1	 586	OK
1908	     0	74.1	144.1	 603	OK
1909	     0	70.7	139.9	 604	OK
1910	     0	72.2	139.4	 617	OK
1911	     0	72.0	139.9	 592	OK
1912	     0	72.6	142.9	 612	OK
1913	     0	73.5	141.6	 597	OK
1914	     0	71.4	137.0	 624	OK
1915	     0	72.9	142.1	 617	OK
1916	     0	72.4	138.8	 580	OK
1917	     0	72.3	140.1	 597	OK
1918	     0	75.8	146.7	 593	OK
1919	     0	72.8	140.9	 613	OK
1920	     0	74.5	143.8	 605	OK
1921	     0	73.2	139.9	 593	OK
1922	     0	70.3	138.8	 603	OK
1923	     0	73.1	141.3	 603	OK
1924	     0	72.4	140.2	 598	OK
1925	     0	72.4	140.9	 593	OK
1926	     0	72.1	140.3	 596	OK
1927	     0	73.2	142.0	 598	OK
1928	     0	71.9	139.7	 594	OK
1929	     0	70.9	139.2	 588	OK
1930	     0	70.2	136.7	 600	OK
1931	     0	70.5	135.9	 614	OK
1932	     0	72.0	139.1	 582	OK
1933	  1000	70.0	136.8	 578	unbonded
1934	     0	72.7	138.9	 600	OK
1935	     0	70.2	137.6	 601	OK
1936	     0	70.2	135.4	 596	OK
1937	     0	71.7	137.9	 590	OK
1938	  1000	69.8	136.4	 579	unbonded
1939	     0	72.2	138.2	 600	OK
1940	     0	71.6	137.9	 600	OK
1941	     0	72.9	141.7	 603	OK
1942	     0	71.6	137.9	 619	OK
1943	     0	73.6	143.2	 589	OK
1944	     0	71.2	138.3	 598	OK
1945	     0	72.9	141.1	 591	OK
1946	     0	72.2	140.5	 584	OK
1947	     0	73.0	140.9	 587	OK
1948	     0	72.0	137.9	 592	OK
1949	     0	71.2	138.6	 589	OK
1950	     0	72.2	140.8	 589	OK
1951	     0	70.1	134.8	 610	OK
1952	     0	70.7	137.7	 598	OK
1953	  1000	70.6	137.3	 573	unbonded
1954	     0	72.7	139.1	 604	OK
1955	     0	70.7	135.3	 603	OK
1956	     0	71.8	139.5	 590	OK
1957	     0	69.8	135.7	 584	OK
1958	     0	70.3	136.3	 592	OK
1959	     0	72.9	143.0	 598	OK
1960	     0	71.8	139.7	 603	OK
1961	     0	71.0	138.5	 598	OK
1962	     0	70.3	135.7	 601	OK
1963	     0	72.5	139.2	 599	OK
1964	     0	71.0	139.2	 597	OK
1965	     0	71.9	138.7	 584	OK
1966	     0	69.2	134.2	 603	OK
1967	     0	72.2	141.5	 610	OK
1968	     0	71.3	138.5	 602	OK
1969	     0	73.3	141.3	 597	OK
1970	     0	71.8	138.7	 601	OK
1971	     0	72.7	140.3	 590	OK
1972	     0	73.8	142.3	 604	OK
1973	     0	74.5	143.0	 604	OK
1974	     0	73.0	139.9	 589	OK
1975	  1000	70.0	136.7	 572	unbonded
1976	     0	72.1	141.2	 596	OK
1977	     0	71.1	139.0	 594	OK
1978	     0	70.7	136.0	 613	OK
1979	     0	70.9	138.1	 597	OK
1980	     0	72.6	141.3	 618	OK
1981	     0	71.8	138.2	 607	OK
1982	     0	71.2	136.6	 601	OK
1983	     0	73.6	143.4	 592	OK
1984	     0	71.7	139.2	 595	OK
1985	     0	69.8	135.3	 587	OK
1986	  1000	69.8	136.4	 581	unbonded
1987	     0	73.4	142.7	 590	OK
1988	     0	74.0	143.6	 595	OK
1989	  1000	70.0	137.9	 578	unbonded
1990	     0	71.1	137.5	 596	OK
1991	  1000	68.1	133.1	 574	unbonded
1992	     0	71.0	139.9	 591	OK
1993	     0	70.8	137.0	 582	OK
1994	     0	70.9	139.3	 594	OK
1995	     0	70.3	137.1	 602	OK
1996	     0	70.7	138.1	 597	OK
1997	     0	71.4	137.4	 575	OK
1998	     0	70.3	136.6	 595	OK
1999	     0	70.9	138.0	 583	OK
2000	     0	69.9	138.5	 617	OK
2001	  1000	70.0	135.1	 566	unbonded
2002	  1000	69.2	134.9	 581	unbonded
2003	     0	70.3	137.8	 599	OK
2004	     0	70.7	138.4	 594	OK
2005	     0	69.6	137.9	 589	OK
2006	     0	70.2	137.1	 582	OK
2007	     0	72.1	140.3	 576	OK
2008	     0	70.8	137.7	 599	OK
2009	     0	69.5	137.6	 594	OK
2010	     0	71.8	141.8	 594	OK
2011	     0	71.4	137.9	 598	OK
2012	     0	70.5	138.9	 581	OK
2013	     0	72.7	142.4	 587	OK
2014	     0	70.6	138.4	 578	OK
2015	     0	71.2	138.2	 601	OK
2016	     0	71.2	137.7	 607	OK
2017	     0	73.0	143.6	 587	OK
2018	     0	70.6	136.1	 585	OK
2019	     0	70.1	139.6	 581	OK
2020	     0	72.0	141.3	 589	OK
2021	     0	71.5	138.8	 572	OK
2022	     0	71.4	139.3	 585	OK
2023	     0	72.6	139.9	 591	OK
2024	     0	71.5	138.8	 591	OK
2025	     0	70.4	138.5	 578	OK
2026	  1000	69.6	137.4	 569	unbonded
2027	     0	72.4	141.4	 585	OK
2028	     0	73.4	141.7	 576	OK
2029	     0	70.4	139.1	 584	OK
2030	     0	71.4	140.3	 585	OK
2031	     0	72.9	142.1	 596	OK
2032	     0	71.2	137.9	 584	OK
2033	     0	72.5	141.5	 572	OK
2034	  1000	69.9	138.8	 572	unbonded
2035	     0	71.7	140.4	 575	OK
2036	     0	73.0	144.0	 604	OK
2037	     0	71.7	139.8	 583	OK
2038	     0	70.7	139.0	 588	OK
2039	     0	70.8	140.7	 590	OK
2040	     0	70.8	139.0	 577	OK
2041	     0	74.5	146.1	 573	OK
2042	     0	70.9	139.7	 595	OK
2043	     0	73.5	146.1	 573	OK
2044	     0	73.6	143.5	 585	OK
2045	     0	69.3	135.8	 592	OK
2046	  1000	70.0	138.1	 579	unbonded
2047	     0	72.3	140.9	 574	OK
2048	     0	73.8	143.7	 634	OK
2049	     0	70.8	138.9	 595	OK
2050	     0	68.4	134.5	 615	OK
2051	     0	71.5	137.4	 588	OK
2052	     0	71.9	137.0	 604	OK
2053	     0	73.1	140.4	 607	OK
2054	     0	72.8	138.6	 615	OK
2055	     0	72.6	140.9	 611	OK
2056	     0	73.2	141.8	 607	OK
2057	     0	68.6	132.9	 602	OK
2058	     0	72.1	138.7	 602	OK
2059	     0	72.5	140.8	 597	OK
2060	     0	72.4	138.6	 616	OK
2061	     0	72.2	139.4	 603	OK
2062	     0	72.6	139.8	 582	OK
2063	     0	72.6	140.4	 605	OK
2064	     0	71.2	139.5	 601	OK
2065	     0	69.8	134.5	 615	OK
2066	     0	71.2	136.7	 620	OK
2067	     0	70.9	135.4	 626	OK
2068	     0	71.9	139.4	 599	OK
2069	     0	71.0	139.6	 589	OK
2070	     0	70.6	135.9	 606	OK
2071	     0	70.4	137.1	 604	OK
2072	     0	70.6	136.2	 598	OK
2073	     0	71.0	138.6	 604	OK
2074	     0	74.1	144.3	 601	OK
2075	     0	73.4	142.5	 593	OK
2076	     0	71.3	139.0	 604	OK
2077	     0	70.8	137.6	 608	OK
2078	     0	75.0	143.5	 601	OK
2079	     0	73.5	142.5	 598	OK
2080	     0	72.2	140.9	 601	OK
2081	     0	72.5	140.4	 606	OK
2082	     0	72.1	139.0	 605	OK
2083	     0	71.0	137.5	 625	OK
2084	     0	70.0	135.8	 612	OK
2085	     0	72.0	139.2	 604	OK
2086	     0	69.1	132.9	 608	OK
2087	     0	71.9	138.0	 612	OK
2088	     0	71.2	137.3	 604	OK
2089	     0	72.5	138.8	 590	OK
2090	     0	72.5	138.1	 619	OK
2091	     0	71.5	138.9	 604	OK
2092	     0	72.7	141.0	 604	OK
2093	     0	70.8	136.7	 622	OK
2094	     0	71.4	136.5	 617	OK
2095	     0	73.7	141.1	 612	OK
2096	     0	71.7	136.6	 610	OK
2097	     0	69.8	134.5	 609	OK
2098	     0	72.4	139.6	 594	OK
2099	     0	73.4	141.5	 615	OK
2100	     0	75.1	145.5	 629	OK
2101	 50000	-3.3	43.0	   0	very low gain
2102	     0	74.0	140.7	 635	OK
2103	     0	74.3	143.6	 603	OK
2104	     0	71.1	137.7	 607	OK
2105	     0	69.6	134.9	 607	OK
2106	     0	71.1	138.0	 608	OK
2107	     0	70.8	137.4	 598	OK
2108	     0	71.2	139.8	 618	OK
2109	     0	72.1	139.7	 595	OK
2110	     0	72.2	140.4	 600	OK
2111	     0	71.7	139.0	 591	OK
2112	     0	70.7	137.6	 597	OK
2113	     0	73.0	143.1	 599	OK
2114	     0	71.1	137.9	 600	OK
2115	     0	72.1	138.5	 609	OK
2116	     0	68.9	134.7	 615	OK
2117	     0	69.5	136.4	 593	OK
2118	     0	71.4	140.5	 613	OK
2119	     0	68.2	133.2	 615	OK
2120	     0	69.8	136.5	 587	OK
2121	     0	69.0	134.9	 616	OK
2122	     0	67.8	135.2	 605	OK
2123	     0	69.9	137.3	 595	OK
2124	     0	71.9	139.7	 585	OK
2125	     0	69.7	134.9	 594	OK
2126	     0	70.8	138.7	 606	OK
2127	     0	69.2	136.9	 623	OK
2128	     0	70.6	138.1	 601	OK
2129	     0	70.9	139.4	 606	OK
2130	     0	71.2	139.8	 592	OK
2131	     0	70.8	135.5	 590	OK
2132	     0	70.6	136.0	 607	OK
2133	     0	69.4	136.9	 603	OK
2134	     0	72.7	140.3	 592	OK
2135	     0	71.7	139.2	 623	OK
2136	     0	71.9	140.3	 608	OK
2137	     0	70.7	137.9	 601	OK
2138	     0	71.3	138.1	 593	OK
2139	     0	69.4	136.2	 591	OK
2140	     0	70.3	139.3	 606	OK
2141	     0	71.1	138.5	 586	OK
2142	     0	71.4	138.5	 604	OK
2143	     0	71.5	138.1	 586	OK
2144	     0	70.7	138.6	 599	OK
2145	     0	70.1	137.3	 590	OK
2146	     0	73.0	141.4	 595	OK
2147	  1000	68.9	136.4	 584	unbonded
2148	     0	70.9	138.6	 604	OK
2149	     0	70.4	139.1	 601	OK
2150	     0	70.3	138.3	 588	OK
2151	     0	72.0	141.9	 586	OK
2152	     0	72.2	140.5	 596	OK
2153	     0	72.2	140.5	 595	OK
2154	     0	70.6	138.6	 613	OK
2155	     0	70.1	136.9	 580	OK
2156	     0	70.5	139.1	 602	OK
2157	     0	70.7	138.0	 586	OK
2158	  1000	69.3	136.6	 585	unbonded
2159	  1000	68.4	135.6	 590	unbonded
2160	     0	72.0	142.4	 599	OK
2161	     0	70.1	139.1	 596	OK
2162	     0	70.6	139.4	 601	OK
2163	     0	71.7	140.9	 594	OK
2164	  1000	69.2	136.8	 586	unbonded
2165	     0	71.0	138.7	 573	OK
2166	     0	71.7	139.4	 609	OK
2167	     0	71.9	141.6	 597	OK
2168	     0	70.9	139.4	 593	OK
2169	     0	71.9	139.7	 596	OK
2170	     0	71.8	141.4	 585	OK
2171	     0	70.3	138.4	 615	OK
2172	     0	71.0	140.8	 573	OK
2173	     0	70.5	139.3	 609	OK
2174	     0	70.1	137.6	 599	OK
2175	     0	71.1	139.8	 586	OK
2176	     0	77.6	148.1	 583	OK
2177	     0	78.5	152.1	 591	OK
2178	     0	77.2	149.3	 585	OK
2179	     0	75.9	145.3	 590	OK
2180	     0	74.9	144.5	 584	OK
2181	     0	76.2	146.6	 573	OK
2182	     0	78.3	151.8	 578	OK
2183	     0	77.5	149.4	 575	OK
2184	     0	76.5	146.6	 588	OK
2185	     0	74.7	143.8	 564	OK
2186	     0	75.9	147.6	 571	OK
2187	     0	77.4	147.1	 570	OK
2188	     0	73.7	142.5	 591	OK
2189	     0	76.6	146.8	 570	OK
2190	     0	77.5	148.8	 588	OK
2191	     0	78.5	151.6	 561	OK
2192	     0	75.1	144.4	 577	OK
2193	     0	75.5	145.7	 579	OK
2194	     0	76.6	146.8	 581	OK
2195	     0	75.1	144.1	 581	OK
2196	     0	77.0	149.5	 580	OK
2197	     0	74.9	145.4	 594	OK
2198	     0	75.0	145.4	 598	OK
2199	     0	74.5	142.1	 571	OK
2200	     0	75.9	146.0	 600	OK
2201	     0	74.8	143.7	 587	OK
2202	     0	75.4	147.2	 583	OK
2203	     0	77.0	149.7	 588	OK
2204	     0	77.2	148.6	 574	OK
2205	     0	76.1	147.0	 582	OK
2206	     0	75.6	147.3	 585	OK
2207	     0	78.3	149.7	 579	OK
2208	     0	77.0	148.2	 577	OK
2209	     0	76.9	147.9	 591	OK
2210	     0	77.2	147.2	 579	OK
2211	     0	78.6	150.5	 596	OK
2212	     0	77.6	148.8	 592	OK
2213	     0	76.8	147.1	 581	OK
2214	     0	78.9	151.8	 599	OK
2215	     0	78.4	147.8	 580	OK
2216	     0	75.4	145.8	 592	OK
2217	     0	77.2	149.2	 580	OK
2218	     0	77.2	148.3	 590	OK
2219	     0	77.1	146.8	 580	OK
2220	     0	76.5	149.8	 585	OK
2221	     0	77.5	149.5	 589	OK
2222	     0	75.9	145.2	 570	OK
2223	     0	74.5	144.5	 571	OK
2224	     0	76.5	149.7	 583	OK
2225	     0	77.2	149.2	 581	OK
2226	     0	75.7	146.4	 590	OK
2227	     0	80.3	154.0	 591	OK
2228	     0	75.9	148.2	 591	OK
2229	     0	78.6	150.5	 584	OK
2230	     0	78.7	151.5	 592	OK
2231	     0	76.0	145.2	 580	OK
2232	     0	77.4	147.5	 584	OK
2233	     0	76.9	148.0	 585	OK
2234	     0	77.3	147.1	 581	OK
2235	     0	78.1	148.7	 588	OK
2236	     0	76.1	145.4	 594	OK
2237	     0	76.1	147.2	 595	OK
2238	     0	74.6	142.8	 588	OK
2239	     0	77.2	148.9	 575	OK
2240	     0	75.2	144.3	 580	OK
2241	     0	75.8	145.4	 577	OK
2242	     0	74.6	144.7	 584	OK
2243	     0	76.3	147.1	 585	OK
2244	     0	75.3	145.8	 581	OK
2245	     0	74.2	142.6	 565	OK
2246	     0	75.8	147.1	 590	OK
2247	     0	75.2	144.5	 595	OK
2248	     0	73.9	142.8	 585	OK
2249	     0	76.3	148.1	 606	OK
2250	     0	76.0	147.9	 571	OK
2251	     0	76.8	148.2	 578	OK
2252	     0	75.4	146.4	 608	OK
2253	     0	74.2	143.5	 578	OK
2254	     0	74.7	144.2	 590	OK
2255	     0	74.6	145.1	 579	OK
2256	     0	72.8	142.6	 595	OK
2257	     0	73.8	143.5	 587	OK
2258	     0	76.5	147.3	 583	OK
2259	     0	74.4	143.2	 582	OK
2260	     0	71.9	139.6	 575	OK
2261	     0	75.1	145.9	 571	OK
2262	     0	74.9	144.3	 564	OK
2263	     0	74.9	147.2	 592	OK
2264	     0	74.6	145.2	 579	OK
2265	     0	74.5	143.7	 580	OK
2266	     0	75.5	144.4	 589	OK
2267	     0	74.8	145.9	 574	OK
2268	     0	74.0	142.1	 566	OK
2269	     0	75.2	144.0	 586	OK
2270	     0	77.7	149.8	 582	OK
2271	     0	76.3	147.2	 596	OK
2272	     0	73.8	142.9	 588	OK
2273	     0	72.7	140.3	 574	OK
2274	     0	74.3	143.4	 589	OK
2275	     0	73.9	144.6	 583	OK
2276	     0	76.6	149.0	 566	OK
2277	     0	75.9	145.8	 570	OK
2278	     0	76.2	147.1	 569	OK
2279	     0	74.9	146.1	 591	OK
2280	     0	76.2	147.7	 583	OK
2281	     0	76.5	148.2	 572	OK
2282	     0	72.7	141.4	 569	OK
2283	     0	76.6	148.1	 574	OK
2284	     0	74.2	143.4	 583	OK
2285	     0	73.2	143.0	 586	OK
2286	     0	74.9	145.7	 577	OK
2287	     0	74.5	145.1	 555	OK
2288	     0	74.7	145.3	 573	OK
2289	     0	75.4	146.2	 575	OK
2290	     0	76.2	148.2	 556	OK
2291	     0	74.3	143.4	 574	OK
2292	     0	74.5	143.5	 579	OK
2293	     0	77.4	148.8	 575	OK
2294	     0	76.0	145.6	 564	OK
2295	     0	75.3	145.7	 581	OK
2296	     0	76.2	147.2	 578	OK
2297	     0	75.9	147.2	 577	OK
2298	     0	73.9	143.9	 567	OK
2299	     0	74.1	144.4	 589	OK
2300	     0	74.2	141.9	 564	OK
2301	     0	75.5	147.1	 591	OK
2302	     0	75.6	146.5	 580	OK
2303	     0	76.3	148.0	 576	OK
2304	     0	77.9	148.7	 574	OK
2305	     0	76.8	145.2	 578	OK
2306	     0	78.8	148.7	 574	OK
2307	     0	78.7	147.5	 582	OK
2308	     0	78.8	151.5	 583	OK
2309	     0	78.4	149.4	 582	OK
2310	     0	78.3	150.4	 580	OK
2311	     0	76.5	145.6	 598	OK
2312	     0	79.5	151.4	 568	OK
2313	     0	78.0	146.3	 550	OK
2314	     0	74.9	143.8	 582	OK
2315	     0	76.8	146.1	 579	OK
2316	     0	74.0	143.2	 584	OK
2317	     0	78.3	147.7	 576	OK
2318	     0	76.0	145.2	 583	OK
2319	     0	76.0	143.4	 570	OK
2320	     0	75.3	143.7	 582	OK
2321	     0	76.2	145.3	 592	OK
2322	     0	76.7	145.7	 580	OK
2323	     0	77.2	146.0	 582	OK
2324	     0	75.5	144.7	 585	OK
2325	     0	77.3	144.7	 573	OK
2326	     0	76.4	144.9	 586	OK
2327	     0	75.3	142.4	 581	OK
2328	     0	77.4	147.1	 594	OK
2329	     0	77.2	145.6	 573	OK
2330	     0	75.9	145.4	 589	OK
2331	     0	76.9	146.4	 583	OK
2332	     0	75.6	144.5	 577	OK
2333	     0	76.4	147.5	 580	OK
2334	     0	76.5	146.0	 580	OK
2335	     0	76.0	143.7	 575	OK
2336	     0	77.2	148.1	 601	OK
2337	     0	78.3	150.4	 583	OK
2338	     0	75.7	144.3	 588	OK
2339	     0	78.4	148.6	 570	OK
2340	     0	74.7	141.8	 600	OK
2341	     0	78.3	148.5	 583	OK
2342	     0	76.7	146.2	 583	OK
2343	     0	76.5	144.4	 589	OK
2344	     0	76.1	146.0	 569	OK
2345	     0	78.3	149.5	 590	OK
2346	     0	80.1	152.4	 582	OK
2347	     0	76.9	145.2	 593	OK
2348	     0	76.8	146.5	 581	OK
2349	     0	78.6	147.9	 572	OK
2350	     0	77.1	148.9	 583	OK
2351	     0	77.3	145.9	 582	OK
2352	     0	77.4	147.5	 596	OK
2353	     0	76.9	146.0	 585	OK
2354	     0	78.8	149.8	 584	OK
2355	     0	76.9	148.3	 585	OK
2356	     0	75.8	144.0	 581	OK
2357	     0	78.1	147.6	 585	OK
2358	     0	77.2	147.4	 595	OK
2359	     0	76.2	143.8	 578	OK
2360	     0	77.7	148.7	 574	OK
2361	     0	78.0	146.8	 591	OK
2362	     0	75.9	145.5	 611	OK
2363	     0	76.2	144.6	 590	OK
2364	     0	76.5	147.6	 598	OK
2365	     0	76.4	147.1	 583	OK
2366	     0	76.8	148.0	 609	OK
2367	     0	78.6	150.0	 591	OK
2368	     0	76.8	147.6	 586	OK
2369	     0	78.5	150.6	 575	OK
2370	     0	76.1	144.9	 586	OK
2371	     0	78.2	149.6	 582	OK
2372	     0	77.7	149.3	 583	OK
2373	     0	77.7	148.7	 583	OK
2374	     0	77.2	147.0	 591	OK
2375	     0	77.7	148.3	 578	OK
2376	     0	76.7	145.4	 584	OK
2377	     0	76.2	144.7	 583	OK
2378	     0	77.5	146.9	 589	OK
2379	     0	78.7	149.0	 583	OK
2380	     0	77.0	147.1	 581	OK
2381	     0	75.6	144.8	 575	OK
2382	     0	74.5	143.4	 586	OK
2383	     0	77.5	146.3	 587	OK
2384	     0	76.1	146.6	 576	OK
2385	     0	76.1	144.0	 584	OK
2386	     0	77.4	147.9	 566	OK
2387	     0	77.3	146.5	 588	OK
2388	     0	75.6	144.7	 564	OK
2389	     0	77.6	148.1	 582	OK
2390	     0	77.6	149.0	 579	OK
2391	     0	76.8	148.3	 583	OK
2392	     0	76.5	146.2	 582	OK
2393	     0	77.9	146.6	 561	OK
2394	     0	78.2	149.0	 577	OK
2395	     0	77.0	147.1	 584	OK
2396	     0	77.9	148.0	 581	OK
2397	     0	76.0	144.4	 575	OK
2398	     0	78.8	150.0	 580	OK
2399	     0	74.7	142.7	 584	OK
2400	     0	77.7	149.7	 563	OK
2401	     0	78.7	149.4	 569	OK
2402	     0	80.0	152.5	 560	OK
2403	     0	79.8	153.1	 583	OK
2404	     0	77.5	149.2	 571	OK
2405	     0	79.0	150.9	 576	OK
2406	     0	78.6	149.3	 564	OK
2407	     0	79.6	151.5	 571	OK
2408	     0	79.7	150.0	 587	OK
2409	     0	78.1	148.4	 569	OK
2410	     0	78.7	149.0	 562	OK
2411	     0	76.8	146.8	 559	OK
2412	     0	76.2	144.9	 572	OK
2413	     0	75.7	144.2	 565	OK
2414	     0	77.3	148.1	 580	OK
2415	     0	79.2	150.2	 565	OK
2416	     0	76.9	147.0	 566	OK
2417	     0	75.5	146.0	 575	OK
2418	     0	78.3	149.1	 575	OK
2419	     0	77.9	146.5	 558	OK
2420	     0	78.2	150.3	 566	OK
2421	     0	77.7	146.6	 583	OK
2422	     0	75.9	145.8	 561	OK
2423	     0	78.7	149.5	 571	OK
2424	     0	76.8	145.5	 578	OK
2425	     0	76.8	147.9	 582	OK
2426	     0	79.8	152.9	 578	OK
2427	     0	80.1	152.1	 578	OK
2428	     0	78.3	149.8	 571	OK
2429	     0	79.5	152.3	 571	OK
2430	     0	79.2	149.8	 590	OK
2431	     0	78.1	148.9	 571	OK
2432	     0	76.1	147.5	 587	OK
2433	     0	77.5	150.5	 578	OK
2434	     0	76.5	147.8	 572	OK
2435	     0	74.8	143.9	 575	OK
2436	     0	75.9	145.5	 569	OK
2437	     0	75.3	145.6	 578	OK
2438	     0	76.7	148.3	 595	OK
2439	     0	75.1	143.4	 576	OK
2440	     0	74.5	145.1	 560	OK
2441	     0	74.7	144.4	 567	OK
2442	     0	77.0	144.7	 593	OK
2443	     0	74.9	143.2	 592	OK
2444	     0	73.4	139.8	 571	OK
2445	     0	73.8	143.0	 587	OK
2446	     0	73.7	142.8	 582	OK
2447	     0	72.8	138.5	 597	OK
2448	     0	74.5	141.8	 573	OK
2449	     0	74.9	143.9	 578	OK
2450	     0	72.9	140.4	 575	OK
2451	     0	75.7	145.4	 582	OK
2452	     0	73.6	141.7	 581	OK
2453	     0	73.1	141.3	 566	OK
2454	     0	75.1	141.3	 568	OK
2455	     0	74.6	141.9	 577	OK
2456	     0	75.1	143.3	 573	OK
2457	     0	72.4	139.6	 571	OK
2458	     0	75.1	143.9	 587	OK
2459	     0	75.7	146.1	 575	OK
2460	     0	73.6	142.6	 583	OK
2461	     0	73.8	142.4	 573	OK
2462	     0	73.9	141.5	 590	OK
2463	     0	75.6	143.9	 558	OK
2464	     0	75.0	144.0	 576	OK
2465	     0	74.8	144.1	 587	OK
2466	     0	76.7	146.4	 598	OK
2467	     0	74.5	144.2	 564	OK
2468	     0	77.5	147.4	 587	OK
2469	     0	74.2	142.4	 565	OK
2470	     0	74.9	143.4	 574	OK
2471	     0	75.0	142.7	 576	OK
2472	     0	74.4	141.3	 606	OK
2473	     0	75.3	144.7	 576	OK
2474	     0	74.1	142.9	 587	OK
2475	     0	73.9	141.6	 573	OK
2476	     0	73.6	141.1	 584	OK
2477	     0	76.4	147.0	 604	OK
2478	     0	76.9	146.9	 566	OK
2479	     0	74.3	144.9	 586	OK
2480	     0	76.0	143.8	 578	OK
2481	     0	76.7	147.9	 581	OK
2482	     0	76.6	146.1	 581	OK
2483	     0	76.0	147.0	 595	OK
2484	     0	77.3	145.9	 569	OK
2485	     0	75.6	144.5	 587	OK
2486	     0	76.7	149.4	 586	OK
2487	     0	75.6	144.8	 570	OK
2488	     0	77.8	149.5	 597	OK
2489	     0	76.1	143.8	 581	OK
2490	     0	73.8	140.7	 585	OK
2491	     0	73.4	141.5	 593	OK
2492	     0	77.0	146.8	 586	OK
2493	     0	75.4	144.9	 574	OK
2494	     0	76.9	145.9	 583	OK
2495	     0	76.6	145.8	 579	OK
2496	     0	76.1	146.3	 567	OK
2497	     0	76.1	146.4	 586	OK
2498	     0	75.2	143.8	 587	OK
2499	     0	73.1	141.2	 595	OK
2500	     0	77.1	146.4	 581	OK
2501	     0	75.3	143.8	 595	OK
2502	     0	76.3	146.9	 593	OK
2503	     0	75.8	145.0	 587	OK
2504	     0	75.6	144.9	 593	OK
2505	     0	76.2	147.0	 596	OK
2506	     0	75.9	145.9	 575	OK
2507	     0	73.4	140.5	 580	OK
2508	     0	75.9	146.5	 578	OK
2509	     0	74.9	145.0	 586	OK
2510	     0	77.2	149.4	 576	OK
2511	     0	76.2	145.6	 595	OK
2512	     0	75.9	145.0	 597	OK
2513	     0	75.1	143.3	 577	OK
2514	     0	74.9	144.4	 588	OK
2515	     0	76.6	147.3	 578	OK
2516	     0	74.0	143.4	 588	OK
2517	     0	75.7	143.6	 582	OK
2518	     0	74.4	144.9	 575	OK
2519	     0	76.0	145.4	 590	OK
2520	     0	74.3	144.1	 581	OK
2521	     0	74.4	144.0	 596	OK
2522	     0	74.5	144.1	 584	OK
2523	     0	74.5	143.5	 588	OK
2524	     0	74.1	144.6	 571	OK
2525	     0	74.5	144.4	 578	OK
2526	     0	74.9	144.8	 574	OK
2527	     0	74.4	142.0	 568	OK
2528	     0	74.2	142.3	 590	OK
2529	     0	73.6	143.2	 576	OK
2530	     0	77.3	149.1	 580	OK
2531	     0	76.7	147.4	 581	OK
2532	     0	75.0	143.7	 573	OK
2533	     0	74.1	141.7	 571	OK
2534	     0	75.6	146.0	 575	OK
2535	     0	73.7	140.4	 580	OK
2536	     0	75.1	144.9	 581	OK
2537	     0	74.9	144.6	 568	OK
2538	     0	75.2	143.4	 572	OK
2539	     0	75.8	147.0	 595	OK
2540	     0	74.9	143.3	 571	OK
2541	     0	76.5	145.8	 579	OK
2542	     0	73.7	140.8	 581	OK
2543	     0	76.7	148.2	 587	OK
2544	     0	73.4	142.1	 593	OK
2545	     0	75.4	145.2	 589	OK
2546	     0	77.0	148.1	 578	OK
2547	     0	75.6	146.9	 572	OK
2548	     0	73.7	142.5	 586	OK
2549	     0	75.2	144.2	 582	OK
2550	     0	75.1	145.1	 575	OK
2551	     0	74.3	142.8	 574	OK
2552	     0	75.2	145.3	 567	OK
2553	     0	74.6	143.4	 568	OK
2554	     0	74.9	142.8	 581	OK
2555	     0	75.9	145.5	 580	OK
2556	     0	76.3	145.2	 585	OK
2557	     0	76.8	150.1	 576	OK
2558	     0	76.0	146.5	 579	OK
2559	     0	76.6	146.1	 579	OK
2560	     0	78.5	148.8	 634	OK
2561	     0	79.4	152.8	 599	OK
2562	     0	77.4	147.7	 579	OK
2563	     0	77.3	148.7	 593	OK
2564	     0	79.3	149.4	 595	OK
2565	     0	78.8	148.8	 599	OK
2566	     0	77.8	148.5	 585	OK
2567	     0	77.5	149.1	 585	OK
2568	     0	77.3	148.1	 611	OK
2569	     0	77.2	145.9	 594	OK
2570	     0	78.3	147.8	 594	OK
2571	     0	79.0	150.4	 593	OK
2572	     0	78.8	150.6	 595	OK
2573	     0	77.8	149.3	 572	OK
2574	     0	78.9	150.2	 598	OK
2575	     0	79.3	152.4	 582	OK
2576	     0	79.2	153.3	 576	OK
2577	     0	74.9	143.4	 594	OK
2578	     0	77.7	149.0	 583	OK
2579	     0	75.1	142.2	 580	OK
2580	     0	78.2	147.9	 587	OK
2581	     0	76.0	144.5	 589	OK
2582	     0	75.7	145.8	 591	OK
2583	     0	74.9	143.1	 576	OK
2584	     0	75.5	146.1	 613	OK
2585	     0	77.6	148.8	 584	OK
2586	     0	78.2	150.1	 599	OK
2587	     0	77.1	147.8	 594	OK
2588	     0	77.0	146.5	 597	OK
2589	     0	79.4	150.9	 576	OK
2590	     0	77.9	149.6	 590	OK
2591	     0	76.3	146.5	 601	OK
2592	     0	75.7	146.0	 584	OK
2593	     0	78.3	150.2	 604	OK
2594	     0	76.2	145.5	 597	OK
2595	     0	79.0	152.4	 579	OK
2596	     0	76.6	147.5	 587	OK
2597	     0	78.4	148.1	 576	OK
2598	     0	77.0	149.2	 605	OK
2599	     0	78.1	148.7	 593	OK
2600	     0	78.3	146.9	 614	OK
2601	     0	78.0	148.7	 596	OK
2602	     0	77.9	148.3	 603	OK
2603	     0	75.6	146.3	 587	OK
2604	     0	78.0	148.0	 595	OK
2605	     0	78.3	150.9	 588	OK
2606	     0	76.6	148.7	 600	OK
2607	     0	77.2	146.4	 598	OK
2608	     0	77.2	148.1	 589	OK
2609	     0	78.8	148.9	 613	OK
2610	     0	78.5	149.2	 623	OK
2611	     0	77.7	147.4	 580	OK
2612	     0	80.9	154.4	 580	OK
2613	     0	75.0	144.5	 603	OK
2614	     0	76.5	147.7	 592	OK
2615	     0	78.3	150.4	 600	OK
2616	     0	76.5	146.8	 601	OK
2617	     0	77.5	148.5	 601	OK
2618	     0	76.9	148.3	 591	OK
2619	     0	78.1	148.4	 602	OK
2620	     0	77.4	148.2	 600	OK
2621	     0	76.1	145.7	 608	OK
2622	     0	77.1	147.5	 624	OK
2623	     0	76.2	145.9	 589	OK
2624	     0	76.8	147.4	 586	OK
2625	     0	76.3	148.4	 580	OK
2626	     0	77.2	148.3	 595	OK
2627	     0	76.0	144.3	 599	OK
2628	     0	77.7	147.7	 595	OK
2629	     0	77.1	147.4	 585	OK
2630	     0	76.9	147.9	 602	OK
2631	     0	76.3	147.9	 595	OK
2632	     0	76.8	147.1	 611	OK
2633	     0	76.2	146.6	 593	OK
2634	     0	76.3	147.3	 605	OK
2635	     0	75.9	144.1	 601	OK
2636	     0	74.7	144.1	 594	OK
2637	     0	76.3	146.7	 588	OK
2638	     0	75.9	145.5	 605	OK
2639	     0	75.5	145.0	 594	OK
2640	     0	76.0	146.9	 582	OK
2641	     0	77.6	147.1	 607	OK
2642	     0	75.8	146.3	 584	OK
2643	     0	75.0	142.8	 602	OK
2644	     0	76.0	146.0	 585	OK
2645	     0	76.0	146.3	 594	OK
2646	     0	74.6	142.8	 588	OK
2647	     0	76.1	146.0	 588	OK
2648	     0	74.6	143.3	 578	OK
2649	     0	76.8	147.4	 580	OK
2650	     0	74.3	142.2	 602	OK
2651	     0	75.9	147.3	 610	OK
2652	     0	75.8	145.4	 588	OK
2653	     0	75.8	146.9	 587	OK
2654	     0	75.5	143.8	 587	OK
2655	     0	74.9	143.4	 596	OK
2656	     0	76.7	146.0	 610	OK
2657	     0	75.9	146.9	 597	OK
2658	     0	75.6	145.8	 606	OK
2659	     0	76.8	148.8	 603	OK
2660	     0	76.6	147.9	 596	OK
2661	     0	77.3	148.4	 592	OK
2662	     0	76.9	145.7	 596	OK
2663	     0	75.6	144.9	 575	OK
2664	     0	76.0	145.3	 587	OK
2665	     0	76.3	147.4	 587	OK
2666	     0	75.7	144.7	 586	OK
2667	     0	76.5	147.1	 589	OK
2668	     0	75.1	147.3	 592	OK
2669	     0	77.3	148.2	 598	OK
2670	     0	78.2	149.5	 610	OK
2671	     0	76.0	146.2	 581	OK
2672	     0	77.7	149.9	 599	OK
2673	     0	76.9	147.1	 599	OK
2674	     0	76.1	145.9	 581	OK
2675	     0	77.2	146.0	 590	OK
2676	     0	77.1	149.4	 599	OK
2677	     0	76.8	146.2	 597	OK
2678	     0	75.3	143.4	 575	OK
2679	     0	77.5	148.7	 585	OK
2680	     0	75.9	146.2	 591	OK
2681	     0	74.7	145.1	 599	OK
2682	     0	77.1	149.2	 568	OK
2683	     0	76.9	145.4	 587	OK
2684	     0	76.2	145.8	 593	OK
2685	     0	76.9	148.1	 585	OK
2686	     0	79.3	152.3	 593	OK
2687	     0	79.0	151.7	 587	OK
